9.8482381416919676e-08 3.1088278995368854e-08 6.0582864377571139e-09 7.8076491428717770e-10 7.0771251198073913e-11 4.1868693924878587e-12 1.3866985036962583e-13 1.9385609028833201e-15 6.2313076529771104e-18 7.2489183771080597e-22 
3.1088278995368854e-08 1.0253148515851612e-07 4.2712114167561344e-08 1.2843687397028925e-08 2.4064270807898609e-09 2.8341237077290936e-10 1.8925480613976242e-11 5.5708772143285207e-13 4.0648644095251021e-15 1.2543377365266157e-18 
6.0582864377571139e-09 4.2712114167561344e-08 9.0583150729498046e-08 4.0424490084229177e-08 1.4618474969377477e-08 3.1146772930367674e-09 3.6832318480892350e-10 1.9646159121302606e-11 2.7974896291314905e-13 2.0115337097379153e-16 
7.8076491428717770e-10 1.2843687397028925e-08 4.0424490084229177e-08 8.0672463581760527e-08 3.5649527225366631e-08 1.3616726193785727e-08 2.8101317903383446e-09 2.6242126425574653e-10 6.9109830312614663e-12 1.0969008215765462e-14 
7.0771251198073913e-11 2.4064270807898609e-09 1.4618474969377477e-08 3.5649527225366631e-08 7.2598927962421546e-08 3.0450350826740642e-08 1.1161829312042735e-08 1.8601184190980925e-09 9.1272292154401588e-11 3.1838407232715960e-13 
4.1868693924878587e-12 2.8341237077290936e-10 3.1146772930367674e-09 1.3616726193785727e-08 3.0450350826740642e-08 6.5892010480922545e-08 2.5190812310708606e-08 7.8302372201735711e-09 7.5382733369142694e-10 6.0771203907234838e-12 
1.3866985036962583e-13 1.8925480613976242e-11 3.6832318480892350e-10 2.8101317903383446e-09 1.1161829312042735e-08 2.5190812310708606e-08 5.9999574626022713e-08 1.9622810575171984e-08 4.0429448140009500e-09 8.4185373627433109e-11 
1.9385609028833201e-15 5.5708772143285207e-13 1.9646159121302606e-11 2.6242126425574653e-10 1.8601184190980925e-09 7.8302372201735711e-09 1.9622810575171984e-08 5.4430660561656116e-08 1.3243164203090750e-08 8.6149595418345170e-10 
6.2313076529771104e-18 4.0648644095251021e-15 2.7974896291314905e-13 6.9109830312614663e-12 9.1272292154401588e-11 7.5382733369142694e-10 4.0429448140009500e-09 1.3243164203090750e-08 4.8792543599992098e-08 5.9501372004033534e-09 
7.2489183771080597e-22 1.2543377365266157e-18 2.0115337097379153e-16 1.0969008215765462e-14 3.1838407232715960e-13 6.0771203907234838e-12 8.4185373627433109e-11 8.6149595418345170e-10 5.9501372004033534e-09 3.9970326426885274e-08 
