9.5346982311337125e-08 2.9862327987924902e-08 5.8355231904564024e-09 7.5352899647480343e-10 6.8399263825496110e-11 4.0508389922944640e-12 1.3426976562718330e-13 1.8780246756237429e-15 6.0380978514686647e-18 7.0206901403636713e-22 
2.9862327987924902e-08 9.9766540352415676e-08 4.1202565618300513e-08 1.2407875453558410e-08 2.3273704311385348e-09 2.7433521473012389e-10 1.8330249880715801e-11 5.3976480845029120e-13 3.9386924185355425e-15 1.2146634687688131e-18 
5.8355231904564024e-09 4.1202565618300513e-08 8.8455051134915970e-08 3.9085684418761676e-08 1.4146108055435563e-08 3.0159551651625954e-09 3.5680613415871961e-10 1.9036514922733167e-11 2.7104524271207091e-13 1.9476006024066376e-16 
7.5352899647480343e-10 1.2407875453558410e-08 3.9085684418761676e-08 7.8971459591451684e-08 3.4514039688737322e-08 1.3188837687206627e-08 2.7226498400478636e-09 2.5428227541365149e-10 6.6952494694011726e-12 1.0618471759205660e-14 
6.8399263825496110e-11 2.3273704311385348e-09 1.4146108055435563e-08 3.4514039688737322e-08 7.1201324750332689e-08 2.9500107805566427e-08 1.0815394411352552e-08 1.8023602001256486e-09 8.8410631212237915e-11 3.0814344136488267e-13 
4.0508389922944640e-12 2.7433521473012389e-10 3.0159551651625954e-09 1.3188837687206627e-08 2.9500107805566427e-08 6.4721613069751920e-08 2.4409473903306437e-08 7.5862652752383842e-09 7.3005172974760065e-10 5.8800378938286785e-12 
1.3426976562718330e-13 1.8330249880715801e-11 3.5680613415871961e-10 2.7226498400478636e-09 1.0815394411352552e-08 2.4409473903306437e-08 5.9010412332850149e-08 1.9007470676177194e-08 3.9143286945087740e-09 8.1423509218901954e-11 
1.8780246756237429e-15 5.3976480845029120e-13 1.9036514922733167e-11 2.5428227541365149e-10 1.8023602001256486e-09 7.5862652752383842e-09 1.9007470676177194e-08 5.3599656861160821e-08 1.2815979296806506e-08 8.3271268439267353e-10 
6.0380978514686647e-18 3.9386924185355425e-15 2.7104524271207091e-13 6.6952494694011726e-12 8.8410631212237915e-11 7.3005172974760065e-10 3.9143286945087740e-09 1.2815979296806506e-08 4.8111339031832152e-08 5.7450391517956978e-09 
7.0206901403636713e-22 1.2146634687688131e-18 1.9476006024066376e-16 1.0618471759205660e-14 3.0814344136488267e-13 5.8800378938286785e-12 8.1423509218901954e-11 8.3271268439267353e-10 5.7450391517956978e-09 3.9541924666501301e-08 
