6.4908837626117873e-07 2.3227330775430609e-07 4.4561358313511854e-08 5.8342741217012546e-09 5.4575338054948084e-10 3.3650596226988115e-11 1.1780685394631193e-12 1.7603839609828262e-14 6.0904557032426802e-17 8.1562620552466099e-21 
2.3227330775430609e-07 5.7494424273313441e-07 3.1723059186900145e-07 9.7917015736646241e-08 1.9023903274592664e-08 2.3479680022772186e-09 1.6620208886059958e-10 5.1996807182171864e-12 4.0809577365553618e-14 1.4485421521371486e-17 
4.4561358313511854e-08 3.1723059186900145e-07 5.0153149438090202e-07 3.1614069692153676e-07 1.1878954030085842e-07 2.6585715293831755e-08 3.3241089715958020e-09 1.8765937003015356e-10 2.8846702241934034e-12 2.3786313429527781e-15 
5.8342741217012546e-09 9.7917015736646241e-08 3.1614069692153676e-07 4.5179873258634724e-07 2.9966348584187056e-07 1.2005223851981217e-07 2.6035977537395635e-08 2.5671154013568636e-09 7.3314983303303457e-11 1.3264673412442638e-13 
5.4575338054948084e-10 1.9023903274592664e-08 1.1878954030085842e-07 2.9966348584187056e-07 4.1651080587833004e-07 2.7777788373930681e-07 1.0634548637412309e-07 1.8720923924094597e-08 9.9928801656499048e-10 3.9345096686749273e-12 
3.3650596226988115e-11 2.3479680022772186e-09 2.6585715293831755e-08 1.2005223851981217e-07 2.7777788373930681e-07 3.8436234998357326e-07 2.4813396212190775e-07 8.1767252190685865e-08 8.5607439455901760e-09 7.6751702227510632e-11 
1.1780685394631193e-12 1.6620208886059958e-10 3.3241089715958020e-09 2.6035977537395635e-08 1.0634548637412309e-07 2.4813396212190775e-07 3.5572541716487038e-07 2.1509966951979194e-07 4.7922047003432120e-08 1.0881991162540303e-09 
1.7603839609828262e-14 5.1996807182171864e-12 1.8765937003015356e-10 2.5671154013568636e-09 1.8720923924094597e-08 8.1767252190685865e-08 2.1509966951979194e-07 3.3352909933654981e-07 1.6473404203647101e-07 1.1442798985749016e-08 
6.0904557032426802e-17 4.0809577365553618e-14 2.8846702241934034e-12 7.3314983303303457e-11 9.9928801656499048e-10 8.5607439455901760e-09 4.7922047003432120e-08 1.6473404203647101e-07 2.9765870423195070e-07 8.2088335160713581e-08 
8.1562620552466099e-21 1.4485421521371486e-17 2.3786313429527781e-15 1.3264673412442638e-13 3.9345096686749273e-12 7.6751702227510632e-11 1.0881991162540303e-09 1.1442798985749016e-08 8.2088335160713581e-08 2.0394203018156545e-07 
