1.4503700280584948e-07 4.8415975441251196e-08 9.1629742927879073e-09 1.1585826039695402e-09 1.0369089225998853e-10 6.0832334323730304e-12 2.0049457882009094e-13 2.7988861734372586e-15 9.0289997114440427e-18 1.0648165996959149e-21 
4.8415975441251196e-08 1.4113597840548230e-07 6.3667400556115450e-08 1.8888928915894322e-08 3.5062631276787864e-09 4.1049234603348059e-10 2.7332073222328250e-11 8.0489734309682621e-13 5.9032913138604055e-15 1.8484083626965999e-18 
9.1629742927879073e-09 6.3667400556115450e-08 1.2009809530354457e-07 5.9027962892496473e-08 2.1213552432733572e-08 4.5027918036812909e-09 5.3181261035045687e-10 2.8420728043971329e-11 4.0726264661301072e-13 2.9738759352732372e-16 
1.1585826039695402e-09 1.8888928915894322e-08 5.9027962892496473e-08 1.0440023831591727e-07 5.1579664920805978e-08 1.9664208135392231e-08 4.0593340850649761e-09 3.8028290003824588e-10 1.0088605025907833e-11 1.6273525114284853e-14 
1.0369089225998853e-10 3.5062631276787864e-09 2.1213552432733572e-08 5.1579664920805978e-08 9.2325037284851730e-08 4.3969816642570381e-08 1.6144578562945066e-08 2.7020272289892787e-09 1.3367256509592355e-10 4.7419716759567866e-13 
6.0832334323730304e-12 4.1049234603348059e-10 4.5027918036812909e-09 1.9664208135392231e-08 4.3969816642570381e-08 8.2689616813088729e-08 3.6524866157148787e-08 1.1413053798183645e-08 1.1086411306899957e-09 9.0928983565481124e-12 
2.0049457882009094e-13 2.7332073222328250e-11 5.3181261035045687e-10 4.0593340850649761e-09 1.6144578562945066e-08 3.6524866157148787e-08 7.4487659548967538e-08 2.8742075640236855e-08 5.9802502410690715e-09 1.2671167424690405e-10 
2.7988861734372586e-15 8.0489734309682621e-13 2.8420728043971329e-11 3.8028290003824588e-10 2.7020272289892787e-09 1.1413053798183645e-08 2.8742075640236855e-08 6.6897329532223328e-08 1.9754350753330244e-08 1.3079645060310744e-09 
9.0289997114440427e-18 5.9032913138604055e-15 4.0726264661301072e-13 1.0088605025907833e-11 1.3367256509592355e-10 1.1086411306899957e-09 5.9802502410690715e-09 1.9754350753330244e-08 5.9317101247494580e-08 9.1647788647162192e-09 
1.0648165996959149e-21 1.8484083626965999e-18 2.9738759352732372e-16 1.6273525114284853e-14 4.7419716759567866e-13 9.0928983565481124e-12 1.2671167424690405e-10 1.3079645060310744e-09 9.1647788647162192e-09 4.6812369133858878e-08 
