2.550742949314e-09 2.029898811903e-11 2.341974853677e-11 2.530521967727e-11 2.665855899638e-11 2.773446661839e-11 2.865645038047e-11 2.950520211889e-11 3.036653363626e-11 3.154568309221e-11 
2.029898811903e-11 2.577761217366e-09 4.874835096949e-11 5.472924680522e-11 5.902408471229e-11 6.243298943594e-11 6.535432661148e-11 6.804384480865e-11 7.077325403564e-11 7.451011753697e-11 
2.341974853677e-11 4.874835096949e-11 2.602222715502e-09 7.403691091365e-11 8.155444179593e-11 8.749876904418e-11 9.258481282306e-11 9.726746379904e-11 1.020199007620e-10 1.085268592687e-10 
2.530521967727e-11 5.472924680522e-11 7.403691091365e-11 2.627047972881e-09 9.976353547845e-11 1.086830508273e-10 1.162756821860e-10 1.232538036226e-10 1.303361898048e-10 1.400342799759e-10 
2.665855899638e-11 5.902408471229e-11 8.155444179593e-11 9.976353547845e-11 2.653319633175e-09 1.272999107446e-10 1.379196666563e-10 1.476233939950e-10 1.574584293740e-10 1.709293804549e-10 
2.773446661839e-11 6.243298943594e-11 8.749876904418e-11 1.086830508273e-10 1.272999107446e-10 2.682025972898e-09 1.577527070397e-10 1.706969704800e-10 1.837275247577e-10 2.015691834325e-10 
2.865645038047e-11 6.535432661148e-11 9.258481282306e-11 1.162756821860e-10 1.379196666563e-10 1.577527070397e-10 2.714427903433e-09 1.928918505759e-10 2.097523316024e-10 2.326671565060e-10 
2.950520211889e-11 6.804384480865e-11 9.726746379904e-11 1.232538036226e-10 1.476233939950e-10 1.706969704800e-10 1.928918505759e-10 2.753208209781e-09 2.367782392147e-10 2.658106749610e-10 
3.036653363626e-11 7.077325403564e-11 1.020199007620e-10 1.303361898048e-10 1.574584293740e-10 1.837275247577e-10 2.097523316024e-10 2.367782392147e-10 2.805038857932e-09 3.049261349946e-10 
3.154568309221e-11 7.451011753697e-11 1.085268592687e-10 1.400342799759e-10 1.709293804549e-10 2.015691834325e-10 2.326671565060e-10 2.658106749610e-10 3.049261349946e-10 2.905116377256e-09 
