2.552558785703e-09 2.320687599656e-11 2.673555059642e-11 2.886690406874e-11 3.039675490649e-11 3.161299431404e-11 3.265523238116e-11 3.361468655759e-11 3.458836126960e-11 3.592130361360e-11 
2.320687599656e-11 2.583100621556e-09 5.522523731101e-11 6.191761475773e-11 6.672341651102e-11 7.053807341662e-11 7.380712016308e-11 7.681674818593e-11 7.987101429265e-11 8.405263432635e-11 
2.673555059642e-11 5.522523731101e-11 2.610423676301e-09 8.339445139133e-11 9.175436725030e-11 9.836558809314e-11 1.040223729965e-10 1.092304836875e-10 1.145162027365e-10 1.217533074832e-10 
2.886690406874e-11 6.191761475773e-11 8.339445139133e-11 2.637981704008e-09 1.118980666039e-10 1.217736565774e-10 1.301809963541e-10 1.379081253900e-10 1.457506815877e-10 1.564896608803e-10 
3.039675490649e-11 6.672341651102e-11 9.175436725030e-11 1.118980666039e-10 2.667022273133e-09 1.422901928526e-10 1.540088220138e-10 1.647176045975e-10 1.755712930157e-10 1.904374295716e-10 
3.161299431404e-11 7.053807341662e-11 9.836558809314e-11 1.217736565774e-10 1.422901928526e-10 2.698655254696e-09 1.758130709052e-10 1.900616893412e-10 2.044055697322e-10 2.240455643337e-10 
3.265523238116e-11 7.380712016308e-11 1.040223729965e-10 1.301809963541e-10 1.540088220138e-10 1.758130709052e-10 2.734285651463e-09 2.144190025630e-10 2.329423366759e-10 2.581175003328e-10 
3.361468655759e-11 7.681674818593e-11 1.092304836875e-10 1.379081253900e-10 1.647176045975e-10 1.900616893412e-10 2.144190025630e-10 2.776857092730e-09 2.625761431070e-10 2.944296693309e-10 
3.458836126960e-11 7.987101429265e-11 1.145162027365e-10 1.457506815877e-10 1.755712930157e-10 2.044055697322e-10 2.329423366759e-10 2.625761431070e-10 2.833728068892e-09 3.372824887105e-10 
3.592130361360e-11 8.405263432635e-11 1.217533074832e-10 1.564896608803e-10 1.904374295716e-10 2.240455643337e-10 2.581175003328e-10 2.944296693309e-10 3.372824887105e-10 2.943486109276e-09 
