2.575844178345e-09 5.903057988090e-11 6.710796489088e-11 7.197854269796e-11 7.547482301690e-11 7.825443251486e-11 8.063636531272e-11 8.282910147957e-11 8.505433692174e-11 8.810056107572e-11 
5.903057988090e-11 2.645600217841e-09 1.297708326105e-10 1.439770600600e-10 1.541782161739e-10 1.622769866997e-10 1.692173214331e-10 1.756068372680e-10 1.820911138258e-10 1.909686188413e-10 
6.710796489088e-11 1.297708326105e-10 2.702919966734e-09 1.878882383918e-10 2.049805882103e-10 2.185029589818e-10 2.300743047638e-10 2.407276820502e-10 2.515397537882e-10 2.663431965216e-10 
7.197854269796e-11 1.439770600600e-10 1.878882383918e-10 2.758720683936e-09 2.450165065906e-10 2.647521254041e-10 2.815582261688e-10 2.970049000227e-10 3.126821477374e-10 3.341490510367e-10 
7.547482301690e-11 1.541782161739e-10 2.049805882103e-10 2.450165065906e-10 2.816326144256e-09 3.049191557239e-10 3.279989497623e-10 3.490897984670e-10 3.704649280701e-10 3.997419317818e-10 
7.825443251486e-11 1.622769866997e-10 2.185029589818e-10 2.647521254041e-10 3.049191557239e-10 2.878325110498e-09 3.703725908019e-10 3.981848679893e-10 4.261715694415e-10 4.644891053328e-10 
8.063636531272e-11 1.692173214331e-10 2.300743047638e-10 2.815582261688e-10 3.279989497623e-10 3.703725908019e-10 2.947718327713e-09 4.454366778608e-10 4.814097022838e-10 5.302544684337e-10 
8.282910147957e-11 1.756068372680e-10 2.407276820502e-10 2.970049000227e-10 3.490897984670e-10 3.981848679893e-10 4.454366778608e-10 3.030544477984e-09 5.391249866983e-10 6.007373989422e-10 
8.505433692174e-11 1.820911138258e-10 2.515397537882e-10 3.126821477374e-10 3.704649280701e-10 4.261715694415e-10 4.814097022838e-10 5.391249866983e-10 3.141760763124e-09 6.850082013355e-10 
8.810056107572e-11 1.909686188413e-10 2.663431965216e-10 3.341490510367e-10 3.997419317818e-10 4.644891053328e-10 5.302544684337e-10 6.007373989422e-10 6.850082013355e-10 3.359565196611e-09 
