-1.6396441679835807e-09 2.8694024834108961e-09 4.0396097166085077e-09 4.7363772947379167e-09 5.2350224419804351e-09 5.6309410254894088e-09 5.9701110676243606e-09 6.2823324784070371e-09 6.5991827025903223e-09 7.0331097243860804e-09 
-6.8591224917898657e-09 -2.3619566329561476e-10 1.4845397869226392e-09 2.5361887957106844e-09 3.2899686660630265e-09 3.8809778406136976e-09 4.3839475632610093e-09 4.8463688898027938e-09 5.3155958886116988e-09 5.9581974772682483e-09 
-9.5883794921999662e-09 -2.0789319096766485e-09 -1.8587382290072795e-10 9.9140638700296359e-10 1.8785049717676214e-09 2.5725838549360003e-09 3.1497615536173454e-09 3.6751908506078382e-09 4.2074563881386973e-09 4.9363022676495510e-09 
-1.1533653120926496e-08 -3.4235319199734181e-09 -1.3932590893462331e-09 -1.8454546841907223e-10 7.5247051288148603e-10 1.5268494983289192e-09 2.1700291423474047e-09 2.7423312382924280e-09 3.3162781165439860e-09 4.1010546607430850e-09 
-1.3105243033807247e-08 -4.5276990519675038e-09 -2.3465592375155367e-09 -1.0824095989018187e-09 -1.5950754111984565e-10 6.3032309457506820e-10 1.3306161711472005e-09 1.9562931279932182e-09 2.5682170602160424e-09 3.3970588583496929e-09 
-1.4499196217709255e-08 -5.5152190159164989e-09 -3.2060825065582714e-09 -1.8506835260042495e-09 -9.0761816668350643e-10 -1.4894862687504571e-10 5.5629417754271736e-10 1.2385206829966040e-09 1.9033076329065138e-09 2.7752307149245460e-09 
-1.5836935203627135e-08 -6.4576958878898613e-09 -4.0400039409181489e-09 -2.6014557070040150e-09 -1.5916637116169495e-09 -8.2361124725934425e-10 -1.6228155119590641e-10 5.2018184366034833e-10 1.2590811232128350e-09 2.1950928873994450e-09 
-1.7258863587046509e-08 -7.4395399768079539e-09 -4.9074134128910151e-09 -3.3943646425859062e-09 -2.3138443041473687e-09 -1.4783998781350399e-09 -8.1103937422198745e-10 -2.0913946282386711e-10 5.3710782963258950e-10 1.6066269993115689e-09 
-1.9408915028198248e-08 -8.7984703029368897e-09 -6.0622599341688964e-09 -4.4263671704907318e-09 -3.2521106096461548e-09 -2.3224684967427915e-09 -1.5491241989591169e-09 -9.1594909879688953e-10 -3.2815501774655293e-10 8.6806244567864434e-10 
-2.4125665263748318e-08 -1.1593654708454081e-08 -8.3618986674054524e-09 -6.4296970932992462e-09 -5.0422180007585782e-09 -3.9391059999677040e-09 -2.9948008065184428e-09 -2.1371474560035766e-09 -1.3635891601943122e-09 -3.9148412481747980e-10 
