5.993090661329e-10 1.534166424935e-09 2.110831809695e-09 2.488800509450e-09 2.763043286667e-09 2.981105029823e-09 3.167927885501e-09 3.339906332508e-09 3.514433745672e-09 3.753433734450e-09 
4.953028751542e-11 4.039995514760e-10 9.675354668545e-10 1.505115123882e-09 1.940566763236e-09 2.291276617780e-09 2.590981298249e-09 2.866633963365e-09 3.146348452714e-09 3.529399289088e-09 
3.050103463173e-12 6.354445419062e-11 2.944722688458e-10 7.019584560364e-10 1.158025624459e-09 1.564025263906e-09 1.913416877717e-09 2.233394747096e-09 2.557721366793e-09 3.001827589873e-09 
-1.302076352046e-13 1.162860211764e-12 4.109796254966e-11 2.169771071711e-10 5.546975441004e-10 9.536000759649e-10 1.330712050434e-09 1.678621850490e-09 2.029586200328e-09 2.509657715045e-09 
-5.512438985261e-14 -1.706694645367e-12 -4.643807528798e-12 2.878947160575e-11 1.782772090939e-10 4.672425771123e-10 8.287631497837e-10 1.195610232261e-09 1.566259746816e-09 2.070232947131e-09 
-5.160241137856e-15 -3.226382750800e-13 -2.792698247227e-12 -5.465973274082e-12 2.165016098398e-11 1.441306772658e-10 4.037273213669e-10 7.591800615745e-10 1.148547556558e-09 1.671037252225e-09 
-1.993114020509e-16 -2.555359609682e-14 -4.552345845260e-13 -2.972717568335e-12 -7.845620342734e-12 5.278127489996e-12 1.035437059115e-10 3.601393181837e-10 7.525589898193e-10 1.298309783260e-09 
-3.070846260906e-18 -8.985938062474e-16 -3.240852101440e-14 -4.400112205187e-13 -3.097902609810e-12 -1.194964697338e-11 -1.807549903313e-11 5.184270007597e-11 3.443216790476e-10 9.263316640454e-10 
-1.264107833449e-20 -8.918615934370e-18 -6.610671929179e-16 -1.762888071985e-14 -2.534580312467e-13 -2.311803996466e-12 -1.384681048823e-11 -4.806640762543e-11 -2.438668328519e-11 4.964774234751e-10 
-2.499978086731e-24 -4.786288380049e-21 -8.484167894223e-19 -5.127467989870e-17 -1.657591187615e-15 -3.557649334806e-14 -5.642375588694e-13 -6.797087985630e-12 -5.575770352205e-11 -6.864179934288e-12 
