-5.1246243791251245e-10 5.9888004242346732e-10 8.8777392452434689e-10 1.0598326897627477e-09 1.1828932119709394e-09 1.2805646727266713e-09 1.3642286175904764e-09 1.4412443081946579e-09 1.5194017554307533e-09 1.6264384537795561e-09 
-2.0705819924684150e-09 -1.0255453934572276e-10 4.0817788856849952e-10 7.2098182789222852e-10 9.4543048189876929e-10 1.1212456993394286e-09 1.2707625000446041e-09 1.4082036606780353e-09 1.5476656305216299e-09 1.7386572614638000e-09 
-3.0851183131187674e-09 -6.8028736706031136e-10 -7.4632122787842179e-11 3.0188011947061802e-10 5.8622173516214812e-10 8.0882429733422522e-10 9.9376134026373812e-10 1.1620292142763010e-09 1.3324707616434647e-09 1.5658598356311911e-09 
-3.8280829139943404e-09 -1.1402528757177768e-09 -4.6734728144207145e-10 -6.7142559198950079e-11 2.4315773881101455e-10 4.9994481657946496e-10 7.1324706048133519e-10 9.0294291084545461e-10 1.0931490125935690e-09 1.3532225663770594e-09 
-4.3940980875040350e-09 -1.5185156119548490e-09 -7.8724376860435379e-10 -3.6351385327989485e-10 -5.4268357359594985e-11 2.1056143739280943e-10 4.4545095700747104e-10 6.5520603270359232e-10 8.6031347423634704e-10 1.1381692485965028e-09 
-4.8339929160094991e-09 -1.8371954608077434e-09 -1.0669505323489812e-09 -6.1491718546585174e-10 -3.0046269881002133e-10 -4.7296554485437555e-11 1.8827607088715755e-10 4.1593040428327703e-10 6.3749323765961705e-10 9.2826406919746647e-10 
-5.1727962256776406e-09 -2.1065867517363167e-09 -1.3162176352766861e-09 -8.4600038680986770e-10 -5.1607905850164234e-10 -2.6516541695790820e-10 -4.8606882009627197e-11 1.7521090759116602e-10 4.1661907462028669e-10 7.2216852699883960e-10 
-5.4274730273349913e-09 -2.3362848676793420e-09 -1.5391559261843920e-09 -1.0628536101303445e-09 -7.2279452317074419e-10 -4.6009275683177842e-10 -2.5029174072860267e-10 -6.0011196958717465e-11 1.7619055671328658e-10 5.1184085117220739e-10 
-5.7146813809876635e-09 -2.5868633137009640e-09 -1.7802649803494990e-09 -1.2980265594648308e-09 -9.5188384094495869e-10 -6.7793387352873877e-10 -4.5039955847102283e-10 -2.6454087196319851e-10 -8.9661985023842091e-11 2.6459054100174316e-10 
-6.1306879522686274e-09 -2.9384722481265811e-09 -2.1152635245355103e-09 -1.6230836833066783e-09 -1.2696583697571039e-09 -9.8867134478419163e-10 -7.4817692336144676e-10 -5.3015435481316713e-10 -3.3566997123030079e-10 -8.6317029127291725e-11 
