-5.8405913171581278e-10 7.0294131949412988e-10 1.0374546229856498e-09 1.2366724024875943e-09 1.3791655695809298e-09 1.4922653687070016e-09 1.5891461409579240e-09 1.6783285174791023e-09 1.7688330270568254e-09 1.8927790463283982e-09 
-2.3503239882563368e-09 -1.1215507509614590e-10 4.6878169808433649e-10 8.2448922732745709e-10 1.0796764554200503e-09 1.2795932652492184e-09 1.4496248287623116e-09 1.6059279962510157e-09 1.7645297184363463e-09 1.9817330545583960e-09 
-3.4693038536616928e-09 -7.6289529434828079e-10 -8.1192021437017370e-11 3.4264683745304222e-10 6.6261477719779513e-10 9.1306827922314435e-10 1.1211732099804316e-09 1.3105407023842407e-09 1.5023589182295346e-09 1.7650199963306293e-09 
-4.2771656380017385e-09 -1.2728566004822693e-09 -5.2075359749730012e-10 -7.3341573273483888e-11 2.7359343541322302e-10 5.6060414203481772e-10 7.9897765917536316e-10 1.0109921568071020e-09 1.2235938256942966e-09 1.5142935192260192e-09 
-4.8876487427086066e-09 -1.6884143390845988e-09 -8.7488154976111278e-10 -4.0347979409080495e-10 -5.9351937342395925e-11 2.3535628565731514e-10 4.9667222989878878e-10 7.3000040103631626e-10 9.5818112704750015e-10 1.2673102776320076e-09 
-5.3606198330428715e-09 -2.0369954391090709e-09 -1.1827610773168182e-09 -6.8145666668710866e-10 -3.3270992645101858e-10 -5.1881522972920601e-11 2.0942440375414607e-10 4.6188693595688433e-10 7.0758720538240290e-10 1.0300650115856697e-09 
-5.7260717252622737e-09 -2.3317781185585802e-09 -1.4568409202414814e-09 -9.3631695106191812e-10 -5.7110524053079197e-10 -2.9333946697830323e-10 -5.3578230764500145e-11 1.9419831521850291e-10 4.6141590227690292e-10 7.9965361780371431e-10 
-6.0058835273670905e-09 -2.5852965088947371e-09 -1.7032250694808539e-09 -1.1761680032783025e-09 -7.9987278328399081e-10 -5.0917561583779861e-10 -2.7700773626161442e-10 -6.6449433272401345e-11 1.9489047893941350e-10 5.6631757534165622e-10 
-6.3352066267718832e-09 -2.8679226929261166e-09 -1.9737832657950059e-09 -1.4392069025462227e-09 -1.0554965474663647e-09 -7.5181132072044247e-10 -4.9956546461880242e-10 -2.9349372726916997e-10 -9.9688146928435129e-11 2.9290744726534419e-10 
-6.8596275581060344e-09 -3.2885308935176919e-09 -2.3676163176511573e-09 -1.8170201237203384e-09 -1.4216470884546428e-09 -1.1073097605482389e-09 -8.3826799135871652e-10 -5.9433344937367840e-10 -3.7655000074382837e-10 -9.7715956414510045e-11 
