-4.5221124830217283e-10 5.1521645903795240e-10 7.6672734951761554e-10 9.1652969542294585e-10 1.0236666868943464e-09 1.1086964436459358e-09 1.1815308814483599e-09 1.2485775338909315e-09 1.3166181481232101e-09 1.4097998292936201e-09 
-1.8351971073060866e-09 -9.3962483862254889e-11 3.5784042196118742e-10 6.3461984709150101e-10 8.3325504696999549e-10 9.8883320187541653e-10 1.1211262545312082e-09 1.2427316034253202e-09 1.3661246044944532e-09 1.5351099400998279e-09 
-2.7589376793177625e-09 -6.0998504858373874e-10 -6.8845179240694749e-11 2.6751794380444290e-10 5.2162811390689040e-10 7.2059565528156727e-10 8.8587415889548329e-10 1.0362396949350032e-09 1.1885440168753009e-09 1.3970970096788980e-09 
-3.4452657871111731e-09 -1.0271671035824783e-09 -4.2176114400702632e-10 -6.1785728737435772e-11 2.1729481843064259e-10 4.4831999323432796e-10 6.4025251307273087e-10 8.1092637696914263e-10 9.8204514716077621e-10 1.2160165838716358e-09 
-3.9729873259017095e-09 -1.3735577009413202e-09 -7.1247449887127660e-10 -3.2941805233768529e-10 -4.9934263489552487e-11 1.8939914548952885e-10 4.0173955796190990e-10 5.9138177259766683e-10 7.7680276271870293e-10 1.0279749898818608e-09 
-4.3852965106886164e-09 -1.6669886159394294e-09 -9.6831066528296164e-10 -5.5825944103443214e-10 -2.7302426277338001e-10 -4.3431276722310589e-11 1.7021026416767711e-10 3.7672351883196383e-10 5.7772172377334996e-10 8.4147637138382667e-10 
-4.7031410348131735e-09 -1.9154765813477239e-09 -1.1969060137983755e-09 -7.6939837854339188e-10 -4.6943559030664132e-10 -2.4131577095346274e-10 -4.4462211749833652e-11 1.5899991910094372e-10 3.7849985170621365e-10 6.5630446113224628e-10 
-4.9399104841864552e-09 -2.1264333088493601e-09 -1.4009180260994231e-09 -9.6740596746875713e-10 -6.5789528090535294e-10 -4.1879086548252556e-10 -2.2784411790266012e-10 -5.4674480948406657e-11 1.6032065583508716e-10 4.6582186602449812e-10 
-5.1968344387884307e-09 -2.3523644445459223e-09 -1.6188356068591446e-09 -1.1802830210904749e-09 -8.6549737807225897e-10 -6.1636579296860199e-10 -4.0945229062675525e-10 -2.4045323114607921e-10 -8.1390352317743712e-11 2.4082678949925728e-10 
-5.5353147539164701e-09 -2.6526506971451761e-09 -1.9092691751037443e-09 -1.4648164028819610e-09 -1.1456630284422936e-09 -8.9192367547279399e-10 -6.7475224335577437e-10 -4.7789383685518332e-10 -3.0241435482145865e-10 -7.7172715659890132e-11 
