-3.1268270753098060e-09 7.0603671017816862e-09 9.7023968950768631e-09 1.1275887071162593e-08 1.2402140786873684e-08 1.3296395063876472e-08 1.4062470049821548e-08 1.4767676045398094e-08 1.5483336953258120e-08 1.6463436450699816e-08 
-1.5085248130552532e-08 -5.6670115357484431e-10 3.2034716111062431e-09 5.5086958255573660e-09 7.1622179289563580e-09 8.4584352963771939e-09 9.5611717977513051e-09 1.0574895834665166e-08 1.1603525302189137e-08 1.3012221915432531e-08 
-2.1842476884443578e-08 -4.8022517213272008e-09 -5.0890347306480387e-10 2.1582938260470890e-09 4.1713720950265618e-09 5.7484955837197567e-09 7.0592444587423469e-09 8.2516702670469665e-09 9.4593830665625425e-09 1.1113106190794789e-08 
-2.7457448703924692e-08 -8.2126198827034616e-09 -3.3923282595930037e-09 -5.2768261493609301e-10 1.6896398951821907e-09 3.5267027420347295e-09 5.0553379948507914e-09 6.4146490977088029e-09 7.7767253827596428e-09 9.6387731075703817e-09 
-3.2705313499791901e-08 -1.1355521907139976e-08 -5.9230986125503891e-09 -2.7740252337554250e-09 -4.8211307651960559e-10 1.4768273243118543e-09 3.2194553435546344e-09 4.7800259018129504e-09 6.3046562904505585e-09 8.3677575685813854e-09 
-3.7997215652032852e-08 -1.4502762177608052e-08 -8.4626907703109907e-09 -4.9146390542487152e-09 -2.4467879341651932e-09 -4.6865731008035276e-10 1.3680728248996492e-09 3.1532501868211237e-09 4.8962619886235630e-09 7.1776670952262898e-09 
-4.3604854220725290e-08 -1.7820014722503726e-08 -1.1173216560045871e-08 -7.2171512684828806e-09 -4.4380100970138760e-09 -2.3252506742391268e-09 -5.1386086916893605e-10 1.3544171660547651e-09 3.3889525833344667e-09 5.9673351974080270e-09 
-4.9969377681596421e-08 -2.1573469170796856e-08 -1.4250948111084385e-08 -9.8752618236733051e-09 -6.7494898233891691e-09 -4.3304479424662915e-09 -2.3979377396589836e-09 -6.6537853764253943e-10 1.4794843554515426e-09 4.5833705856560689e-09 
-5.9818523304616372e-08 -2.7147097524865308e-08 -1.8721823492800417e-08 -1.3684612134604731e-08 -1.0068751080133447e-08 -7.2053179847195077e-09 -4.8200557573465937e-09 -2.8642655519114249e-09 -1.0715010534249074e-09 2.6042012032692636e-09 
-7.9497977941826374e-08 -3.8240373511185555e-08 -2.7600857894630221e-08 -2.1239706661575711e-08 -1.6671877806252218e-08 -1.3040219520715131e-08 -9.9311726966564385e-09 -7.1056145641186062e-09 -4.5485774359884307e-09 -1.3512022170201375e-09 
