-6.2494313339301246e-10 7.6464702897749738e-10 1.1257991221863341e-09 1.3408756393321907e-09 1.4947166552503250e-09 1.6168262796074582e-09 1.7214254658621574e-09 1.8177129967764226e-09 1.9154279980065887e-09 2.0492487974342079e-09 
-2.5103441577068437e-09 -1.1738848352719628e-10 5.0377853809394188e-10 8.8406625224695990e-10 1.1568626875154750e-09 1.3705878704592304e-09 1.5523736112116987e-09 1.7194841350998364e-09 1.8890523647924168e-09 2.1212742272456404e-09 
-3.6877143728348701e-09 -8.0978480293418908e-10 -8.4825746304668487e-11 3.6593290747084723e-10 7.0616118282158095e-10 9.7245261770600066e-10 1.1937337060477223e-09 1.3951015217141228e-09 1.5990776910190998e-09 1.8783871872572832e-09 
-4.5318765947330822e-09 -1.3480524646526491e-09 -5.5102613280760882e-10 -7.6834408934980140e-11 2.9088042224557894e-10 5.9503345602201313e-10 8.4762780493575230e-10 1.0723020817890168e-09 1.2976071970391769e-09 1.6056789005271895e-09 
-5.1676076504456313e-09 -1.7847957513887051e-09 -9.2460345185333524e-10 -4.2616100203383577e-10 -6.2248315091048889e-11 2.4940603509406257e-10 5.2571037888915555e-10 7.7240974250579240e-10 1.0136784360079408e-09 1.3405461361599508e-09 
-5.6599069841926373e-09 -2.1505665248774603e-09 -1.2486056347962445e-09 -7.1930220715105494e-10 -3.5106776050853659e-10 -5.4521843899529435e-11 2.2140172995279971e-10 4.8796068706596970e-10 7.4737972442896762e-10 1.0878754639172701e-09 
-6.0418080948988794e-09 -2.4603164383966141e-09 -1.5371263078485282e-09 -9.8789750630395968e-10 -6.0254738266549405e-10 -3.0945900135708572e-10 -5.6464462672515825e-11 2.0497686428775447e-10 4.8692348439798645e-10 8.4381595275001503e-10 
-6.3377635897246517e-09 -2.7282010155488635e-09 -1.7973981985477728e-09 -1.2412230684148165e-09 -8.4413840896619173e-10 -5.3737811375846305e-10 -2.9237642224114025e-10 -7.0189384207582137e-11 2.0556029039339693e-10 5.9752069584971561e-10 
-6.6946658753429701e-09 -3.0307683803796892e-09 -2.0859264578644533e-09 -1.5210367309217882e-09 -1.1155676507690815e-09 -7.9465931468395773e-10 -5.2809658042397456e-10 -3.1031016964640626e-10 -1.0556189954931857e-10 3.0923269744548704e-10 
-7.2887471539835534e-09 -3.4946624112457958e-09 -2.5162436508741346e-09 -1.9312668681680960e-09 -1.5112057554093616e-09 -1.1772402857747325e-09 -8.9139682969263642e-10 -6.3220898803238752e-10 -4.0069562812208545e-10 -1.0451873637691977e-10 
