-4.5264725568961030e-10 5.1574202164408880e-10 7.6749741067629545e-10 9.1744758596114175e-10 1.0246914272302063e-09 1.1098062530953973e-09 1.1827135951545992e-09 1.2498273612537869e-09 1.3179360842074230e-09 1.4112110403339539e-09 
-1.8370243110326269e-09 -9.4026797674159867e-11 3.5822116996008949e-10 6.3526351108981103e-10 8.3409092026747663e-10 9.8982324814093226e-10 1.1222485184745269e-09 1.2439755794673332e-09 1.3674920965942723e-09 1.5366465866865144e-09 
-2.7616968123821401e-09 -6.1057309484964620e-10 -6.8874297242320463e-11 2.6781494933792190e-10 5.2216157093571307e-10 7.2131947547446262e-10 8.8676122365067489e-10 1.0372769881699824e-09 1.1897337508373720e-09 1.3984955051841164e-09 
-3.4487140582171562e-09 -1.0281868899852432e-09 -4.2215410753041546e-10 -6.1807291815810858e-11 2.1754071468993294e-10 4.4877988965687070e-10 6.4089573904569328e-10 8.1173832919543134e-10 9.8302818014598148e-10 1.2172338176887540e-09 
-3.9769642412343141e-09 -1.3749308494135194e-09 -7.1317637979318222e-10 -3.2971941620929432e-10 -4.9948100888518169e-11 1.8961393835549864e-10 4.0215094490000966e-10 5.9197521412658014e-10 7.7758039777969601e-10 1.0290039937672326e-09 
-4.3896861936859335e-09 -1.6686570499720274e-09 -9.6927744200754828e-10 -5.5880713163317888e-10 -2.7327235620196790e-10 -4.3443468194398216e-11 1.7040107939450685e-10 3.7710633724914587e-10 5.7830035069189705e-10 8.4231868562007659e-10 
-4.7078488835856741e-09 -1.9173939598827633e-09 -1.1981038140809161e-09 -7.7016621452399947e-10 -4.6989625056400539e-10 -2.4153689369972719e-10 -4.4482665450541658e-11 1.5917077155497384e-10 3.7887924217799102e-10 6.5696131148093156e-10 
-4.9448553395243771e-09 -2.1285618702570706e-09 -1.4023203301827974e-09 -9.6837412769936259e-10 -6.5855236695752360e-10 -4.1920435776035327e-10 -2.2806049671690199e-10 -5.4721936435801824e-11 1.6047476211693810e-10 4.6628615064602812e-10 
-5.2020364752636900e-09 -2.3547191637064035e-09 -1.6204560627106219e-09 -1.1814644807661823e-09 -8.6636368709614151e-10 -6.1698244884959652e-10 -4.0986164103819401e-10 -2.4070029992627143e-10 -8.1508647024672522e-11 2.4104235788860018e-10 
-5.5408556095259948e-09 -2.6553060031483242e-09 -1.9111803554591688e-09 -1.4662826855680997e-09 -1.1468098383890788e-09 -8.9281649641858303e-10 -6.7542778210067040e-10 -4.7837421259689674e-10 -3.0274257136136548e-10 -7.7347440890047831e-11 
