-8.9964630482720690e-10 1.2237130024493741e-09 1.7753068637386639e-09 2.1037610701243474e-09 2.3387445644402172e-09 2.5252841860899839e-09 2.6850794056258082e-09 2.8321775087242318e-09 2.9814563763293854e-09 3.1858939889854086e-09 
-3.6014152846490857e-09 -1.4948501123602158e-10 7.4694114164059944e-10 1.2953188400025486e-09 1.6885265421871078e-09 1.9966981796332898e-09 2.2588910771951928e-09 2.4999335569249406e-09 2.7445225971063476e-09 3.0794847418920506e-09 
-5.1617773946544548e-09 -1.1255257923146577e-09 -1.0838318482478737e-10 5.2415843876006811e-10 1.0011418694240635e-09 1.3743551555734246e-09 1.6846094813629074e-09 1.9670158725511599e-09 2.2530952419754747e-09 2.6448321394658674e-09 
-6.2489331218007756e-09 -1.8550812421342423e-09 -7.5519359020123611e-10 -1.0046981296850395e-10 4.0725936228779018e-10 8.2691074364772927e-10 1.1753500887002017e-09 1.4853618346348361e-09 1.7962956248117893e-09 2.2214623979022073e-09 
-7.0633226781916450e-09 -2.4378807938766955e-09 -1.2618107433643524e-09 -5.8027195540907517e-10 -8.2451630220699033e-11 3.4382318359457405e-10 7.2153918307304767e-10 1.0587640236314870e-09 1.3886384202743012e-09 1.8355789471436375e-09 
-7.7047914061620074e-09 -2.9271227635695660e-09 -1.6992010001493923e-09 -9.7862577095434385e-10 -4.7725279471977170e-10 -7.3422488370758408e-11 3.0221935903126936e-10 6.6502871315331545e-10 1.0181831564615206e-09 1.4817471499151293e-09 
-8.2265984415363740e-09 -3.3503480636969412e-09 -2.0934122151687615e-09 -1.3456249463599130e-09 -8.2093171270368455e-10 -4.2181922956707226e-10 -7.7375177685794996e-11 2.7842013942315444e-10 6.6225938403599554e-10 1.1482653097526488e-09 
-8.6748420641115673e-09 -3.7351281753833105e-09 -2.4613171678657590e-09 -1.7001837987143473e-09 -1.1567464366440038e-09 -7.3685701653406902e-10 -4.0146123088837836e-10 -9.7594174212869607e-11 2.7934081941874569e-10 8.1603701298503791e-10 
-9.2883473117154865e-09 -4.2063402722244826e-09 -2.8957977547888087e-09 -2.1122674258588660e-09 -1.5498575020007719e-09 -1.1047080365392674e-09 -7.3481435535807959e-10 -4.3244090263435077e-10 -1.4906528092328106e-10 4.2564476294782210e-10 
-1.0512420571289445e-08 -5.0440596277343158e-09 -3.6338783606614893e-09 -2.7907595077605835e-09 -2.1853312334152627e-09 -1.7039900630512545e-09 -1.2919876575077089e-09 -9.1821662877109813e-10 -5.8333248522416863e-10 -1.5738604772623062e-10 
