5.069161615192e-10 1.308555963589e-09 1.806884951075e-09 2.134079303120e-09 2.371544248074e-09 2.560363428451e-09 2.722132034220e-09 2.871046845417e-09 3.022168781288e-09 3.229117071340e-09 
4.307862561370e-11 3.532307981919e-10 8.487325943497e-10 1.322745654913e-09 1.707104507379e-09 2.016727415589e-09 2.281312822684e-09 2.524661699094e-09 2.771596139280e-09 3.109756823685e-09 
2.673221749796e-12 5.599679872663e-11 2.604476458289e-10 6.221408726735e-10 1.027683457773e-09 1.388963340927e-09 1.699864648171e-09 1.984587877786e-09 2.273178937731e-09 2.668351555972e-09 
-1.168881344140e-13 1.000343825172e-12 3.638449498015e-11 1.929855738153e-10 4.944908636150e-10 8.507611347346e-10 1.187584075314e-09 1.498361573654e-09 1.811858796956e-09 2.240679487739e-09 
-4.920648997762e-14 -1.528793688191e-12 -4.184904253963e-12 2.569613872466e-11 1.593384526510e-10 4.175551053529e-10 7.408816462584e-10 1.069063434585e-09 1.400583911258e-09 1.851360590082e-09 
-4.617122430744e-15 -2.885957975386e-13 -2.496073359973e-12 -4.891164961567e-12 1.927856385382e-11 1.288421940239e-10 3.614889791733e-10 6.796743790447e-10 1.027933841296e-09 1.495323159227e-09 
-1.781491974134e-16 -2.284486159459e-14 -4.075688387318e-13 -2.665432324327e-12 -7.025463013607e-12 4.875485413614e-12 9.303488126797e-11 3.220057981147e-10 6.719589681174e-10 1.158724453494e-09 
-2.749298383898e-18 -8.053803245647e-16 -2.901990785396e-14 -3.930524907531e-13 -2.758514209461e-12 -1.061584831706e-11 -1.609966289253e-11 4.600722056993e-11 3.070874915727e-10 8.253260303139e-10 
-1.130034084095e-20 -7.951352298179e-18 -5.884590387199e-16 -1.569047304220e-14 -2.258173550101e-13 -2.062614661932e-12 -1.234970104103e-11 -4.253877015254e-11 -2.000986996007e-11 4.397119051283e-10 
-2.229483944379e-24 -4.271899339444e-21 -7.571489418025e-19 -4.569842663745e-17 -1.473392280293e-15 -3.149617799415e-14 -4.969432582998e-13 -5.957169735796e-12 -4.890055190733e-11 -5.512250370540e-12 
