-9.7286378127559520e-10 1.3596780853159003e-09 1.9655429342708314e-09 2.3263064038397452e-09 2.5844156886113491e-09 2.7893190743630512e-09 2.9648464033400120e-09 3.1264266778991879e-09 3.2904024236077286e-09 3.5149674427292738e-09 
-3.8994452023872701e-09 -1.5752674530977079e-10 8.1428876728033157e-10 1.4086926676561444e-09 1.8348684105515918e-09 2.1689014743079173e-09 2.4531124978863868e-09 2.7144000663084304e-09 2.9795323553268317e-09 3.3426282822425022e-09 
-5.5621817284187210e-09 -1.2112522298892309e-09 -1.1473094825431519e-10 5.6719616361954107e-10 1.0813327608101565e-09 1.4835969852231134e-09 1.8180249389157401e-09 2.1224478193612003e-09 2.4308323897559359e-09 2.8531126610826650e-09 
-6.7167226779970693e-09 -1.9933451343224596e-09 -8.1097845236305385e-10 -1.0709867266360499e-10 4.3875010424053639e-10 8.8985670003098355e-10 1.2644057641520545e-09 1.5976622312544372e-09 1.9319161045268725e-09 2.3889712335472948e-09 
-7.5839772478294637e-09 -2.6174372338445095e-09 -1.3546521511243171e-09 -6.2284934166008235e-10 -8.8288973807519571e-11 3.6942645928019615e-10 7.7498220762928751e-10 1.1370704420174422e-09 1.4912730922526681e-09 1.9711738123920559e-09 
-8.2731487614428106e-09 -3.1431588748817340e-09 -1.8246861447566808e-09 -1.0509677476781864e-09 -5.1260916380078814e-10 -7.9002379307907277e-11 3.2431409374036728e-10 7.1386695040921752e-10 1.0930796244512515e-09 1.5908360424452036e-09 
-8.8431292863142042e-09 -3.6017051667518091e-09 -2.2506388037792402e-09 -1.4468451269663908e-09 -8.8283975569698980e-10 -4.5381889973530929e-10 -8.3611997624628733e-11 2.9875130584107228e-10 7.1134708626390186e-10 1.2337977972042250e-09 
-9.3476344666266038e-09 -4.0251863186254831e-09 -2.6526789483066588e-09 -1.8325704705810855e-09 -1.2470162646236679e-09 -7.9455853245275322e-10 -4.3314146536196315e-10 -1.0582441750098315e-10 3.0016952703193972e-10 8.7857028602816547e-10 
-1.0053136493635171e-08 -4.5531299125048776e-09 -3.1347941086951197e-09 -2.2868175992389966e-09 -1.6781474583332696e-09 -1.1963725228632914e-09 -7.9600282767841125e-10 -4.6866545356501009e-10 -1.6216816576429130e-10 4.5961248466351547e-10 
-1.1495744998824175e-08 -5.5168938832551165e-09 -3.9750673573367810e-09 -3.0532404665655621e-09 -2.3912933654189371e-09 -1.8650169395391399e-09 -1.4145469009832529e-09 -1.0058239628443917e-09 -6.3933755139917128e-10 -1.7386052700093878e-10 
