1.684748220236e-10 4.543583434997e-10 6.399765067944e-10 7.632347399772e-10 8.528629908418e-10 9.241342312047e-10 9.851923668132e-10 1.041398583508e-09 1.098437836107e-09 1.176548240740e-09 
1.656224394571e-11 1.404016366900e-10 3.450264443731e-10 5.450350339918e-10 7.087057745105e-10 8.407760331907e-10 9.536154130929e-10 1.057387376835e-09 1.162687040998e-09 1.306888079783e-09 
1.075133204141e-12 2.341045924729e-11 1.120600859845e-10 2.730822810390e-10 4.565599313637e-10 6.210749378289e-10 7.628036590539e-10 8.925745229161e-10 1.024096231034e-09 1.204189558637e-09 
-5.809401393020e-14 2.884040137986e-13 1.586795321078e-11 8.771443246058e-11 2.287160529846e-10 3.971397056166e-10 5.571400838492e-10 7.048793291528e-10 8.538820545698e-10 1.057685234410e-09 
-2.306776198140e-14 -7.310900026656e-13 -2.112251135670e-12 1.173680389905e-11 7.542000850999e-11 2.001938682111e-10 3.576903500987e-10 5.180119066254e-10 6.799951533724e-10 9.002094867282e-10 
-2.193966083384e-15 -1.388768247346e-13 -1.218363486139e-12 -2.476308476287e-12 9.104099233228e-12 6.276737668233e-11 1.777211022707e-10 3.356339411613e-10 5.087075385768e-10 7.409279251329e-10 
-8.623911627864e-17 -1.118211230653e-14 -2.012200205401e-13 -1.326666915650e-12 -3.538557473464e-12 2.252045204456e-12 4.608265408354e-11 1.606651803651e-10 3.360852448820e-10 5.799098338834e-10 
-1.356954905241e-18 -3.999078499855e-16 -1.446715060574e-14 -1.966202459533e-13 -1.384636022568e-12 -5.345552359935e-12 -8.110092983435e-12 2.328515643963e-11 1.544412741342e-10 4.134316447105e-10 
-5.647557313231e-21 -3.985044950028e-18 -2.954819534810e-16 -7.884918418974e-15 -1.134119280818e-13 -1.033315941674e-12 -6.154619720098e-12 -2.099331939581e-11 -9.032222812242e-12 2.180579023997e-10 
-1.118591887203e-24 -2.138883717434e-21 -3.781497612663e-19 -2.275960706924e-17 -7.315495167853e-16 -1.558380221300e-14 -2.448058659468e-13 -2.913811239529e-12 -2.350544984954e-11 -3.413911363584e-13 
