-6.7039356280095457e-10 8.3506418349400638e-10 1.2262914851453158e-09 1.4592758684086411e-09 1.6259331743325217e-09 1.7582191150567037e-09 1.8715361012354157e-09 1.9758487745846734e-09 2.0817078950565329e-09 2.2266820796991318e-09 
-2.6888330633426965e-09 -1.2302858049321098e-10 5.4304647397756838e-10 9.5075559941282582e-10 1.2432012630850791e-09 1.4723405539840748e-09 1.6672493192639919e-09 1.8464260884390644e-09 2.0282382776033540e-09 2.2772281255908992e-09 
-3.9306881271462103e-09 -8.6188661570621612e-10 -8.8772608921819562e-11 3.9192355416227081e-10 7.5466740473853892e-10 1.0385679505726216e-09 1.2745064211788779e-09 1.4892260447318811e-09 1.7067297733206371e-09 2.0045631719040132e-09 
-4.8151580634490439e-09 -1.4316772981692981e-09 -5.8465968812601818e-10 -8.0670299939022568e-11 3.1013595297622369e-10 6.3332919789361195e-10 9.0172709731438366e-10 1.1404782089942496e-09 1.3799110989451966e-09 1.7073028306875766e-09 
-5.4793215371742351e-09 -1.8921256062341431e-09 -9.7997179562597752e-10 -4.5139975938836702e-10 -6.5450420763762977e-11 2.6505264609561998e-10 5.5802078411152291e-10 8.1959745529835430e-10 1.0754361681144710e-09 1.4220526418585802e-09 
-5.9939564568653368e-09 -2.2773552128406371e-09 -1.3221274387903962e-09 -7.6156317341819987e-10 -3.7155961921545302e-10 -5.7468241100018294e-11 2.3474922056235091e-10 5.1702102395539223e-10 7.9174524925630219e-10 1.1523493597919683e-09 
-6.3953701458872531e-09 -2.6042764550745431e-09 -1.6270579291544786e-09 -1.0456853487880537e-09 -6.3777555249744322e-10 -3.2751520213525177e-10 -5.9701728567770272e-11 2.1701873417723717e-10 5.1544238204225794e-10 8.9322506165310034e-10 
-6.7110619358014493e-09 -2.8889667952134735e-09 -1.9033578904290183e-09 -1.3144345514357874e-09 -8.9396648376943558e-10 -5.6913248535549605e-10 -3.0968601644159101e-10 -7.4433959653387290e-11 2.1749147654794795e-10 6.3256130092054277e-10 
-7.1015325598447252e-09 -3.2151097100243499e-09 -2.2128831854593987e-09 -1.6136850686239743e-09 -1.1835895098464839e-09 -8.4318716480498550e-10 -5.6041783542903758e-10 -3.2938019061550253e-10 -1.1229817421151167e-10 3.2763300453143882e-10 
-7.7795274548621527e-09 -3.7304519864704009e-09 -2.6862761953428180e-09 -2.0619846139917735e-09 -1.6136922564385987e-09 -1.2572816572815888e-09 -9.5222510834021233e-10 -6.7559505970851690e-10 -4.2839728752387683e-10 -1.1250637593413847e-10 
