-2.2831063509666723e-09 4.6824450063685865e-09 6.4892676097897284e-09 7.5652005645747740e-09 8.3353064240242002e-09 8.9467928145289567e-09 9.4706367708426420e-09 9.9528591357587875e-09 1.0442230651213757e-08 1.1112426120289993e-08 
-1.0230004641376922e-08 -3.4855884260243396e-10 2.2184407167458152e-09 3.7871879720448321e-09 4.9118648862396002e-09 5.7937187697993746e-09 6.5441543421431806e-09 7.2340702481436319e-09 7.9341368883308795e-09 8.8928707911158395e-09 
-1.4424566594271980e-08 -3.1413363501642656e-09 -2.9727388795344872e-10 1.4705326568817807e-09 2.8032186680172876e-09 3.8465175040950955e-09 4.7139873240107372e-09 5.5034947842606251e-09 6.3032153548976175e-09 7.3982861948093198e-09 
-1.7646085090455971e-08 -5.2545593123001690e-09 -2.1516382682808715e-09 -3.0566661629525540e-10 1.1242240418110676e-09 2.3070905706917008e-09 3.2904141737295992e-09 4.1651956358359952e-09 5.0421740536766671e-09 6.2411903046323286e-09 
-2.0479147904726907e-08 -7.0918610860499409e-09 -3.6866129659128490e-09 -1.7127193394619949e-09 -2.7376368401778467e-10 9.5677819711102283e-10 2.0495140818095803e-09 3.0269555961945642e-09 3.9824644667651011e-09 5.2760976290076211e-09 
-2.3207148822324531e-08 -8.8428116912526607e-09 -5.1503552962110071e-09 -2.9821154230027706e-09 -1.4736866765191487e-09 -2.6241468512662911e-10 8.6280853226256398e-10 1.9537577822977912e-09 3.0180453376577060e-09 4.4125492720574764e-09 
-2.6023525989111232e-08 -1.0624666443302515e-08 -6.6552210365768365e-09 -4.2929857726040184e-09 -2.6340610533431607e-09 -1.3724878475577344e-09 -2.8881971589193734e-10 8.2868754911179135e-10 2.0428126829595603e-09 3.5813824344165664e-09 
-2.9201649927611903e-08 -1.2598989788150041e-08 -8.3176262067373153e-09 -5.7592738933587862e-09 -3.9319293816719308e-09 -2.5182351957695327e-09 -1.3889732041372055e-09 -3.7436622699765127e-10 8.8327631568773461e-10 2.6954212196665240e-09 
-3.3985028405530138e-08 -1.5415769861784019e-08 -1.0627148603763860e-08 -7.7641818955694661e-09 -5.7090858946023919e-09 -4.0818430382563698e-09 -2.7272250002654360e-09 -1.6173641163343177e-09 -5.9326756790699595e-10 1.4967856164677542e-09 
-4.4390171906286072e-08 -2.1346004947567704e-08 -1.5403372748853969e-08 -1.1850393136204239e-08 -9.2990622297883399e-09 -7.2706260565737840e-09 -5.5341201448281495e-09 -3.9561062107570206e-09 -2.5285413195748702e-09 -7.4674305890418135e-10 
