1.0539461286464419e-07 3.3761367211795488e-08 6.5449127897897155e-09 8.4090199422436066e-10 7.6049856172000117e-11 4.4903902827957309e-12 1.4850934246454769e-13 2.0742039209501638e-15 6.6656940336212931e-18 7.7551560124038935e-22 
3.3761367211795488e-08 1.0856476472813264e-07 4.6034461583928849e-08 1.3811694266430574e-08 2.5826824984444703e-09 3.0369157136981908e-10 2.0257835750529088e-11 5.9595124683700746e-13 4.3485015936261854e-15 1.3420518822039350e-18 
6.5449127897897155e-09 4.6034461583928849e-08 9.5305418133050188e-08 4.3407452190318858e-08 1.5672941790270426e-08 3.3354664556852268e-09 3.9412479416818737e-10 2.1015512125193339e-11 2.9928236265668455e-13 2.1526145673826213e-16 
8.4090199422436066e-10 1.3811694266430574e-08 4.3407452190318858e-08 8.4468577315738070e-08 3.8187704529455290e-08 1.4574623747570572e-08 3.0063280575619827e-09 2.8071687834327800e-10 7.3936117072377373e-12 1.1742095582979765e-14 
7.6049856172000117e-11 2.5826824984444703e-09 1.5672941790270426e-08 3.8187704529455290e-08 7.5726971697852288e-08 3.2580001253590721e-08 1.1939864506484138e-08 1.9899138355026884e-09 9.7646121428581284e-11 3.4098091221606627e-13 
4.4903902827957309e-12 3.0369157136981908e-10 3.3354664556852268e-09 1.4574623747570572e-08 3.2580001253590721e-08 6.8519474174608065e-08 2.6947403747345804e-08 8.3770098403766008e-09 8.0651698139694005e-10 6.5125702390428660e-12 
1.4850934246454769e-13 2.0257835750529088e-11 3.9412479416818737e-10 3.0063280575619827e-09 1.1939864506484138e-08 2.6947403747345804e-08 6.2219424184109055e-08 2.0993051378496823e-08 4.3268779539483229e-09 9.0298687056313990e-11 
2.0742039209501638e-15 5.9595124683700746e-13 2.1015512125193339e-11 2.8071687834327800e-10 1.9899138355026884e-09 8.3770098403766008e-09 2.0993051378496823e-08 5.6267337287442009e-08 1.4186312726938431e-08 9.2532360968340326e-10 
6.6656940336212931e-18 4.3485015936261854e-15 2.9928236265668455e-13 7.3936117072377373e-12 9.7646121428581284e-11 8.0651698139694005e-10 4.3268779539483229e-09 1.4186312726938431e-08 5.0301628565489337e-08 6.4055795067749694e-09 
7.7551560124038935e-22 1.3420518822039350e-18 2.1526145673826213e-16 1.1742095582979765e-14 3.4098091221606627e-13 6.5125702390428660e-12 9.0298687056313990e-11 9.2532360968340326e-10 6.4055795067749694e-09 4.0925640353681800e-08 
