7.6075574032067081e-08 2.2096927274218535e-08 4.4092857270760170e-09 5.7855320887629216e-10 5.3148675286697346e-11 3.1762057975670367e-12 1.0603070460498937e-13 1.4912650862014866e-15 4.8117137447656269e-18 5.5869436101013538e-22 
2.2096927274218535e-08 8.2088273434668216e-08 3.1509657844976181e-08 9.6063077449529970e-09 1.8190285691918052e-09 2.1601714377816019e-10 1.4518037038877233e-11 4.2933787065034527e-13 3.1399222590559906e-15 9.6573292763231034e-19 
4.4092857270760170e-09 3.1509657844976181e-08 7.4775944118668948e-08 3.0477165408476899e-08 1.1109656798005412e-08 2.3825675029793747e-09 2.8319053264555719e-10 1.5158313144807932e-11 2.1607370480979878e-13 1.5469786759926756e-16 
5.7855320887629216e-10 9.6063077449529970e-09 3.0477165408476899e-08 6.8035716425435973e-08 2.7223150049823970e-08 1.0449136537310304e-08 2.1646459029971503e-09 2.0262494478710584e-10 5.3355450304857865e-12 8.4253891669676364e-15 
5.3148675286697346e-11 1.8190285691918052e-09 1.1109656798005412e-08 2.7223150049823970e-08 6.2247806003659050e-08 2.3431323234736266e-08 8.6110599329341458e-09 1.4367675785301989e-09 7.0408295680360872e-11 2.4420680736090513e-13 
3.1762057975670367e-12 2.1601714377816019e-10 2.3825675029793747e-09 1.0449136537310304e-08 2.3431323234736266e-08 5.7268937821592542e-08 1.9453751612772493e-08 6.0467998253456786e-09 5.8076067329996804e-10 4.6530577159686981e-12 
1.0603070460498937e-13 1.4518037038877233e-11 2.8319053264555719e-10 2.1646459029971503e-09 8.6110599329341458e-09 1.9453751612772493e-08 5.2762241167884366e-08 1.5136637701165164e-08 3.1086467204357578e-09 6.4300338640595693e-11 
1.4912650862014866e-15 4.2933787065034527e-13 1.5158313144807932e-11 2.0262494478710584e-10 1.4367675785301989e-09 6.0467998253456786e-09 1.5136637701165164e-08 4.8388209246555389e-08 1.0151648462189504e-08 6.5541835490233097e-10 
4.8117137447656269e-18 3.1399222590559906e-15 2.1607370480979878e-13 5.3355450304857865e-12 7.0408295680360872e-11 5.8076067329996804e-10 3.1086467204357578e-09 1.0151648462189504e-08 4.3900974327052817e-08 4.4939634062231530e-09 
5.5869436101013538e-22 9.6573292763231034e-19 1.5469786759926756e-16 8.4253891669676364e-15 2.4420680736090513e-13 4.6530577159686981e-12 6.4300338640595693e-11 6.5541835490233097e-10 4.4939634062231530e-09 3.6957891705249288e-08 
