2.8836688863269313e-07 9.7550278140761192e-08 1.7995855356879777e-08 2.2573123965091827e-09 2.0233904780668496e-10 1.1969995153400230e-11 4.0043802095175842e-13 5.7167813837889647e-15 1.9062627482350316e-17 2.3729806475678255e-21 
9.7550278140761192e-08 2.5070962449134487e-07 1.2418495262927712e-07 3.6815126008997577e-08 6.8735632193882853e-09 8.1412454045917110e-10 5.5157142296535608e-11 1.6634607981608420e-12 1.2609495174000874e-14 4.1583721950009854e-18 
1.7995855356879777e-08 1.2418495262927712e-07 2.0724038853424509e-07 1.1546237534304255e-07 4.1858828513348800e-08 9.0065048530626885e-09 1.0838248335153078e-09 5.9367156823760838e-11 8.7923959435916315e-13 6.7510055399558410e-16 
2.2573123965091827e-09 3.6815126008997577e-08 1.1546237534304255e-07 1.7830691210789514e-07 1.0271110369226882e-07 3.9738007888915498e-08 8.3625101962230234e-09 8.0307706062504064e-10 2.2012505935833321e-11 3.7283652917065821e-14 
2.0233904780668496e-10 6.8735632193882853e-09 4.1858828513348800e-08 1.0271110369226882e-07 1.5743432976431405e-07 8.9986221231796684e-08 3.3683300495372576e-08 5.7764054746984237e-09 2.9500080341587725e-10 1.0971315135587985e-12 
1.1969995153400230e-11 8.1412454045917110e-10 9.0065048530626885e-09 3.9738007888915498e-08 8.9986221231796684e-08 1.4145124198839416e-07 7.7372931558192133e-08 2.4755873938828220e-08 2.4791259470384786e-09 2.1274728308335596e-11 
4.0043802095175842e-13 5.5157142296535608e-11 1.0838248335153078e-09 8.3625101962230234e-09 3.3683300495372576e-08 7.7372931558192133e-08 1.2807782301373785e-07 6.3456806292125843e-08 1.3592666400601889e-08 3.0065015935819447e-10 
5.7167813837889647e-15 1.6634607981608420e-12 5.9367156823760838e-11 8.0307706062504064e-10 5.7764054746984237e-09 2.4755873938828220e-08 6.3456806292125843e-08 1.1552892843886172e-07 4.5874425586476200e-08 3.1647001125775774e-09 
1.9062627482350316e-17 1.2609495174000874e-14 8.7923959435916315e-13 2.2012505935833321e-11 2.9500080341587725e-10 2.4791259470384786e-09 1.3592666400601889e-08 4.5874425586476200e-08 1.0270500713770703e-07 2.2826295791297858e-08 
2.3729806475678255e-21 4.1583721950009854e-18 6.7510055399558410e-16 3.7283652917065821e-14 1.0971315135587985e-12 2.1274728308335596e-11 3.0065015935819447e-10 3.1647001125775774e-09 2.2826295791297858e-08 7.6608744262940870e-08 
