2.0798844119605727e-07 7.0331694655780543e-08 1.3066177693693687e-08 1.6378656407795843e-09 1.4609613551830937e-10 8.5731766518062516e-12 2.8360925313747300e-13 3.9896396756196454e-15 1.3040250354717848e-17 1.5754000692587850e-21 
7.0331694655780543e-08 1.8965785672481440e-07 9.0163740205792593e-08 2.6633543531549926e-08 4.9394408638163675e-09 5.7953844184214004e-10 3.8793414712825745e-11 1.1524779673699188e-12 8.5685364729214186e-15 2.7470381667900125e-18 
1.3066177693693687e-08 9.0163740205792593e-08 1.5782515219898344e-07 8.3149054619133250e-08 2.9914069856830377e-08 6.3725775338376324e-09 7.5746421166401124e-10 4.0867263332253960e-11 5.9391105730000244e-13 4.4391761916346084e-16 
1.6378656407795843e-09 2.6633543531549926e-08 8.3149054619133250e-08 1.3561478212527248e-07 7.2900643098597428e-08 2.7923637526266761e-08 5.8051765918684578e-09 5.4929818754623846e-10 1.4782170271436589e-11 2.4403567492804327e-14 
1.4609613551830937e-10 4.9394408638163675e-09 2.9914069856830377e-08 7.2900643098597428e-08 1.1917311311006869e-07 6.2723275611144717e-08 2.3203676071944113e-08 3.9234386592674386e-09 1.9687931261272400e-10 7.1464629896792293e-13 
8.5731766518062516e-12 5.7953844184214004e-10 6.3725775338376324e-09 2.7923637526266761e-08 6.2723275611144717e-08 1.0639388980126999e-07 5.2827313275256145e-08 1.6678630463399302e-08 1.6429439654983880e-09 1.3782173219131780e-11 
2.8360925313747300e-13 3.8793414712825745e-11 7.5746421166401124e-10 5.8051765918684578e-09 2.3203676071944113e-08 5.2827313275256145e-08 9.5685206906093596e-08 4.2340632842564548e-08 8.9326354444655050e-09 1.9344235523639338e-10 
3.9896396756196454e-15 1.1524779673699188e-12 4.0867263332253960e-11 5.4929818754623846e-10 3.9234386592674386e-09 1.6678630463399302e-08 4.2340632842564548e-08 8.5798896882037358e-08 2.9827360943490289e-08 2.0171512005215702e-09 
1.3040250354717848e-17 8.5685364729214186e-15 5.9391105730000244e-13 1.4782170271436589e-11 1.9687931261272400e-10 1.6429439654983880e-09 8.9326354444655050e-09 2.9827360943490289e-08 7.5927298008379377e-08 1.4359072715472387e-08 
1.5754000692587850e-21 2.7470381667900125e-18 4.4391761916346084e-16 2.4403567492804327e-14 7.1464629896792293e-13 1.3782173219131780e-11 1.9344235523639338e-10 2.0171512005215702e-09 1.4359072715472387e-08 5.8103348980131449e-08 
