1.067257229211e-07 3.425310059468e-08 6.631403699979e-09 8.510619408499e-10 7.688668413604e-11 4.541203990411e-12 1.501663375635e-13 2.096535312360e-15 6.751558045538e-18 7.843086442714e-22 
3.425310059468e-08 1.096464668583e-07 4.660376593728e-08 1.396835839737e-08 2.611194104819e-09 3.071686244410e-10 2.047268240768e-11 6.029746387643e-13 4.402238245457e-15 1.358724332082e-18 
6.631403699979e-09 4.660376593728e-08 9.607677890103e-08 4.388230517234e-08 1.585160007022e-08 3.372380075861e-09 3.983608770354e-10 2.127938870136e-11 3.027348795587e-13 2.182062560781e-16 
8.510619408499e-10 1.396835839737e-08 4.388230517234e-08 8.510635436061e-08 3.862027959867e-08 1.472935508364e-08 3.040863357309e-09 2.842943291899e-10 7.474408389733e-12 1.191642067092e-14 
7.688668413604e-11 2.611194104819e-09 1.585160007022e-08 3.862027959867e-08 7.623395040270e-08 3.293699539986e-08 1.208875106032e-08 2.014289074377e-09 9.871016906223e-11 3.463266935599e-13 
4.541203990411e-12 3.071686244410e-10 3.372380075861e-09 1.472935508364e-08 3.293699539986e-08 6.901295735536e-08 2.728984499906e-08 8.471308580744e-09 8.160264046402e-10 6.616383794928e-12 
1.501663375635e-13 2.047268240768e-11 3.983608770354e-10 3.040863357309e-09 1.208875106032e-08 2.728984499906e-08 6.261315200156e-08 2.122227271943e-08 4.386371461481e-09 9.168020343647e-11 
2.096535312360e-15 6.029746387643e-13 2.127938870136e-11 2.842943291899e-10 2.014289074377e-09 8.471308580744e-09 2.122227271943e-08 5.662944038210e-08 1.440768094438e-08 9.377301049569e-10 
6.751558045538e-18 4.402238245457e-15 3.027348795587e-13 7.474408389733e-12 9.871016906223e-11 8.160264046402e-10 4.386371461481e-09 1.440768094438e-08 5.061820546389e-08 6.483732780900e-09 
7.843086442714e-22 1.358724332082e-18 2.182062560781e-16 1.191642067092e-14 3.463266935599e-13 6.616383794928e-12 9.168020343647e-11 9.377301049569e-10 6.483732780900e-09 4.114275908332e-08 
