7.7457627439636851e-07 2.8499852709538414e-07 5.5452254672361817e-08 7.3372820027690321e-09 6.9373340732783732e-10 4.3094777872237446e-11 1.5028470819218424e-12 2.2639827953751371e-14 8.0845092739582141e-17 1.0422907892549917e-20 
2.8499852709538414e-07 7.0697790339055679e-07 3.9790370401419614e-07 1.2400140288046590e-07 2.4316108902744308e-08 3.0020624482109521e-09 2.1216367900936596e-10 6.7723333047771053e-12 5.4276897305698753e-14 1.8294908300933289e-17 
5.5452254672361817e-08 3.9790370401419614e-07 6.2669079306982116e-07 4.0327212434158315e-07 1.5207165709898360e-07 3.3921930543959147e-08 4.2694961360617265e-09 2.4708883390310557e-10 3.8188794275075145e-12 2.9763714903592650e-15 
7.3372820027690321e-09 1.2400140288046590e-07 4.0327212434158315e-07 5.7056870978516056e-07 3.8271518813218197e-07 1.5337038352894456e-07 3.3792969892273808e-08 3.4045407838966800e-09 9.6144657889104048e-11 1.6489284571748346e-13 
6.9373340732783732e-10 2.4316108902744308e-08 1.5207165709898360e-07 3.8271518813218197e-07 5.2376745137226966e-07 3.5806202889865449e-07 1.3985230427332156e-07 2.4867524886135841e-08 1.2931140213373176e-09 4.8751753409780723e-12 
4.3094777872237446e-11 3.0020624482109521e-09 3.3921930543959147e-08 1.5337038352894456e-07 3.5806202889865449e-07 4.9490019827198598e-07 3.2953633087273891e-07 1.0779786485234945e-07 1.0896784894660290e-08 9.5210064357725279e-11 
1.5028470819218424e-12 2.1216367900936596e-10 4.2694961360617265e-09 3.3792969892273808e-08 1.3985230427332156e-07 3.2953633087273891e-07 4.6172305537006589e-07 2.7816887440318975e-07 5.9978731262102236e-08 1.3607258493934763e-09 
2.2639827953751371e-14 6.7723333047771053e-12 2.4708883390310557e-10 3.4045407838966800e-09 2.4867524886135841e-08 1.0779786485234945e-07 2.7816887440318975e-07 4.1274198721513486e-07 2.0440863206312513e-07 1.4603249265902585e-08 
8.0845092739582141e-17 5.4276897305698753e-14 3.8188794275075145e-12 9.6144657889104048e-11 1.2931140213373176e-09 1.0896784894660290e-08 5.9978731262102236e-08 2.0440863206312513e-07 3.6852759275175517e-07 1.0899938271866983e-07 
1.0422907892549917e-20 1.8294908300933289e-17 2.9763714903592650e-15 1.6489284571748346e-13 4.8751753409780723e-12 9.5210064357725279e-11 1.3607258493934763e-09 1.4603249265902585e-08 1.0899938271866983e-07 2.6844903152669888e-07 
