1.3921701595059884e-07 4.6362624694859199e-08 8.8013124144487286e-09 1.1148904007689864e-09 9.9889487227602699e-11 5.8635390370857288e-12 1.9328241014039477e-13 2.6972976597651398e-15 8.6915438580215003e-18 1.0214063315198917e-21 
4.6362624694859199e-08 1.3662842743027676e-07 6.1240738195061565e-08 1.8190828811288764e-08 3.3790538158976655e-09 3.9571655624746055e-10 2.6346202433607967e-11 7.7542090861433509e-13 5.6795830684597200e-15 1.7716721280276596e-18 
8.8013124144487286e-09 6.1240738195061565e-08 1.1668936712995264e-07 5.6878115817950311e-08 2.0448534352428824e-08 4.3407380693380259e-09 5.1253199057543994e-10 2.7369829652757832e-11 3.9159276070743820e-13 2.8484161126324736e-16 
1.1148904007689864e-09 1.8190828811288764e-08 5.6878115817950311e-08 1.0164992920816866e-07 4.9723913760632488e-08 1.8954448574034837e-08 3.9110411125417349e-09 3.6606180262268251e-10 9.6934883846030863e-12 1.5576791618216034e-14 
9.9889487227602699e-11 3.3790538158976655e-09 2.0448534352428824e-08 4.9723913760632488e-08 9.0013255317265268e-08 4.2371448092131562e-08 1.5548273882191037e-08 2.5994724354515576e-09 1.2832552364643202e-10 4.5360593408175856e-13 
5.8635390370857288e-12 3.9571655624746055e-10 4.3407380693380259e-09 1.8954448574034837e-08 4.2371448092131562e-08 8.0684283286931674e-08 3.5154295215459926e-08 1.0970460870428356e-08 1.0631558268228486e-09 8.6922256728111306e-12 
1.9328241014039477e-13 2.6346202433607967e-11 5.1253199057543994e-10 3.9110411125417349e-09 1.5548273882191037e-08 3.5154295215459926e-08 7.2707740496777255e-08 2.7591351577078595e-08 5.7276013862290736e-09 1.2103202894425891e-10 
2.6972976597651398e-15 7.7542090861433509e-13 2.7369829652757832e-11 3.6606180262268251e-10 2.5994724354515576e-09 1.0970460870428356e-08 2.7591351577078595e-08 6.5282422970314051e-08 1.8892626872776551e-08 1.2479476671535642e-09 
8.6915438580215003e-18 5.6795830684597200e-15 3.9159276070743820e-13 9.6934883846030863e-12 1.2832552364643202e-10 1.0631558268228486e-09 5.7276013862290736e-09 1.8892626872776551e-08 5.7907269876175778e-08 8.7277823583140649e-09 
1.0214063315198917e-21 1.7716721280276596e-18 2.8484161126324736e-16 1.5576791618216034e-14 4.5360593408175856e-13 8.6922256728111306e-12 1.2103202894425891e-10 1.2479476671535642e-09 8.7277823583140649e-09 4.5863535158499624e-08 
