1.067220171652e-07 3.425416162506e-08 6.631622612663e-09 8.510122649787e-10 7.687730400808e-11 4.540558597072e-12 1.501434024040e-13 2.096194096533e-15 6.750380508453e-18 7.841622034713e-22 
3.425416162506e-08 1.096498859825e-07 4.660229111632e-08 1.396687114914e-08 2.610837297041e-09 3.071230523511e-10 2.046945257708e-11 6.028738984049e-13 4.401454830239e-15 1.358468577179e-18 
6.631622612663e-09 4.660229111632e-08 9.607008507556e-08 4.387652194153e-08 1.584930936327e-08 3.371862743842e-09 3.982964082385e-10 2.127575391218e-11 3.026801647319e-13 2.181648425146e-16 
8.510122649787e-10 1.396687114914e-08 4.387652194153e-08 8.509821302346e-08 3.861445082877e-08 1.472702267288e-08 3.040358885353e-09 2.842447410953e-10 7.473040343675e-12 1.191413858827e-14 
7.687730400808e-11 2.610837297041e-09 1.584930936327e-08 3.861445082877e-08 7.622640157155e-08 3.293161137000e-08 1.208669123926e-08 2.013930324770e-09 9.869189716013e-11 3.462597102473e-13 
4.540558597072e-12 3.071230523511e-10 3.371862743842e-09 1.472702267288e-08 3.293161137000e-08 6.900605731219e-08 2.728505773626e-08 8.469768870583e-09 8.158735805606e-10 6.615090144466e-12 
1.501434024040e-13 2.046945257708e-11 3.982964082385e-10 3.040358885353e-09 1.208669123926e-08 2.728505773626e-08 6.260693871926e-08 2.121834310294e-08 4.385537801277e-09 9.166206658986e-11 
2.096194096533e-15 6.028738984049e-13 2.127575391218e-11 2.842447410953e-10 2.013930324770e-09 8.469768870583e-09 2.121834310294e-08 5.662407363063e-08 1.440488467458e-08 9.375426131703e-10 
6.750380508453e-18 4.401454830239e-15 3.026801647319e-13 7.473040343675e-12 9.869189716013e-11 8.158735805606e-10 4.385537801277e-09 1.440488467458e-08 5.061375001253e-08 6.482433857091e-09 
7.841622034713e-22 1.358468577179e-18 2.181648425146e-16 1.191413858827e-14 3.462597102473e-13 6.615090144466e-12 9.166206658986e-11 9.375426131703e-10 6.482433857091e-09 4.114015898160e-08 
