4.067439259812e-07 1.387628333869e-07 2.571377738642e-08 3.249690510528e-09 2.948886507731e-10 1.771969803101e-11 6.032003025056e-13 8.784663316498e-15 2.996956222590e-17 3.852277932679e-21 
1.387628333869e-07 3.458015273707e-07 1.783522684079e-07 5.341281123144e-08 1.011342477527e-08 1.217099612217e-09 8.389406636902e-11 2.579018201569e-12 1.996017439154e-14 6.786148622688e-18 
2.571377738642e-08 1.783522684079e-07 2.874810352651e-07 1.691906804559e-07 6.219083019964e-08 1.358534666337e-08 1.662330873406e-09 9.271209636266e-11 1.400504035286e-12 1.106601485178e-15 
3.249690510528e-09 5.341281123144e-08 1.691906804559e-07 2.507330744711e-07 1.542325132804e-07 6.051408612368e-08 1.293405722264e-08 1.262698953781e-09 3.528584869088e-11 6.134547805640e-14 
2.948886507731e-10 1.011342477527e-08 6.219083019964e-08 1.542325132804e-07 2.245335496799e-07 1.384841683943e-07 5.256042938174e-08 9.148463690461e-09 4.761287621877e-10 1.811026280960e-12 
1.771969803101e-11 1.217099612217e-09 1.358534666337e-08 6.051408612368e-08 1.384841683943e-07 2.044762799208e-07 1.218827799238e-07 3.954431195131e-08 4.031819087796e-09 3.522017496666e-11 
6.032003025056e-13 8.389406636902e-11 1.662330873406e-09 1.293405722264e-08 5.256042938174e-08 1.218827799238e-07 1.872481957022e-07 1.024461558804e-07 2.228610900943e-08 4.992984800413e-10 
8.784663316498e-15 2.579018201569e-12 9.271209636266e-11 1.262698953781e-09 9.148463690461e-09 3.954431195131e-08 1.024461558804e-07 1.709137888950e-07 7.578558698861e-08 5.283974282567e-09 
2.996956222590e-17 1.996017439154e-14 1.400504035286e-12 3.528584869088e-11 4.761287621877e-10 4.031819087796e-09 2.228610900943e-08 7.578558698861e-08 1.522364662146e-07 3.863890196897e-08 
3.852277932679e-21 6.786148622688e-18 1.106601485178e-15 6.134547805640e-14 1.811026280960e-12 3.522017496666e-11 4.992984800413e-10 5.283974282567e-09 3.863890196897e-08 1.117356323040e-07 
