-5.4926381618513388e-10 6.5071795986769082e-10 9.6261733418544645e-10 1.1483722182842382e-09 1.2812314580601372e-09 1.3866813633721185e-09 1.4770080005810857e-09 1.5601564722357990e-09 1.6445372844839125e-09 1.7600971055105665e-09 
-2.2148170760438477e-09 -1.0776494102170637e-10 4.3905521791100979e-10 7.7390476379437052e-10 1.0141524493509153e-09 1.2023553821250668e-09 1.3624147339400797e-09 1.5095480294580202e-09 1.6588442396503972e-09 1.8633041468379243e-09 
-3.2852710172592485e-09 -7.2341976152342540e-10 -7.8191231827780987e-11 3.2291749702369521e-10 6.2577268861549703e-10 8.6285390511156267e-10 1.0598351368100716e-09 1.2390706428755978e-09 1.4206229829843881e-09 1.6692269907237080e-09 
-4.0637401164986408e-09 -1.2098648248964904e-09 -4.9541787375306470e-10 -7.0470265256249860e-11 2.5901165555489814e-10 5.3162394936714457e-10 7.5805774893464862e-10 9.5944419371536030e-10 1.1613802590138676e-09 1.4374949776937990e-09 
-4.6543591122873124e-09 -1.6080920821022050e-09 -8.3345838220015997e-10 -3.8460178429795572e-10 -5.6984565347960696e-11 2.2356808251244310e-10 4.7236444953213267e-10 6.9452987225731687e-10 9.1178487326170293e-10 1.2061051305817734e-09 
-5.1125420147803920e-09 -1.9428278014899497e-09 -1.1281743904374228e-09 -6.5009309272971090e-10 -3.1751232826750191e-10 -4.9735911599682440e-11 1.9942025151448733e-10 4.4017503048837541e-10 6.7448794110876503e-10 9.8200576386847633e-10 
-5.4657289148519274e-09 -2.2257390507941152e-09 -1.3906067661299016e-09 -8.9376924301399710e-10 -5.4517706004654856e-10 -2.8006239458367548e-10 -5.1241924008415504e-11 1.8523766862372876e-10 4.4029846679046046e-10 7.6313826797230762e-10 
-5.7333335312646879e-09 -2.4678674127606474e-09 -1.6258287124152359e-09 -1.1227008599922838e-09 -7.6349479052783993e-10 -4.8600582540897368e-10 -2.6440276786324159e-10 -6.3438083959804666e-11 1.8604073424762193e-10 5.4062166427394926e-10 
-6.0411944895878004e-09 -2.7346382356677251e-09 -1.8819790105168143e-09 -1.3722113253581164e-09 -1.0063133093658586e-09 -7.1673089596352202e-10 -4.7621519739068663e-10 -2.7977329783191869e-10 -9.5019279071171734e-11 2.7945702359778071e-10 
-6.5083081305041653e-09 -3.1196545141607604e-09 -2.2458210798186566e-09 -1.7233829953578477e-09 -1.3482347339572622e-09 -1.0499801389955934e-09 -7.9470769856876292e-10 -5.6328073659227544e-10 -3.5681137913869630e-10 -9.2342077576632185e-11 
