-5.3168766879860796e-10 6.2536997165165485e-10 9.2612192002982273e-10 1.1052402914258741e-09 1.2333511000933238e-09 1.3350310997193984e-09 1.4221282441507662e-09 1.5023038411767279e-09 1.5836677167005961e-09 1.6950958305969069e-09 
-2.1461622980016084e-09 -1.0538687137876385e-10 4.2421084221893592e-10 7.4853526904604662e-10 9.8124198406283028e-10 1.1635322419999435e-09 1.3185589368461844e-09 1.4610650667631181e-09 1.6056659952973457e-09 1.8036957478791167e-09 
-3.1908631091075022e-09 -7.0311481740997666e-10 -7.6571834666453719e-11 3.1290928842435835e-10 6.0701140823333229e-10 8.3724971668189791e-10 1.0285387185519504e-09 1.2025902043732333e-09 1.3788904775488594e-09 1.6203025878046381e-09 
-3.9533315635664392e-09 -1.1772636344959493e-09 -4.8228725374203197e-10 -6.8944910464389820e-11 2.5153117053746479e-10 5.1671365131020828e-10 7.3698426381910305e-10 9.3288415398514740e-10 1.1293147577205568e-09 1.3979006882802846e-09 
-4.5330202784941840e-09 -1.5663248426502636e-09 -8.1191480417810956e-10 -3.7477810298730269e-10 -5.5736469033801983e-11 2.1747110090937079e-10 4.5977114517961119e-10 6.7614161955877337e-10 8.8772453344274114e-10 1.1743568037727074e-09 
-4.9831172395329376e-09 -1.8937280817208677e-09 -1.0997161899089675e-09 -6.3374372367299186e-10 -3.0959051800156613e-10 -4.8612205503777176e-11 1.9421976882839876e-10 4.2887793092240586e-10 6.5725933249429890e-10 9.5698524752589282e-10 
-5.3298711243698433e-09 -2.1704474715705974e-09 -1.3560814234612755e-09 -8.7159677315143008e-10 -5.3166992364909935e-10 -2.7314852965589757e-10 -5.0025720875585786e-11 1.8057059756516038e-10 4.2929428426931650e-10 7.4410784867908848e-10 
-5.5914610613609956e-09 -2.4067941074913804e-09 -1.5855904083055303e-09 -1.0949116307700501e-09 -7.4459333978867190e-10 -4.7397067422273527e-10 -2.5785318764291192e-10 -6.1861690878788398e-11 1.8145074854473141e-10 5.2725631733117449e-10 
-5.8892905576211324e-09 -2.6658407451227001e-09 -1.8346121176443233e-09 -1.3376568548283713e-09 -9.8095533244495602e-10 -6.9865189810701035e-10 -4.6418487772444311e-10 -2.7268925672206560e-10 -9.2568096139644886e-11 2.7251959821535962e-10 
-6.3304737377817796e-09 -3.0342608490822862e-09 -2.1842651444709218e-09 -1.6760789041670068e-09 -1.3111644981292215e-09 -1.0210461857894012e-09 -7.7273818401933896e-10 -5.4763232619782124e-10 -3.4684416472947250e-10 -8.9563278295088985e-11 
