-1.8233416662243802e-09 3.3530801755872253e-09 4.6961946593861279e-09 5.4959262105254602e-09 6.0682831004390503e-09 6.5227339132665173e-09 6.9120450734369744e-09 7.2704215392256469e-09 7.6341096384566781e-09 8.1321821974063634e-09 
-7.7618914070268501e-09 -2.6307737052699936e-10 1.6851059756921003e-09 2.8756329387464158e-09 3.7289808389644192e-09 4.3980828783295255e-09 4.9675108908911274e-09 5.4910281421959174e-09 6.0222477888244819e-09 6.7497490034292669e-09 
-1.0853102228821576e-08 -2.3543703199915323e-09 -2.1199199433561490e-10 1.1201197179322807e-09 2.1239146304328712e-09 2.9093957225739857e-09 3.5625794406775365e-09 4.1571738265730676e-09 4.7594932202719443e-09 5.5842658793632401e-09 
-1.3095875792001796e-08 -3.8896760772299236e-09 -1.5849250051435433e-09 -2.1303744248539181e-10 8.5022952470147354e-10 1.7291051295805610e-09 2.4592284083096500e-09 3.1088754515121183e-09 3.7603349598246089e-09 4.6510795157982442e-09 
-1.4952454343260532e-08 -5.1686691641374367e-09 -2.6806978775800688e-09 -1.2386687569449162e-09 -1.8628900924894905e-10 7.1412661231323446e-10 1.5127536734896581e-09 2.2265204921764820e-09 2.9245198373201402e-09 3.8698361459786821e-09 
-1.6646597633714261e-08 -6.3348235489059041e-09 -3.6844248802722055e-09 -2.1285661652382776e-09 -1.0460640318622805e-09 -1.7568342906302655e-10 6.3322694318733329e-10 1.4162382260538785e-09 2.1794875071749451e-09 3.1802655972021187e-09 
-1.8317093493955076e-08 -7.4714227667606838e-09 -4.6758180350874066e-09 -3.0123609560214464e-09 -1.8445596573048026e-09 -9.5638931555047587e-10 -1.9218122213945461e-10 5.9629770086778152e-10 1.4508765387296517e-09 2.5335221706040103e-09 
-2.0131217187582871e-08 -8.6797020674044516e-09 -5.7267887141583040e-09 -3.9623213043770171e-09 -2.7022044889063783e-09 -1.7277545353584986e-09 -9.4940258100333655e-10 -2.4823068003935545e-10 6.2115239283266064e-10 1.8692042989218977e-09 
-2.2881762639230354e-08 -1.0374563089666739e-08 -7.1493402427020370e-09 -5.2211160514194120e-09 -3.8370326449285726e-09 -2.7412345943389296e-09 -1.8294910665022745e-09 -1.0828994852491957e-09 -3.9136985128071197e-10 1.0179038601722335e-09 
-2.8910636800493264e-08 -1.3895833600570739e-08 -1.0023959642675864e-08 -7.7090854837635486e-09 -6.0468379503771587e-09 -4.7252843025083720e-09 -3.5939758584295093e-09 -2.5663186963572292e-09 -1.6387424821298655e-09 -4.7569290986808214e-10 
