-1.1208499534253189e-08 2.0883312604771134e-08 2.9213432918415501e-08 3.4176549210979761e-08 3.7727510456705992e-08 4.0546089514629197e-08 4.2960454118152085e-08 4.5182950124189879e-08 4.7438385336754046e-08 5.0527214485521233e-08 
-5.5942698511469208e-08 -2.9511650814781700e-09 1.0790639927286576e-08 1.9212932945916000e-08 2.5260050443848264e-08 2.9996029295283003e-08 3.4022254670016343e-08 3.7722733466865824e-08 4.1477514479094031e-08 4.6619648512076511e-08 
-8.6886298861915273e-08 -1.9469482053410475e-08 -2.4962395310322513e-09 8.0411392569023652e-09 1.6003685813730084e-08 2.2250998136304007e-08 2.7441673357543311e-08 3.2159809696136271e-08 3.6937138313734948e-08 4.3478601961796518e-08 
-1.1504354332110077e-07 -3.4718032526820761e-08 -1.4582585319473349e-08 -2.6386737981703753e-09 6.5779421506354286e-09 1.4237984817166501e-08 2.0632216500019925e-08 2.6312409621378442e-08 3.1997424898228302e-08 3.9767762668965286e-08 
-1.4478570692587470e-07 -5.0527600723317359e-08 -2.6525457732908977e-08 -1.2610417684137853e-08 -2.5260413654344178e-09 6.0877111278456955e-09 1.3789173731347322e-08 2.0693871720192429e-08 2.7427536596110167e-08 3.6534820103937955e-08 
-1.7373519230091777e-07 -6.6375952947839539e-08 -3.8771885711159040e-08 -2.2551640125523331e-08 -1.1282080812040673e-08 -2.2630800801003010e-09 6.1314694084249904e-09 1.4300231692449634e-08 2.2263710712016892e-08 3.2686137382557659e-08 
-1.9841751188199362e-07 -8.1017721716007484e-08 -5.0755514908633960e-08 -3.2744963264914522e-08 -2.0097654677695607e-08 -1.0487205688771376e-08 -2.2308825156833928e-09 6.2971077868556473e-09 1.5554903679792845e-08 2.7280862547025524e-08 
-2.2168520590515523e-07 -9.5627127679889932e-08 -6.3121476650345841e-08 -4.3697960492728183e-08 -2.9825306908977945e-08 -1.9095305061796891e-08 -1.0523410416066610e-08 -2.8108943403828476e-09 6.7378804476515809e-09 2.0488179845131608e-08 
-2.6006246839766394e-07 -1.1801024838897656e-07 -8.1379338633975864e-08 -5.9479251992946426e-08 -4.3759105969805098e-08 -3.1311473993034445e-08 -2.0945881611572683e-08 -1.2441889083670097e-08 -4.6225289791303513e-09 1.1325959886244402e-08 
-3.5619143445630599e-07 -1.7137166898776474e-07 -1.2371211064636104e-07 -9.5217928821607615e-08 -7.4757035529727848e-08 -5.8489719018281336e-08 -4.4562992187432050e-08 -3.1900531861206603e-08 -2.0412806063652087e-08 -6.1746782931575586e-09 
