-2.0326378062922970e-09 3.9430697121247291e-09 5.4933166717205229e-09 6.4164075381181579e-09 7.0770811571123087e-09 7.6016643171067565e-09 8.0510565507801068e-09 8.4647401222832993e-09 8.8845550557859922e-09 9.4594936328542432e-09 
-8.8505988236644136e-09 -2.9840999688466933e-10 1.9233718220146439e-09 3.2810679841263374e-09 4.2543023214854051e-09 5.0174135970708458e-09 5.6668323733017944e-09 6.2638853915430871e-09 6.8697218645834195e-09 7.6994101870132694e-09 
-1.2406537368692074e-08 -2.6950250395279663e-09 -2.4702488017334967e-10 1.2749118494802128e-09 2.4219145059228218e-09 3.3196060920012428e-09 4.0660702300597698e-09 4.7455253015031452e-09 5.4337909990954429e-09 6.3762498808098041e-09 
-1.5050608395784742e-08 -4.4748888484855916e-09 -1.8270675665517780e-09 -2.5132385490951050e-10 9.6962906636758904e-10 1.9791700264860162e-09 2.8180912848556735e-09 3.5644857409398273e-09 4.3128694183706946e-09 5.3361089977162467e-09 
-1.7305292279113793e-08 -5.9866693618655979e-09 -3.1081057797643137e-09 -1.4396240565811142e-09 -2.2258292195420955e-10 8.1848179425726252e-10 1.7423604853783060e-09 2.5683721624740844e-09 3.3759996767923774e-09 4.4696216122450654e-09 
-1.9419893608275846e-08 -7.3943973174091641e-09 -4.3034136783371564e-09 -2.4886896970622556e-09 -1.2261546452311989e-09 -2.1161697392002594e-10 7.3109743537896012e-10 1.6442954408874688e-09 2.5347732456067877e-09 3.7019831307695920e-09 
-2.1554679678535711e-08 -8.7956610347772630e-09 -5.5068480112645808e-09 -3.5498185308613270e-09 -2.1757228664125530e-09 -1.1307158201253294e-09 -2.3226806735939906e-10 6.9449969419611602e-10 1.7001327792812822e-09 2.9742810978315826e-09 
-2.3922121038958119e-08 -1.0317307490344586e-08 -6.8091381978158099e-09 -4.7128692179531820e-09 -3.2157010165386565e-09 -2.0577190575133666e-09 -1.1327801432835285e-09 -3.0061486629286041e-10 7.3115801961724735e-10 2.2149072425266723e-09 
-2.7508162099931084e-08 -1.2474887763548830e-08 -8.5982676796150483e-09 -6.2805998331527223e-09 -4.6169631198420676e-09 -3.2997701517739183e-09 -2.2035547100892371e-09 -1.3056576348931797e-09 -4.7561488591669874e-10 1.2171611093268991e-09 
-3.5345237840056555e-08 -1.6992426346247241e-08 -1.2259778631130862e-08 -9.4302743573638742e-09 -7.3984849841399262e-09 -5.7831289243569925e-09 -4.4002881286902340e-09 -3.1439079244216878e-09 -2.0087737368543603e-09 -5.8836891976707075e-10 
