4.135197715383e-10 1.078617099691e-09 1.496055797420e-09 1.770759679732e-09 1.970200632064e-09 2.128786383129e-09 2.264651773835e-09 2.389721451707e-09 2.516644829420e-09 2.690455385315e-09 
3.636578533003e-11 3.002079432962e-10 7.244627688331e-10 1.131890020317e-09 1.462781503822e-09 1.729395512352e-09 1.957221776813e-09 2.166758818608e-09 2.379382819113e-09 2.670557590056e-09 
2.279363901483e-12 4.807249051785e-11 2.246931628790e-10 5.386439594537e-10 8.914859147598e-10 1.206068319360e-09 1.476841949076e-09 1.724806812332e-09 1.976136851679e-09 2.320287048000e-09 
-1.036123921695e-13 8.167073019724e-13 3.152457755133e-11 1.681475033829e-10 4.316507426580e-10 7.435711694988e-10 1.038691684559e-09 1.310976540727e-09 1.585639817965e-09 1.961339494866e-09 
-4.304934434150e-14 -1.338857170294e-12 -3.686305004226e-12 2.236952817427e-11 1.394979009619e-10 3.664367625925e-10 6.506471056647e-10 9.390726131156e-10 1.230462143638e-09 1.626663858006e-09 
-4.040929709528e-15 -2.532396153131e-13 -2.196960014214e-12 -4.321622504503e-12 1.697096534523e-11 1.133939036706e-10 3.178175486224e-10 5.975602995167e-10 9.038430915755e-10 1.314825287273e-09 
-1.565814294481e-16 -2.010575553099e-14 -3.584632910276e-13 -2.340934195465e-12 -6.168503602993e-12 4.220712493148e-12 8.164565392037e-11 2.833853759296e-10 5.913375751831e-10 1.019276505993e-09 
-2.418042196285e-18 -7.075219491653e-16 -2.550060677275e-14 -3.458640484281e-13 -2.431345476574e-12 -9.353494866980e-12 -1.401504905924e-11 4.114274871027e-11 2.699660830397e-10 7.231756324103e-10 
-9.939486452226e-21 -7.004539144502e-18 -5.185650499963e-16 -1.380915991428e-14 -1.981727734956e-13 -1.802661250622e-12 -1.075004792040e-11 -3.701277534540e-11 -1.755183832127e-11 3.837341570241e-10 
-1.952284947672e-24 -3.730681380685e-21 -6.599388381460e-19 -3.979186763074e-17 -1.283032154324e-15 -2.745438970826e-14 -4.337934063412e-13 -5.198483380622e-12 -4.226911221346e-11 -3.314516488653e-12 
