2.637188675205e-10 7.009427059824e-10 9.805074752109e-10 1.165355199093e-09 1.299664981960e-09 1.406463817114e-09 1.497960100640e-09 1.582185967438e-09 1.667660163248e-09 1.784709745881e-09 
2.469138035905e-11 2.067234833978e-10 5.035818514837e-10 7.911992765013e-10 1.025652030120e-09 1.214690782036e-09 1.376214849668e-09 1.524766208649e-09 1.675505347492e-09 1.881932807053e-09 
1.577814503622e-12 3.381880090350e-11 1.599347074150e-10 3.864709817519e-10 6.427478327921e-10 8.718206778263e-10 1.069065083642e-09 1.249682193496e-09 1.432744008118e-09 1.683412609198e-09 
-7.813964565618e-14 5.010470479427e-13 2.255137989471e-11 1.223490889001e-10 3.163392982709e-10 5.468584890054e-10 7.653515783996e-10 9.670047900824e-10 1.170401645952e-09 1.448613321342e-09 
-3.172953052324e-14 -9.951784628213e-13 -2.798181655453e-12 1.633638968461e-11 1.031614726103e-10 2.722202955729e-10 4.846764907223e-10 7.005201795420e-10 9.185769138094e-10 1.215053335708e-09 
-2.994523905338e-15 -1.884240898266e-13 -1.642576041833e-12 -3.278993175071e-12 1.251488911289e-11 8.476725456087e-11 2.385240304690e-10 4.490998056270e-10 6.797022559333e-10 9.891283387653e-10 
-1.167169365221e-16 -1.505324618232e-14 -2.694417683578e-13 -1.765590814882e-12 -4.665312910465e-12 3.154822462034e-12 6.150054307127e-11 2.135643291136e-10 4.458875464805e-10 7.686615423227e-10 
-1.817388600108e-18 -5.330696906517e-16 -1.922591162476e-14 -2.607597747719e-13 -1.833208585544e-12 -7.059839309668e-12 -1.061634330270e-11 3.106601375235e-11 2.040371007594e-10 5.454272241033e-10 
-7.493641150396e-21 -5.280702150923e-18 -3.911071634926e-16 -1.042230001091e-14 -1.496550881408e-13 -1.360986461673e-12 -8.094894744549e-12 -2.764409597499e-11 -1.226582925033e-11 2.874352994203e-10 
-1.474546615536e-24 -2.816357747862e-21 -4.975786428180e-19 -2.994173454285e-17 -9.628060363833e-16 -2.053438237009e-14 -3.232578072170e-13 -3.859299720575e-12 -3.123822125021e-11 -1.174630945368e-12 
