1.893521609532e-09 4.505921338972e-09 6.030537989698e-09 7.020093638794e-09 7.737181683752e-09 8.307363309923e-09 8.795874356388e-09 9.245570990911e-09 9.701932456356e-09 1.032677026110e-08 
1.240323965623e-10 9.840365687642e-10 2.321795078417e-09 3.585414997825e-09 4.606218459685e-09 5.428243354888e-09 6.130771710800e-09 6.776929816687e-09 7.432609149792e-09 8.330432312379e-09 
7.295888467527e-12 1.490561406297e-10 6.833407792202e-10 1.620954375294e-09 2.670047777953e-09 3.604795370877e-09 4.409526116366e-09 5.146555204819e-09 5.893584536752e-09 6.916427507391e-09 
-2.925454410543e-13 2.724460863782e-12 9.403685672925e-11 4.973706142091e-10 1.275073375953e-09 2.196698384946e-09 3.070282960877e-09 3.877099985818e-09 4.690970616027e-09 5.804100274948e-09 
-1.267378989888e-13 -3.948577690419e-12 -1.094215769391e-11 6.563618808328e-11 4.111294529177e-10 1.083814488238e-09 1.932440349737e-09 2.798275432586e-09 3.673961214164e-09 4.864213605881e-09 
-1.193295379570e-14 -7.496407817794e-13 -6.540635736996e-12 -1.322378183325e-11 4.870483639769e-11 3.359040606457e-10 9.556837262959e-10 1.815607211653e-09 2.763656119926e-09 4.035841305154e-09 
-4.645144110833e-16 -6.011429659624e-14 -1.084322722074e-12 -7.209775425317e-12 -1.974135973540e-11 9.468898291897e-12 2.461135919593e-10 8.809101453357e-10 1.871109080006e-09 3.256027202852e-09 
-7.310451194752e-18 -2.170260780238e-15 -7.930506940439e-14 -1.091446554023e-12 -7.815633796642e-12 -3.098302901072e-11 -5.093087091640e-11 1.194933470705e-10 8.823452446296e-10 2.438879549679e-09 
-3.123310624745e-20 -2.232316073687e-17 -1.676052833343e-15 -4.532967381209e-14 -6.624174670441e-13 -6.161972124478e-12 -3.782853908122e-11 -1.360523648989e-10 -8.804217936714e-11 1.379392520470e-09 
-6.597483649054e-24 -1.279144119629e-20 -2.293848957744e-18 -1.401818311868e-16 -4.582687081123e-15 -9.956506719264e-14 -1.603275320529e-12 -1.975125204800e-11 -1.684408152704e-10 -4.693822428696e-11 
