3.936657084526e-10 1.029466693064e-09 1.429433752900e-09 1.692776656623e-09 1.883984262367e-09 2.036023362545e-09 2.166279732996e-09 2.286186022890e-09 2.407869390106e-09 2.574477392096e-09 
3.490004519223e-11 2.885826884629e-10 6.971240236490e-10 1.089811906008e-09 1.408846548125e-09 1.665922128090e-09 1.885593254260e-09 2.087628761151e-09 2.292640511297e-09 2.573363959025e-09 
2.190552839766e-12 4.629912659761e-11 2.166944890048e-10 5.199186580962e-10 8.609866424799e-10 1.165134164077e-09 1.426919295303e-09 1.666649959657e-09 1.909632640310e-09 2.242329134657e-09 
-1.009222435395e-13 7.653941221796e-13 3.036356931857e-11 1.624831651723e-10 4.175736110287e-10 7.195738512548e-10 1.005345566507e-09 1.269010874125e-09 1.534971713231e-09 1.898746996849e-09 
-4.175302740609e-14 -1.300517997044e-12 -3.595630157390e-12 2.160690515129e-11 1.349990292556e-10 3.548250438783e-10 6.303047045497e-10 9.098740770661e-10 1.192292736947e-09 1.576278710720e-09 
-3.919476182453e-15 -2.456238147330e-13 -2.132280066350e-12 -4.214114618851e-12 1.636528898962e-11 1.098589746229e-10 3.081825261435e-10 5.794442103313e-10 8.764162346102e-10 1.274890789739e-09 
-1.518267003276e-16 -1.951126171676e-14 -3.481913006594e-13 -2.275236256715e-12 -5.994168426722e-12 4.095263013722e-12 7.913137131853e-11 2.745850068812e-10 5.731445894718e-10 9.879780958041e-10 
-2.348086950506e-18 -6.871583676950e-16 -2.475360337321e-14 -3.355299255495e-13 -2.358355445577e-12 -9.083473048427e-12 -1.368530628791e-11 3.974763069895e-11 2.618836748937e-10 7.012277939782e-10 
-9.641615288272e-21 -6.792367822867e-18 -5.030046658983e-16 -1.340369763628e-14 -1.924922868041e-13 -1.751559770059e-12 -1.043566750343e-11 -3.581402064781e-11 -1.679432919145e-11 3.711821015845e-10 
-1.896648285037e-24 -3.624247243330e-21 -6.407860916980e-19 -3.860102567550e-17 -1.243121802341e-15 -2.656699989011e-14 -4.193991010702e-13 -5.027202151134e-12 -4.095739495555e-11 -3.114323547686e-12 
