7.625625161464e-10 1.925156607842e-09 2.633734789405e-09 3.096986506222e-09 3.432982146298e-09 3.700144277119e-09 3.929035225208e-09 4.139739335150e-09 4.353566223893e-09 4.646334819181e-09 
6.020595740884e-11 4.874392005637e-10 1.162113412301e-09 1.803315825223e-09 2.321980207501e-09 2.739624428136e-09 3.096534911372e-09 3.424806321316e-09 3.757915187031e-09 4.214042191986e-09 
3.661734192033e-12 7.580885131850e-11 3.497419216039e-10 8.312902219136e-10 1.369368901772e-09 1.848071626564e-09 2.259970833876e-09 2.637206344179e-09 3.019570275018e-09 3.543111078125e-09 
-1.518343763920e-13 1.413065969319e-12 4.852829540367e-11 2.555607141428e-10 6.526553665003e-10 1.121141733328e-09 1.563964159022e-09 1.972542327506e-09 2.384700993977e-09 2.948445517995e-09 
-6.489505263220e-14 -2.008555117434e-12 -5.455604641210e-12 3.385329184564e-11 2.091647806146e-10 5.478993552495e-10 9.721481476928e-10 1.402818777999e-09 1.837939593613e-09 2.429542290174e-09 
-6.068775093179e-15 -3.788496178437e-13 -3.277891974683e-12 -6.449319385857e-12 2.519058169174e-11 1.688885862810e-10 4.741199839968e-10 8.921155078758e-10 1.350234303261e-09 1.965023654668e-09 
-2.338304147443e-16 -3.000683958813e-14 -5.356799850275e-13 -3.506047892969e-12 -9.273053591602e-12 6.129078710011e-12 1.215170379036e-10 4.232465853817e-10 8.865447742970e-10 1.531476055503e-09 
-3.612429540921e-18 -1.058624770431e-15 -3.818681640952e-14 -5.184693763713e-13 -3.654902806332e-12 -1.417540092163e-11 -2.193976006866e-11 5.990245696091e-11 4.078410059114e-10 1.101806101842e-09 
-1.489027311416e-20 -1.051125830211e-17 -7.807063954520e-16 -2.088916415478e-14 -3.016080970938e-13 -2.763444345561e-12 -1.660897931748e-11 -5.770921181257e-11 -3.014537836349e-11 5.940158194354e-10 
-2.981956052673e-24 -5.723735759088e-21 -1.016152133863e-18 -6.145032144596e-17 -1.986490775619e-15 -4.263083441377e-14 -6.767967867207e-13 -8.193939634359e-12 -6.817725762374e-11 -1.066114783600e-11 
