1.940471630023e-10 5.213063343332e-10 7.328830965587e-10 8.732043387058e-10 9.752164431572e-10 1.056334313015e-09 1.125828411873e-09 1.189800285082e-09 1.254720243882e-09 1.343608588029e-09 
1.882366474364e-11 1.590213106318e-10 3.897976443357e-10 6.147758785725e-10 7.986636482296e-10 9.470041455698e-10 1.073747820954e-09 1.190308332191e-09 1.308584947546e-09 1.470541747022e-09 
1.216109724956e-12 2.635595262732e-11 1.257294551605e-10 3.057051640971e-10 5.102594314111e-10 6.934782854467e-10 8.513025823512e-10 9.958106823835e-10 1.142270210870e-09 1.342804262103e-09 
-6.443103713225e-14 3.406699105480e-13 1.779760049748e-11 9.774479083039e-11 2.541009055479e-10 4.406722904215e-10 6.177835791986e-10 7.812728245850e-10 9.461661927916e-10 1.171694094348e-09 
-2.560909701158e-14 -8.082890709754e-13 -2.322939223322e-12 1.301381566196e-11 8.347739684786e-11 2.213573180679e-10 3.949953133805e-10 5.716005300016e-10 7.500413065012e-10 9.926207649014e-10 
-2.428120721393e-15 -1.536583613332e-13 -1.347097889442e-12 -2.722901770878e-12 1.011746806371e-11 6.920455008132e-11 1.953975420391e-10 3.687486684409e-10 5.587110439783e-10 8.135476722109e-10 
-9.538578629060e-17 -1.234052709523e-14 -2.213958229925e-13 -1.455845311286e-12 -3.882403954846e-12 2.428590713334e-12 5.049481731939e-11 1.763196003671e-10 3.685774737128e-10 6.356605947856e-10 
-1.492592208082e-18 -4.389668631770e-16 -1.588029759136e-14 -2.160139878410e-13 -1.522044113916e-12 -5.865459295157e-12 -8.807806286744e-12 2.570795111058e-11 1.688211791227e-10 4.516457281750e-10 
-6.202091997029e-21 -4.378931659731e-18 -3.244772685011e-16 -8.643391579979e-15 -1.240227411645e-13 -1.127432932748e-12 -6.712693925466e-12 -2.300586283396e-11 -1.028623750856e-11 2.384357471164e-10 
-1.221293115339e-24 -2.332525112574e-21 -4.123044228274e-19 -2.483446926354e-17 -7.995367321357e-16 -1.706929009254e-14 -2.687121763154e-13 -3.199667877394e-12 -2.570197470022e-11 -5.363870621208e-13 
