3.422510296671e-10 9.001767861103e-10 1.253257221140e-09 1.486082571646e-09 1.655174075451e-09 1.789628253012e-09 1.904818511699e-09 2.010855744014e-09 2.118464502721e-09 2.265801781568e-09 
3.094777265450e-11 2.570801892452e-10 6.228818271964e-10 9.754769589337e-10 1.262249549477e-09 1.493379498258e-09 1.690876281767e-09 1.872515095470e-09 2.056829440778e-09 2.309211887071e-09 
1.954717873879e-12 4.152578888046e-11 1.951198196492e-10 4.692380702662e-10 7.781184608095e-10 1.053824312598e-09 1.291144950842e-09 1.508465317074e-09 1.728731960994e-09 2.030324910984e-09 
-9.238389324466e-14 6.682366064577e-13 2.739104372467e-11 1.471755951553e-10 3.791968807266e-10 6.542383017927e-10 9.145459249360e-10 1.154748686370e-09 1.397038692916e-09 1.728434833756e-09 
-3.793860191259e-14 -1.186437080008e-12 -3.312953119211e-12 1.960468010966e-11 1.230449539272e-10 3.235777444100e-10 5.750597363859e-10 8.304549059151e-10 1.088434199681e-09 1.439183576588e-09 
-3.574382233674e-15 -2.242870745930e-13 -1.947100426808e-12 -3.851427706151e-12 1.487436409537e-11 1.001688955470e-10 2.816584373986e-10 5.300658554368e-10 8.018747392706e-10 1.166603815025e-09 
-1.386007354277e-16 -1.781117840960e-14 -3.182860795808e-13 -2.085494652606e-12 -5.515774303470e-12 3.738483245821e-12 7.266485668417e-11 2.516056713689e-10 5.246189561536e-10 9.041062218222e-10 
-2.146187852547e-18 -6.295028403735e-16 -2.270055589036e-14 -3.075272637316e-13 -2.156842797697e-12 -8.281139888474e-12 -1.246083675704e-11 3.614557349830e-11 2.392476755742e-10 6.412263467782e-10 
-8.839925348894e-21 -6.217193816392e-18 -4.596125652613e-16 -1.223645539258e-14 -1.757918606956e-13 -1.602372328314e-12 -9.569660791501e-12 -3.281287612650e-11 -1.463540217005e-11 3.392710719866e-10 
-1.733491396672e-24 -3.317227070046e-21 -5.872396903732e-19 -3.539886918827e-17 -1.139621515962e-15 -2.431247658544e-14 -3.823949161511e-13 -4.557855429941e-12 -3.701190616282e-11 -2.731167045747e-12 
