1.986811289938e-07 6.717072314274e-08 1.250360787298e-08 1.567731249666e-09 1.398471630504e-10 8.199201544047e-12 2.712853292770e-13 3.810775799304e-15 1.242549045870e-17 1.496752271455e-21 
6.717072314274e-08 1.826727433450e-07 8.630206483369e-08 2.549475075911e-08 4.725831488840e-09 5.542323800419e-10 3.710033593906e-11 1.099064887186e-12 8.169526918738e-15 2.603330548598e-18 
1.250360787298e-08 8.630206483369e-08 1.522820279469e-07 7.957352631595e-08 2.860760686523e-08 6.095394933348e-09 7.236830749104e-10 3.894410806980e-11 5.664336710418e-13 4.195907379303e-16 
1.567731249666e-09 2.549475075911e-08 7.957352631595e-08 1.309285327778e-07 6.972318131702e-08 2.670165075295e-08 5.538617572512e-09 5.234588621183e-10 1.409191468872e-11 2.300630490173e-14 
1.398471630504e-10 4.725831488840e-09 2.860760686523e-08 6.972318131702e-08 1.152081657268e-07 5.989435834345e-08 2.211328520183e-08 3.740676244779e-09 1.874063618100e-10 6.720664020265e-13 
8.199201544047e-12 5.542323800419e-10 6.095394933348e-09 2.670165075295e-08 5.989435834345e-08 1.027340673051e-07 5.034702516444e-08 1.590409048332e-08 1.559417887877e-09 1.293072135072e-11 
2.712853292770e-13 3.710033593906e-11 7.236830749104e-10 5.538617572512e-09 2.211328520183e-08 5.034702516444e-08 9.255949989805e-08 4.029987828310e-08 8.440760713247e-09 1.810676903437e-10 
3.810775799304e-15 1.099064887186e-12 3.894410806980e-11 5.234588621183e-10 3.740676244779e-09 1.590409048332e-08 4.029987828310e-08 8.273366872885e-08 2.803181957629e-08 1.883079652457e-09 
1.242549045870e-17 8.169526918738e-15 5.664336710418e-13 1.409191468872e-11 1.874063618100e-10 1.559417887877e-09 8.440760713247e-09 2.803181957629e-08 7.281979265302e-08 1.336012953437e-08 
1.496752271455e-21 2.603330548598e-18 4.195907379303e-16 2.300630490173e-14 6.720664020265e-13 1.293072135072e-11 1.810676903437e-10 1.883079652457e-09 1.336012953437e-08 5.590588044793e-08 
