1.783443363353e-07 6.015923027787e-08 1.125341577075e-08 1.414133104926e-09 1.261654218798e-10 7.400880313801e-12 2.440388755727e-13 3.421555117534e-15 1.111631459133e-17 1.326924224188e-21 
6.015923027787e-08 1.671344073417e-07 7.781795366234e-08 2.300041130380e-08 4.265112201931e-09 4.995129797762e-10 3.331635886808e-11 9.870840345323e-13 7.278109698346e-15 2.311531572641e-18 
1.125341577075e-08 7.781795366234e-08 1.401433653560e-07 7.180285634530e-08 2.581056096527e-08 5.482053914753e-09 6.497624418244e-10 3.493168413249e-11 5.029195097722e-13 3.730798787251e-16 
1.414133104926e-09 2.300041130380e-08 7.180285634530e-08 1.209070200450e-07 6.277657167338e-08 2.397693876949e-08 4.973781446052e-09 4.681809776101e-10 1.248757453751e-11 2.047220173370e-14 
1.261654218798e-10 4.265112201931e-09 2.581056096527e-08 6.277657167338e-08 1.063457713249e-07 5.378104244398e-08 1.983844826927e-08 3.331901793577e-09 1.660180124836e-10 5.979339854908e-13 
7.400880313801e-12 4.995129797762e-10 5.482053914753e-09 2.397693876949e-08 5.378104244398e-08 9.510670054882e-08 4.498562171045e-08 1.410827455704e-08 1.383263002045e-09 1.148744954649e-11 
2.440388755727e-13 3.331635886808e-11 6.497624418244e-10 4.973781446052e-09 1.983844826927e-08 4.498562171045e-08 8.535700349190e-08 3.570272018631e-08 7.503738798378e-09 1.603334294448e-10 
3.421555117534e-15 9.870840345323e-13 3.493168413249e-11 4.681809776101e-10 3.331901793577e-09 1.410827455704e-08 3.570272018631e-08 7.664281087576e-08 2.492072975212e-08 1.658041729992e-09 
1.111631459133e-17 7.278109698346e-15 5.029195097722e-13 1.248757453751e-11 1.660180124836e-10 1.383263002045e-09 7.503738798378e-09 2.492072975212e-08 6.760417558300e-08 1.167137615263e-08 
1.326924224188e-21 2.311531572641e-18 3.730798787251e-16 2.047220173370e-14 5.979339854908e-13 1.148744954649e-11 1.603334294448e-10 1.658041729992e-09 1.167137615263e-08 5.217368086345e-08 
