9.974152537497e-08 3.155610922688e-08 6.143749450524e-09 7.913710105334e-10 7.171726972849e-11 4.240503854939e-12 1.405816199257e-13 1.963457632393e-15 6.318461244388e-18 7.337886627417e-22 
3.155610922688e-08 1.035910175994e-07 4.329462982977e-08 1.301725337898e-08 2.437566838165e-09 2.871886013439e-10 1.918321343260e-11 5.640632916503e-13 4.125717379373e-15 1.268569023076e-18 
6.143749450524e-09 4.329462982977e-08 9.142835823484e-08 4.095451583264e-08 1.480804285360e-08 3.157430822493e-09 3.731203944554e-10 1.990251220322e-11 2.839972661626e-13 2.033685649468e-16 
7.913710105334e-10 1.301725337898e-08 4.095451583264e-08 8.134835339268e-08 3.613330897808e-08 1.380122065557e-08 2.845573693254e-09 2.660921559129e-10 7.012151552467e-12 1.109354326648e-14 
7.171726972849e-11 2.437566838165e-09 1.480804285360e-08 3.613330897808e-08 7.320640480150e-08 3.083978815623e-08 1.130657195710e-08 1.887801165262e-09 9.250390820777e-11 3.223130514867e-13 
4.240503854939e-12 2.871886013439e-10 3.157430822493e-09 1.380122065557e-08 3.083978815623e-08 6.637191337509e-08 2.555048195984e-08 7.947298722869e-09 7.629289071464e-10 6.161224588950e-12 
1.405816199257e-13 1.918321343260e-11 3.731203944554e-10 2.845573693254e-09 1.130657195710e-08 2.555048195984e-08 6.048029064359e-08 1.988607512592e-08 4.088717362944e-09 8.549481430938e-11 
1.963457632393e-15 5.640632916503e-13 1.990251220322e-11 2.660921559129e-10 1.887801165262e-09 7.947298722869e-09 1.988607512592e-08 5.472977198389e-08 1.341406519458e-08 8.757380567104e-10 
6.318461244388e-18 4.125717379373e-15 2.839972661626e-13 7.012151552467e-12 9.250390820777e-11 7.629289071464e-10 4.088717362944e-09 1.341406519458e-08 4.912174336947e-08 6.035949252950e-09 
7.337886627417e-22 1.268569023076e-18 2.033685649468e-16 1.109354326648e-14 3.223130514867e-13 6.161224588950e-12 8.549481430938e-11 8.757380567104e-10 6.035949252950e-09 4.013163317043e-08 
