2.634363268978e-09 1.447156158590e-10 1.624238636574e-10 1.730936882519e-10 1.807527559673e-10 1.868418449649e-10 1.920597729800e-10 1.968632424530e-10 2.017379052701e-10 2.084108414169e-10 
1.447156158590e-10 2.786979379698e-09 2.959851409573e-10 3.257265608788e-10 3.470774623703e-10 3.640257119555e-10 3.785496106109e-10 3.919209216503e-10 4.054905557771e-10 4.240681678927e-10 
1.624238636574e-10 2.959851409573e-10 2.906362135947e-09 4.165058823982e-10 4.519530773684e-10 4.799787031014e-10 5.039552783191e-10 5.260297738758e-10 5.484333746526e-10 5.791071643550e-10 
1.730936882519e-10 3.257265608788e-10 4.165058823982e-10 3.022109689832e-09 5.351982974207e-10 5.762752669089e-10 6.112225534297e-10 6.433319659520e-10 6.759209225881e-10 7.205456790171e-10 
1.807527559673e-10 3.470774623703e-10 4.519530773684e-10 5.351982974207e-10 3.142547565422e-09 6.610861131048e-10 7.096655706067e-10 7.539920915749e-10 7.988999751172e-10 8.604141433581e-10 
1.868418449649e-10 3.640257119555e-10 4.799787031014e-10 5.762752669089e-10 6.610861131048e-10 3.274094043950e-09 8.009735744875e-10 8.603997991405e-10 9.200753456023e-10 1.001774910168e-09 
1.920597729800e-10 3.785496106109e-10 5.039552783191e-10 6.112225534297e-10 7.096655706067e-10 8.009735744875e-10 3.424140017125e-09 9.647340694040e-10 1.042945837985e-09 1.148893723926e-09 
1.968632424530e-10 3.919209216503e-10 5.260297738758e-10 6.433319659520e-10 7.539920915749e-10 8.603997991405e-10 9.647340694040e-10 3.607616356695e-09 1.174424443306e-09 1.310615197858e-09 
2.017379052701e-10 4.054905557771e-10 5.484333746526e-10 6.759209225881e-10 7.988999751172e-10 9.200753456023e-10 1.042945837985e-09 1.174424443306e-09 3.861856724012e-09 1.509420879103e-09 
2.084108414169e-10 4.240681678927e-10 5.791071643550e-10 7.205456790171e-10 8.604141433581e-10 1.001774910168e-09 1.148893723926e-09 1.310615197858e-09 1.509420879103e-09 4.379716309806e-09 
