7.6294437718209008e-08 2.2205044774554773e-08 4.4298805760380482e-09 5.8085483427993612e-10 5.3339732505063965e-11 3.1877054999773085e-12 1.0642615757760665e-13 1.4969934130360857e-15 4.8307616863430460e-18 5.6098252954715147e-22 
2.2205044774554773e-08 8.2344523765496633e-08 3.1641180164277887e-08 9.6415483588987432e-09 1.8255614535618806e-09 2.1681257736226329e-10 1.4572997192154915e-11 4.3100675966402641e-13 3.1524587165850028e-15 9.6970676214575153e-19 
4.4298805760380482e-09 3.1641180164277887e-08 7.4948803710466624e-08 3.0586301982048504e-08 1.1150128739224139e-08 2.3914716004208313e-09 2.8427542195594103e-10 1.5217797899953480e-11 2.1694257242069215e-13 1.5533708357378788e-16 
5.8085483427993612e-10 9.6415483588987432e-09 3.0586301982048504e-08 6.8180280039815382e-08 2.7324145325429996e-08 1.0488761597629887e-08 2.1730331833959602e-09 2.0342710488424726e-10 5.3571409450770068e-12 8.4603405176025409e-15 
5.3339732505063965e-11 1.8255614535618806e-09 1.1150128739224139e-08 2.7324145325429996e-08 6.2376453171582145e-08 2.3521505866981614e-08 8.6448163450286503e-09 1.4425066736187173e-09 7.0695133616650752e-11 2.4522379106022479e-13 
3.1877054999773085e-12 2.1681257736226329e-10 2.3914716004208313e-09 1.0488761597629887e-08 2.3521505866981614e-08 5.7382498932468254e-08 1.9530950398943305e-08 6.0711858507197174e-09 5.8314303358629900e-10 4.6725128626105121e-12 
1.0642615757760665e-13 1.4572997192154915e-11 2.8427542195594103e-10 2.1730331833959602e-09 8.6448163450286503e-09 1.9530950398943305e-08 5.2860954015980790e-08 1.5198317207703126e-08 3.1214967604875010e-09 6.4570379383010249e-11 
1.4969934130360857e-15 4.3100675966402641e-13 1.5217797899953480e-11 2.0342710488424726e-10 1.4425066736187173e-09 6.0711858507197174e-09 1.5198317207703126e-08 4.8471372369092579e-08 1.0193975619124157e-08 6.5818527664865939e-10 
4.8307616863430460e-18 3.1524587165850028e-15 2.1694257242069215e-13 5.3571409450770068e-12 7.0695133616650752e-11 5.8314303358629900e-10 3.1214967604875010e-09 1.0193975619124157e-08 4.3967048744771296e-08 4.5130512793379914e-09 
5.6098252954715147e-22 9.6970676214575153e-19 1.5533708357378788e-16 8.4603405176025409e-15 2.4522379106022479e-13 4.6725128626105121e-12 6.4570379383010249e-11 6.5818527664865939e-10 4.5130512793379914e-09 3.6995206665647890e-08 
