1.5997348094702116e-07 5.3776674046269500e-08 1.0119548202065429e-08 1.2753863863477448e-09 1.1394296190208251e-10 6.6797620288900113e-12 2.2018965411663208e-13 3.0776598758009333e-15 9.9532972068348511e-18 1.1789070456604590e-21 
5.3776674046269500e-08 1.5303111297999134e-07 7.0137158401671182e-08 2.0766404922388018e-08 3.8508551149494468e-09 4.5074336913930152e-10 3.0031897191824426e-11 8.8581567311724785e-13 6.5138273521956453e-15 2.0480704154100820e-18 
1.0119548202065429e-08 7.0137158401671182e-08 1.2925450516531993e-07 6.4841365417657751e-08 2.3293305436660367e-08 4.9455012524365216e-09 5.8470023534279065e-10 3.1303579140823469e-11 4.4977356136163383e-13 3.2978160734963524e-16 
1.2753863863477448e-09 2.0766404922388018e-08 6.4841365417657751e-08 1.1187169082073932e-07 5.6642136164680386e-08 2.1608383640255844e-08 4.4663912105952927e-09 4.1922189112373594e-10 1.1151064936250598e-11 1.8062665981366295e-14 
1.1394296190208251e-10 3.8508551149494468e-09 2.3293305436660367e-08 5.6642136164680386e-08 9.8653796256465224e-08 4.8356168215306630e-08 1.7780536092893111e-08 2.9816748921858911e-09 1.4788177404725617e-10 5.2688472997935312e-13 
6.6797620288900113e-12 4.5074336913930152e-10 4.9455012524365216e-09 2.1608383640255844e-08 4.8356168215306630e-08 8.8193064282060537e-08 4.0274978307182978e-08 1.2609068287715386e-08 1.2277939267467447e-09 1.0116084292984055e-11 
2.2018965411663208e-13 3.0031897191824426e-11 5.8470023534279065e-10 4.4663912105952927e-09 1.7780536092893111e-08 4.0274978307182978e-08 7.9316636040260877e-08 3.1798261782567584e-08 6.6326581373307222e-09 1.4120863488362343e-10 
3.0776598758009333e-15 8.8581567311724785e-13 3.1303579140823469e-11 4.1922189112373594e-10 2.9816748921858911e-09 1.2609068287715386e-08 3.1798261782567584e-08 7.1089940510675572e-08 2.1958735411873264e-08 1.4613277572029071e-09 
9.9532972068348511e-18 6.5138273521956453e-15 4.4977356136163383e-13 1.1151064936250598e-11 1.4788177404725617e-10 1.2277939267467447e-09 6.6326581373307222e-09 2.1958735411873264e-08 6.2917902704288159e-08 1.0283187958598008e-08 
1.1789070456604590e-21 2.0480704154100820e-18 3.2978160734963524e-16 1.8062665981366295e-14 5.2688472997935312e-13 1.0116084292984055e-11 1.4120863488362343e-10 1.4613277572029071e-09 1.0283187958598008e-08 4.9227732069667047e-08 
