7.701754370225e-08 2.247301986488e-08 4.477153475842e-09 5.864489938610e-10 5.383618064200e-11 3.213864919776e-12 1.073558642300e-13 1.509262588024e-15 4.867700272765e-18 5.658212066649e-22 
2.247301986488e-08 8.293465226549e-08 3.195224415334e-08 9.732459717576e-09 1.841340125372e-09 2.186153462970e-10 1.470255306686e-11 4.341582324559e-13 3.179930470411e-15 9.772012786316e-19 
4.477153475842e-09 3.195224415334e-08 7.539130838792e-08 3.086034765557e-08 1.124152176801e-08 2.412375112600e-09 2.866471393827e-10 1.532719164487e-11 2.190027842524e-13 1.564304324328e-16 
5.864489938610e-10 9.732459717576e-09 3.086034765557e-08 6.850881574255e-08 2.755668040817e-08 1.058136005439e-08 2.189475522617e-09 2.050017648798e-10 5.409226761330e-12 8.517565425581e-15 
5.383618064200e-11 1.841340125372e-09 1.124152176801e-08 2.755668040817e-08 6.268074301392e-08 2.371049986804e-08 8.706949850983e-09 1.455111383996e-09 7.135457403476e-11 2.469575321017e-13 
3.213864919776e-12 2.186153462970e-10 2.412375112600e-09 1.058136005439e-08 2.371049986804e-08 5.759167044029e-08 1.968667610340e-08 6.129500968177e-09 5.880027267083e-10 4.710157413772e-12 
1.073558642300e-13 1.470255306686e-11 2.866471393827e-10 2.189475522617e-09 8.706949850983e-09 1.968667610340e-08 5.309335983833e-08 1.533940226315e-08 3.143939075250e-09 6.519941394281e-11 
1.509262588024e-15 4.341582324559e-13 1.532719164487e-11 2.050017648798e-10 1.455111383996e-09 6.129500968177e-09 1.533940226315e-08 4.862439316900e-08 1.027070869413e-08 6.658507076652e-10 
4.867700272765e-18 3.179930470411e-15 2.190027842524e-13 5.409226761330e-12 7.135457403476e-11 5.880027267083e-10 3.143939075250e-09 1.027070869413e-08 4.413479947631e-08 4.564570693253e-09 
5.658212066649e-22 9.772012786316e-19 1.564304324328e-16 8.517565425581e-15 2.469575321017e-13 4.710157413772e-12 6.519941394281e-11 6.658507076652e-10 4.564570693253e-09 3.707786420435e-08 
