2.8969043486236603e-07 9.8054951082660391e-08 1.8081962126611951e-08 2.2661898696043054e-09 2.0302656125502867e-10 1.2009466123239959e-11 4.0175461182087974e-13 5.7355057731108327e-15 1.9124635240224571e-17 2.3806027665207654e-21 
9.8054951082660391e-08 2.5179973003568845e-07 1.2470319652587058e-07 3.6944695207656039e-08 6.8963439603987983e-09 8.1680394739076074e-10 5.5338193103588685e-11 1.6688964580386733e-12 1.2650405111752449e-14 4.1716991673742465e-18 
1.8081962126611951e-08 1.2470319652587058e-07 2.0788198092597807e-07 1.1584761012659101e-07 4.1996733296138395e-08 9.0361098377680354e-09 1.0873761385543745e-09 5.9560714609801371e-11 8.8208518695365900e-13 6.7725959505371961e-16 
2.2661898696043054e-09 3.6944695207656039e-08 1.1584761012659101e-07 1.7880168145108183e-07 1.0304893972195378e-07 3.9868414127298599e-08 8.3898536332794040e-09 8.0568916378513052e-10 2.2083569769439171e-11 3.7402634791623656e-14 
2.0302656125502867e-10 6.8963439603987983e-09 4.1996733296138395e-08 1.0304893972195378e-07 1.5785860904858559e-07 9.0280839732730719e-08 3.3793147896877575e-08 5.7951424394645602e-09 2.9595057795812973e-10 1.1006245971725513e-12 
1.2009466123239959e-11 8.1680394739076074e-10 9.0361098377680354e-09 3.9868414127298599e-08 9.0280839732730719e-08 1.4182085314034429e-07 7.7624423860513695e-08 2.4835905436930869e-08 2.4870825577184215e-09 2.1342277606183557e-11 
4.0175461182087974e-13 5.5338193103588685e-11 1.0873761385543745e-09 8.3898536332794040e-09 3.3793147896877575e-08 7.7624423860513695e-08 1.2840108545819837e-07 6.3661089080178718e-08 1.3636124096490443e-08 3.0160139436919768e-10 
5.7355057731108327e-15 1.6688964580386733e-12 5.9560714609801371e-11 8.0568916378513052e-10 5.7951424394645602e-09 2.4835905436930869e-08 6.3661089080178718e-08 1.1580858022434220e-07 4.6020344853385749e-08 3.1746659344787364e-09 
1.9124635240224571e-17 1.2650405111752449e-14 8.8208518695365900e-13 2.2083569769439171e-11 2.9595057795812973e-10 2.4870825577184215e-09 1.3636124096490443e-08 4.6020344853385749e-08 1.0294019239324691e-07 2.2897778077587152e-08 
2.3806027665207654e-21 4.1716991673742465e-18 6.7725959505371961e-16 3.7402634791623656e-14 1.1006245971725513e-12 2.1342277606183557e-11 3.0160139436919768e-10 3.1746659344787364e-09 2.2897778077587152e-08 7.6758818319933907e-08 
