1.239100958068e-07 4.072215921558e-08 7.794479408849e-09 9.925106326539e-10 8.925259577735e-11 5.247798108723e-12 1.733207405301e-13 2.418190105513e-15 7.778169164783e-18 9.105576635821e-22 
4.072215921558e-08 1.241030621854e-07 5.444978732703e-08 1.623653526853e-08 3.022710346124e-09 3.545321361965e-10 2.363525823188e-11 6.943946869125e-13 5.084194782747e-15 1.576131636477e-18 
7.794479408849e-09 5.444978732703e-08 1.071445085461e-07 5.085958600720e-08 1.830790338455e-08 3.892561293119e-09 4.595592631267e-10 2.449617427149e-11 3.505236680131e-13 2.529295473428e-16 
9.925106326539e-10 1.623653526853e-08 5.085958600720e-08 9.394757371541e-08 4.457052130509e-08 1.700321536159e-08 3.503505020925e-09 3.276124489266e-10 8.670546547585e-12 1.381098247697e-14 
8.925259577735e-11 3.022710346124e-09 1.830790338455e-08 4.457052130509e-08 8.365285057615e-08 3.797919206799e-08 1.391653381207e-08 2.326841530200e-09 1.146043217493e-10 4.017914314721e-13 
5.247798108723e-12 3.545321361965e-10 3.892561293119e-09 1.700321536159e-08 3.797919206799e-08 7.518378220521e-08 3.146321122531e-08 9.816865302494e-09 9.470850061916e-10 7.695976392661e-12 
1.733207405301e-13 2.363525823188e-11 4.595592631267e-10 3.503505020925e-09 1.391653381207e-08 3.146321122531e-08 6.803886709145e-08 2.463890595987e-08 5.085862336685e-09 1.071525542337e-10 
2.418190105513e-15 6.943946869125e-13 2.449617427149e-11 3.276124489266e-10 2.326841530200e-09 9.816865302494e-09 2.463890595987e-08 6.117022628824e-08 1.673466686910e-08 1.104077987945e-09 
7.778169164783e-18 5.084194782747e-15 3.505236680131e-13 8.670546547585e-12 1.146043217493e-10 9.470850061916e-10 5.085862336685e-09 1.673466686910e-08 5.449348499829e-08 7.683568971541e-09 
9.105576635821e-22 1.576131636477e-18 2.529295473428e-16 1.381098247697e-14 4.017914314721e-13 7.695976392661e-12 1.071525542337e-10 1.104077987945e-09 7.683568971541e-09 4.358037056062e-08 
