4.9883735984061137e-07 1.7263773512467936e-07 3.2433706665152769e-08 4.1671097437346127e-09 3.8356870912298816e-10 2.3336689521370003e-11 8.0400558822660244e-13 1.1867006322118933e-14 4.0923117295700692e-17 5.3587344802166142e-21 
1.7263773512467936e-07 4.2763767702260421e-07 2.2770204039833312e-07 6.9163925588707409e-08 1.3258660790293711e-08 1.6138849491900160e-09 1.1257626586800408e-10 3.5006271398511169e-12 2.7339191443367537e-14 9.4740465287640120e-18 
3.2433706665152769e-08 2.2770204039833312e-07 3.6328247779715482e-07 2.2109147585662769e-07 8.2113587089851112e-08 1.8125378626475391e-08 2.2428067008427852e-09 1.2624812619866489e-10 1.9246461643193899e-12 1.5496060468556701e-15 
4.1671097437346127e-09 6.9163925588707409e-08 2.2109147585662769e-07 3.2157396325714911e-07 2.0513557817576031e-07 8.1266814022201100e-08 1.7533702124650035e-08 1.7243685674397173e-09 4.8677445851465316e-11 8.6115805771216947e-14 
3.8356870912298816e-10 1.3258660790293711e-08 8.2113587089851112e-08 2.0513557817576031e-07 2.9143965532964525e-07 1.8722383312853959e-07 7.1548803664640100e-08 1.2534971819615839e-08 6.5974901716600157e-10 2.5467863025392669e-12 
2.3336689521370003e-11 1.6138849491900160e-09 1.8125378626475391e-08 8.1266814022201100e-08 1.8722383312853959e-07 2.6789770550936231e-07 1.6657747640121296e-07 5.4436485474836358e-08 5.6154775747758661e-09 4.9570099613632624e-11 
8.0400558822660244e-13 1.1257626586800408e-10 2.2428067008427852e-09 1.7533702124650035e-08 7.1548803664640100e-08 1.6657747640121296e-07 2.4674868074896102e-07 1.4198091119963238e-07 3.1210796796308441e-08 7.0226208209478111e-10 
1.1867006322118933e-14 3.5006271398511169e-12 1.2624812619866489e-10 1.7243685674397173e-09 1.2534971819615839e-08 5.4436485474836358e-08 1.4198091119963238e-07 2.2763399809453293e-07 1.0657690901751479e-07 7.4075053828420907e-09 
4.0923117295700692e-17 2.7339191443367537e-14 1.9246461643193899e-12 4.8677445851465316e-11 6.5974901716600157e-10 5.6154775747758661e-09 3.1210796796308441e-08 1.0657690901751479e-07 2.0236156109816664e-07 5.3874366838720081e-08 
5.3587344802166142e-21 9.4740465287640120e-18 1.5496060468556701e-15 8.6115805771216947e-14 2.5467863025392669e-12 4.9570099613632624e-11 7.0226208209478111e-10 7.4075053828420907e-09 5.3874366838720081e-08 1.4615579311968935e-07 
