2.543689346533e-09 8.837741344034e-12 1.028293659246e-11 1.115751222696e-11 1.178519180696e-11 1.228419365501e-11 1.271181705104e-11 1.310548261324e-11 1.350499069805e-11 1.405193322268e-11 
8.837741344034e-12 2.556220114210e-09 2.236288479298e-11 2.530263691713e-11 2.741327443274e-11 2.908796630955e-11 3.052317328931e-11 3.184454009128e-11 3.318553463972e-11 3.502157461651e-11 
1.028293659246e-11 2.236288479298e-11 2.568368574852e-09 3.513473155748e-11 3.897296649488e-11 4.200518454642e-11 4.459895076221e-11 4.698709501010e-11 4.941091241063e-11 5.272969198899e-11 
1.115751222696e-11 2.530263691713e-11 3.513473155748e-11 2.581189649816e-09 4.859388247153e-11 5.328248135983e-11 5.727006763187e-11 6.093413005163e-11 6.465308080398e-11 6.974578253205e-11 
1.178519180696e-11 2.741327443274e-11 3.897296649488e-11 4.859388247153e-11 2.595157959464e-09 6.338996122515e-11 6.910713029194e-11 7.432666972291e-11 7.961620428051e-11 8.686178620804e-11 
1.228419365501e-11 2.908796630955e-11 4.200518454642e-11 5.328248135983e-11 6.338996122515e-11 2.610772049657e-09 8.009427433979e-11 8.719580331211e-11 9.433982143279e-11 1.041220786424e-10 
1.271181705104e-11 3.052317328931e-11 4.459895076221e-11 5.727006763187e-11 6.910713029194e-11 8.009427433979e-11 2.628712544213e-09 9.968439788104e-11 1.090777332027e-10 1.218397355025e-10 
1.310548261324e-11 3.184454009128e-11 4.698709501010e-11 6.093413005163e-11 7.432666972291e-11 8.719580331211e-11 9.968439788104e-11 2.650505311842e-09 1.244873845522e-10 1.408757360647e-10 
1.350499069805e-11 3.318553463972e-11 4.941091241063e-11 6.465308080398e-11 7.961620428051e-11 9.433982143279e-11 1.090777332027e-10 1.244873845522e-10 2.679986110568e-09 1.634348341734e-10 
1.405193322268e-11 3.502157461651e-11 5.272969198899e-11 6.974578253205e-11 8.686178620804e-11 1.041220786424e-10 1.218397355025e-10 1.408757360647e-10 1.634348341734e-10 2.737457014240e-09 
