2.715404346286e-09 2.612368522218e-10 2.917832740828e-10 3.101990111080e-10 3.234175813958e-10 3.339265767055e-10 3.429322562213e-10 3.512227757325e-10 3.596363342807e-10 3.711538211821e-10 
2.612368522218e-10 2.978556071160e-09 5.229272655992e-10 5.750322864054e-10 6.124283652356e-10 6.421038348535e-10 6.675349358864e-10 6.909487245023e-10 7.147103039787e-10 7.472420737628e-10 
2.917832740828e-10 5.229272655992e-10 3.188792037905e-09 7.374254748347e-10 8.010149546430e-10 8.512375669494e-10 8.941919020573e-10 9.337405047886e-10 9.738802031509e-10 1.028838968870e-09 
3.101990111080e-10 5.750322864054e-10 7.374254748347e-10 3.398298455619e-09 9.545214555705e-10 1.029972903141e-09 1.094098390979e-09 1.153001207341e-09 1.212785811191e-09 1.294653926033e-09 
3.234175813958e-10 6.124283652356e-10 8.010149546430e-10 9.545214555705e-10 3.621956010919e-09 1.190842471445e-09 1.282284001603e-09 1.365627358022e-09 1.450041405031e-09 1.565679438438e-09 
3.339265767055e-10 6.421038348535e-10 8.512375669494e-10 1.029972903141e-09 1.190842471445e-09 3.872473380956e-09 1.459928388344e-09 1.574269145119e-09 1.688912032422e-09 1.845852630771e-09 
3.429322562213e-10 6.675349358864e-10 8.941919020573e-10 1.094098390979e-09 1.282284001603e-09 1.459928388344e-09 4.164462446345e-09 1.781126889062e-09 1.933989052654e-09 2.140690044544e-09 
3.512227757325e-10 6.909487245023e-10 9.337405047886e-10 1.153001207341e-09 1.365627358022e-09 1.574269145119e-09 1.781126889062e-09 4.527782274195e-09 2.198800999499e-09 2.467645643093e-09 
3.596363342807e-10 7.147103039787e-10 9.738802031509e-10 1.212785811191e-09 1.450041405031e-09 1.688912032422e-09 1.933989052654e-09 2.198800999499e-09 5.040629419141e-09 2.878435750070e-09 
3.711538211821e-10 7.472420737628e-10 1.028838968870e-09 1.294653926033e-09 1.565679438438e-09 1.845852630771e-09 2.140690044544e-09 2.467645643093e-09 2.878435750070e-09 6.114080899668e-09 
