2.575828966846e-09 5.900569349874e-11 6.707955085057e-11 7.194809598829e-11 7.544298495703e-11 7.822153988277e-11 8.060261188393e-11 8.279459582035e-11 8.501911425953e-11 8.806535481571e-11 
5.900569349874e-11 2.645553423910e-09 1.297138477774e-10 1.439138485533e-10 1.541106825303e-10 1.622061655534e-10 1.691438096518e-10 1.755309656096e-10 1.820129800251e-10 1.908896111847e-10 
6.707955085057e-11 1.297138477774e-10 2.702847397546e-09 1.878053379626e-10 2.048902694034e-10 2.184069481485e-10 2.299736304350e-10 2.406229123220e-10 2.514310478308e-10 2.662322659856e-10 
7.194809598829e-11 1.439138485533e-10 1.878053379626e-10 2.758623707092e-09 2.449089175342e-10 2.646362075541e-10 2.814354465858e-10 2.968760935027e-10 3.125475451399e-10 3.340105601039e-10 
7.544298495703e-11 1.541106825303e-10 2.048902694034e-10 2.449089175342e-10 2.816204875555e-09 3.047867761186e-10 3.278572585935e-10 3.489398987228e-10 3.703071400631e-10 3.995782858260e-10 
7.822153988277e-11 1.622061655534e-10 2.184069481485e-10 2.646362075541e-10 3.047867761186e-10 2.878178835377e-09 3.702143332571e-10 3.980159008101e-10 4.259922940780e-10 4.643015961979e-10 
8.060261188393e-11 1.691438096518e-10 2.299736304350e-10 2.814354465858e-10 3.278572585935e-10 3.702143332571e-10 2.947545278129e-09 4.452500603726e-10 4.812098751546e-10 5.300434418033e-10 
8.279459582035e-11 1.755309656096e-10 2.406229123220e-10 2.968760935027e-10 3.489398987228e-10 3.980159008101e-10 4.452500603726e-10 3.030341105766e-09 5.389048553461e-10 6.005021659538e-10 
8.501911425953e-11 1.820129800251e-10 2.514310478308e-10 3.125475451399e-10 3.703071400631e-10 4.259922940780e-10 4.812098751546e-10 5.389048553461e-10 3.141519468410e-09 6.847462319911e-10 
8.806535481571e-11 1.908896111847e-10 2.662322659856e-10 3.340105601039e-10 3.995782858260e-10 4.643015961979e-10 5.300434418033e-10 6.005021659538e-10 6.847462319911e-10 3.359273281816e-09 
