7.625809561684e-10 1.925167292359e-09 2.633738022911e-09 3.096987219509e-09 3.432982246657e-09 3.700144284732e-09 3.929035225481e-09 4.139739335154e-09 4.353566223893e-09 4.646334819181e-09 
6.021664192572e-11 4.874754166952e-10 1.162147313977e-09 1.803331829195e-09 2.321984269813e-09 2.739624973283e-09 3.096534949378e-09 3.424806322549e-09 3.757915187042e-09 4.214042191986e-09 
3.664967698383e-12 7.584275299416e-11 3.498151096140e-10 8.313542114973e-10 1.369396128654e-09 1.848077769562e-09 2.259971596508e-09 2.637206390795e-09 3.019570275883e-09 3.543111078128e-09 
-1.511210893162e-13 1.429069940835e-12 4.859228498744e-11 2.556569797475e-10 6.527249667168e-10 1.121169192764e-09 1.563970275094e-09 1.972543002882e-09 2.384701017596e-09 2.948445518198e-09 
-6.479469323181e-14 -2.004492805703e-12 -5.428377758583e-12 3.392289206208e-11 2.092537160984e-10 5.479634653109e-10 9.721744194253e-10 1.402824065342e-09 1.837939943933e-09 2.429542297795e-09 
-6.061162086651e-15 -3.783044714962e-13 -3.271748977465e-12 -6.421859950208e-12 2.525469175301e-11 1.689750386331e-10 4.741863829008e-10 8.921408119776e-10 1.350237643063e-09 1.965023829670e-09 
-2.335576060231e-16 -2.996883427337e-14 -5.349173521624e-13 -3.499931820458e-12 -9.246781866251e-12 6.195477505854e-12 1.216149788442e-10 4.233219712708e-10 8.865663003595e-10 1.531478663699e-09 
-3.608390745917e-18 -1.057392440326e-15 -3.814020079051e-14 -5.177940048238e-13 -3.649615607106e-12 -1.415009973881e-11 -2.186440435703e-11 6.002971536396e-11 4.079300195375e-10 1.101829611455e-09 
-1.487430149922e-20 -1.049981172189e-17 -7.798419671767e-16 -2.086557940361e-14 -3.012591287538e-13 -2.760135101653e-12 -1.658786638978e-11 -5.762282100295e-11 -2.995872759493e-11 5.941302127491e-10 
-2.978898513991e-24 -5.717884255685e-21 -1.015118900285e-18 -6.138831554748e-17 -1.984503861907e-15 -4.258849872710e-14 -6.761240107530e-13 -8.185568652862e-12 -6.809971716205e-11 -1.042743337225e-11 
