1.807036443556e-10 4.866494764247e-10 6.848991434753e-10 8.164667697134e-10 9.121267418240e-10 9.881940326686e-10 1.053361106337e-09 1.113349767959e-09 1.174227481456e-09 1.257581223812e-09 
1.766676946348e-11 1.495062188695e-10 3.669481054030e-10 5.792091120378e-10 7.528112979326e-10 8.928761775257e-10 1.012547615441e-09 1.122603491721e-09 1.234279618432e-09 1.387198342819e-09 
1.144684389299e-12 2.486266360111e-11 1.187864463327e-10 2.891512666870e-10 4.830485756067e-10 6.568066661052e-10 8.064934305307e-10 9.435521627126e-10 1.082460862389e-09 1.272656119594e-09 
-6.113067037010e-14 3.143414100023e-13 1.682464520875e-11 9.270787194630e-11 2.413202024840e-10 4.187245033168e-10 5.872179332131e-10 7.427777263113e-10 8.996708481021e-10 1.114256048249e-09 
-2.432180373074e-14 -7.687615369335e-13 -2.209502968735e-12 1.238545956369e-11 7.941493310310e-11 2.107077171767e-10 3.762671031529e-10 5.447078797113e-10 7.149015197986e-10 9.462711049151e-10 
-2.308387162061e-15 -1.460661891179e-13 -1.281230866809e-12 -2.597286986436e-12 9.619858129132e-12 6.602958838166e-11 1.865989773735e-10 3.521771966651e-10 5.336677252237e-10 7.771600672704e-10 
-9.071977859124e-17 -1.175507381993e-14 -2.112003750857e-13 -1.389673296974e-12 -3.699549508755e-12 2.361863183384e-12 4.826654317874e-11 1.684248895516e-10 3.522878929918e-10 6.077546099977e-10 
-1.424317539771e-18 -4.191042401660e-16 -1.515509384839e-14 -2.060517223417e-13 -1.452127195648e-12 -5.606076945356e-12 -8.465023107193e-12 2.455292143732e-11 1.617758882712e-10 4.326633977523e-10 
-5.917564396659e-21 -4.178395034526e-18 -3.098834119253e-16 -8.265087858261e-15 -1.187436103718e-13 -1.080192870511e-12 -6.425841325843e-12 -2.194540836536e-11 -9.647407054299e-12 2.281400534844e-10 
-1.170151500450e-24 -2.235240052596e-21 -3.949402368353e-19 -2.376719575866e-17 -7.642953572478e-16 -1.629935397606e-14 -2.564619663861e-13 -3.056619139320e-12 -2.462164589302e-11 -3.243409020507e-13 
