1.068877029122e-09 2.642364486618e-09 3.585127945524e-09 4.199485033306e-09 4.644881434520e-09 4.999030742291e-09 5.302450697790e-09 5.581762346316e-09 5.865213595086e-09 6.253309569287e-09 
7.883288040803e-11 6.321546596428e-10 1.498938532228e-09 2.319364142688e-09 2.982123248797e-09 3.515717847496e-09 3.971737457806e-09 4.391170530148e-09 4.816784792333e-09 5.399579525243e-09 
4.726233584451e-12 9.704547187343e-11 4.454503964415e-10 1.055827931772e-09 1.736911651023e-09 2.342708001864e-09 2.864029408959e-09 3.341498199138e-09 3.825458120365e-09 4.488105770701e-09 
-1.887559263391e-13 1.862400173066e-12 6.161366620665e-11 3.232365309509e-10 8.246491775988e-10 1.416478677845e-09 1.976261894253e-09 2.492889309186e-09 3.014048825621e-09 3.726874045877e-09 
-8.177391123764e-14 -2.529014946169e-12 -6.857092612955e-12 4.274298982340e-11 2.641262118778e-10 6.926553964847e-10 1.230337148878e-09 1.776814079824e-09 2.329114014250e-09 3.079989503207e-09 
-7.652150432232e-15 -4.781717322364e-13 -4.145006435525e-12 -8.201436239527e-12 3.172541658173e-11 2.138738375549e-10 6.020749246896e-10 1.135417571950e-09 1.721036646908e-09 2.506948584167e-09 
-2.955277600663e-16 -3.801021127185e-14 -6.802158800971e-13 -4.467208956398e-12 -1.190486308830e-11 7.371900697849e-12 1.543620603749e-10 5.416906967633e-10 1.139545610190e-09 1.972938379887e-09 
-4.587992179185e-18 -1.348440705104e-15 -4.879284231187e-14 -6.649517013335e-13 -4.710749668675e-12 -1.840720330815e-11 -2.905150241399e-11 7.590939491277e-11 5.287936552004e-10 1.437272375753e-09 
-1.907972434674e-20 -1.352132990268e-17 -1.008038361689e-15 -2.707212552594e-14 -3.924057885030e-13 -3.611300504727e-12 -2.182492766553e-11 -7.644256055785e-11 -4.175433454706e-11 7.845352149603e-10 
-3.888712408679e-24 -7.485276714135e-21 -1.332391802895e-18 -8.078531749121e-17 -2.618462902377e-15 -5.634655273977e-14 -8.970482401548e-13 -1.089109576939e-11 -9.103931051806e-11 -1.855022355803e-11 
