2.541051114301e-09 4.433768770256e-12 5.186703022005e-12 5.642844162777e-12 5.970167213670e-12 6.230374422110e-12 6.453357690739e-12 6.658629415402e-12 6.866942437723e-12 7.152123288931e-12 
4.433768770256e-12 2.547585969031e-09 1.159533964379e-11 1.318574011615e-11 1.432722173258e-11 1.523259535998e-11 1.600848895183e-11 1.672283583276e-11 1.744777730770e-11 1.844031110482e-11 
5.186703022005e-12 1.159533964379e-11 2.554203916818e-09 1.863647625941e-11 2.077005489087e-11 2.245399549771e-11 2.389399414321e-11 2.521982736796e-11 2.656545334429e-11 2.840788265137e-11 
5.642844162777e-12 1.318574011615e-11 1.863647625941e-11 2.561394848466e-09 2.626319090243e-11 2.893120838863e-11 3.119799453142e-11 3.328024219399e-11 3.539366900799e-11 3.828773630431e-11 
5.970167213670e-12 1.432722173258e-11 2.077005489087e-11 2.626319090243e-11 2.569422181310e-09 3.484486601673e-11 3.816665444755e-11 4.119618511202e-11 4.426564394347e-11 4.847026057401e-11 
6.230374422110e-12 1.523259535998e-11 2.245399549771e-11 2.893120838863e-11 3.484486601673e-11 2.578582184688e-09 4.472296569503e-11 4.892343760058e-11 5.314435479401e-11 5.892384937377e-11 
6.453357690739e-12 1.600848895183e-11 2.389399414321e-11 3.119799453142e-11 3.816665444755e-11 4.472296569503e-11 2.589296432370e-09 5.650570935408e-11 6.214654523429e-11 6.980402113597e-11 
6.658629415402e-12 1.672283583276e-11 2.521982736796e-11 3.328024219399e-11 4.119618511202e-11 4.892343760058e-11 5.650570935408e-11 2.602523931184e-09 7.165490805936e-11 8.162908348773e-11 
6.866942437723e-12 1.744777730770e-11 2.656545334429e-11 3.539366900799e-11 4.426564394347e-11 5.314435479401e-11 6.214654523429e-11 7.165490805936e-11 2.620706316129e-09 9.579410099322e-11 
7.152123288931e-12 1.844031110482e-11 2.840788265137e-11 3.828773630431e-11 4.847026057401e-11 5.892384937377e-11 6.980402113597e-11 8.162908348773e-11 9.579410099322e-11 2.656731338585e-09 
