2.541591275656e-09 5.336359285730e-12 6.232820339242e-12 6.775769272728e-12 7.165397863071e-12 7.475137687942e-12 7.740567162895e-12 7.984913538061e-12 8.232880444059e-12 8.572436219119e-12 
5.336359285730e-12 2.549369880119e-09 1.383082112069e-11 1.570760278963e-11 1.705476635420e-11 1.812338596397e-11 1.903917482639e-11 1.988231585143e-11 2.073796184102e-11 2.190967271353e-11 
6.232820339242e-12 1.383082112069e-11 2.557166459918e-09 2.210156500303e-11 2.460268895616e-11 2.657721098907e-11 2.826582361786e-11 2.982055705335e-11 3.139849413313e-11 3.355934885089e-11 
6.775769272728e-12 1.570760278963e-11 2.210156500303e-11 2.565576851703e-09 3.099854195507e-11 3.410736680613e-11 3.674946484660e-11 3.917667776598e-11 4.164021929269e-11 4.501417383823e-11 
7.165397863071e-12 1.705476635420e-11 2.460268895616e-11 3.099854195507e-11 2.574906187844e-09 4.094762849874e-11 4.479714184035e-11 4.830893170856e-11 5.186720264125e-11 5.674192793160e-11 
7.475137687942e-12 1.812338596397e-11 2.657721098907e-11 3.410736680613e-11 4.094762849874e-11 2.585493818789e-09 5.234127031240e-11 5.718553691869e-11 6.205502136264e-11 6.872333198379e-11 
7.740567162895e-12 1.903917482639e-11 2.826582361786e-11 3.674946484660e-11 4.479714184035e-11 5.234127031240e-11 2.597817593320e-09 6.586661663679e-11 7.234531771271e-11 8.114320825966e-11 
7.984913538061e-12 1.988231585143e-11 2.982055705335e-11 3.917667776598e-11 4.830893170856e-11 5.718553691869e-11 6.586661663679e-11 2.612962979985e-09 8.318439285094e-11 9.459963928764e-11 
8.232880444059e-12 2.073796184102e-11 3.139849413313e-11 4.164021929269e-11 5.186720264125e-11 6.205502136264e-11 7.234531771271e-11 8.318439285094e-11 2.633688140157e-09 1.106568640090e-10 
8.572436219119e-12 2.190967271353e-11 3.355934885089e-11 4.501417383823e-11 5.674192793160e-11 6.872333198379e-11 8.114320825966e-11 9.459963928764e-11 1.106568640090e-10 2.674550403147e-09 
