2.541718312234e-09 5.548365019460e-12 6.478224465165e-12 7.041367356211e-12 7.445490507661e-12 7.766753441975e-12 8.042057432060e-12 8.295493909344e-12 8.552685281149e-12 8.904779798670e-12 
5.548365019460e-12 2.549786221269e-09 1.435099917133e-11 1.629357442566e-11 1.768799607827e-11 1.879412271115e-11 1.974205403862e-11 2.061478674801e-11 2.150046235403e-11 2.271305854484e-11 
6.478224465165e-12 1.435099917133e-11 2.557853079808e-09 2.290301857351e-11 2.548805940202e-11 2.752892948995e-11 2.927431669565e-11 3.088132165069e-11 3.251230752739e-11 3.474544556158e-11 
7.041367356211e-12 1.629357442566e-11 2.290301857351e-11 2.566541429856e-09 3.208875773457e-11 3.529772930918e-11 3.802510563659e-11 4.053069477795e-11 4.307378191362e-11 4.655618987111e-11 
7.445490507661e-12 1.768799607827e-11 2.548805940202e-11 3.208875773457e-11 2.576165971781e-09 4.234758535015e-11 4.631654580194e-11 4.993749922799e-11 5.360643138640e-11 5.863213122706e-11 
7.766753441975e-12 1.879412271115e-11 2.752892948995e-11 3.529772930918e-11 4.234758535015e-11 2.587076358753e-09 5.408305638591e-11 5.907255798701e-11 6.408839392406e-11 7.095635832552e-11 
8.042057432060e-12 1.974205403862e-11 2.927431669565e-11 3.802510563659e-11 4.631654580194e-11 5.408305638591e-11 2.599762527806e-09 6.800086012702e-11 7.466829119250e-11 8.372192665815e-11 
8.295493909344e-12 2.061478674801e-11 3.088132165069e-11 4.053069477795e-11 4.993749922799e-11 5.907255798701e-11 6.800086012702e-11 2.615339677580e-09 8.580532991830e-11 9.754245165620e-11 
8.552685281149e-12 2.150046235403e-11 3.251230752739e-11 4.307378191362e-11 5.360643138640e-11 6.408839392406e-11 7.466829119250e-11 8.580532991830e-11 2.636633655706e-09 1.140244608782e-10 
8.904779798670e-12 2.271305854484e-11 3.474544556158e-11 4.655618987111e-11 5.863213122706e-11 7.095635832552e-11 8.372192665815e-11 9.754245165620e-11 1.140244608782e-10 2.678577873051e-09 
