2.572048327951e-09 5.329523356894e-11 6.067925860558e-11 6.513244446049e-11 6.832908557330e-11 7.087046558540e-11 7.304824452503e-11 7.505303385110e-11 7.708752521611e-11 7.987261272660e-11 
5.329523356894e-11 2.635832248498e-09 1.182110857355e-10 1.313004026845e-10 1.406997579344e-10 1.481618739364e-10 1.545565921769e-10 1.604437715125e-10 1.664182277195e-10 1.745976846286e-10 
6.067925860558e-11 1.182110857355e-10 2.688705817528e-09 1.718999709694e-10 1.877009978902e-10 2.002013943728e-10 2.108981660089e-10 2.207463344367e-10 2.307411459310e-10 2.444255181269e-10 
6.513244446049e-11 1.313004026845e-10 1.718999709694e-10 2.740328559480e-09 2.247871294899e-10 2.430590335193e-10 2.586190286985e-10 2.729205292682e-10 2.874354364119e-10 3.073105573455e-10 
6.832908557330e-11 1.406997579344e-10 1.877009978902e-10 2.247871294899e-10 2.793681806425e-09 2.802853741250e-10 3.016703439486e-10 3.212134314914e-10 3.410202177322e-10 3.681487497463e-10 
7.087046558540e-11 1.481618739364e-10 2.002013943728e-10 2.430590335193e-10 2.802853741250e-10 2.851136479551e-09 3.409494865160e-10 3.667280926956e-10 3.926716806231e-10 4.281918371181e-10 
7.304824452503e-11 1.545565921769e-10 2.108981660089e-10 2.586190286985e-10 3.016703439486e-10 3.409494865160e-10 2.915440730482e-09 4.104946056877e-10 4.438316201438e-10 4.891053042940e-10 
7.505303385110e-11 1.604437715125e-10 2.207463344367e-10 2.729205292682e-10 3.212134314914e-10 3.667280926956e-10 4.104946056877e-10 2.992120634620e-09 4.971906627184e-10 5.542668276435e-10 
7.708752521611e-11 1.664182277195e-10 2.307411459310e-10 2.874354364119e-10 3.410202177322e-10 3.926716806231e-10 4.438316201438e-10 4.971906627184e-10 3.094879768473e-09 6.319695047496e-10 
7.987261272660e-11 1.745976846286e-10 2.444255181269e-10 3.073105573455e-10 3.681487497463e-10 4.281918371181e-10 4.891053042940e-10 5.542668276435e-10 6.319695047496e-10 3.295463804947e-09 
