2.872922297996e-09 4.941468744958e-10 5.532113542968e-10 5.888589645034e-10 6.144428141843e-10 6.347816104657e-10 6.522106691215e-10 6.682553086136e-10 6.845376834994e-10 7.068336650477e-10 
4.941468744958e-10 3.382322345783e-09 1.011785990301e-09 1.117938119052e-09 1.194112417702e-09 1.254546248080e-09 1.306336565533e-09 1.354018033124e-09 1.402406652631e-09 1.468668720040e-09 
5.532113542968e-10 1.011785990301e-09 3.814766587582e-09 1.459483177139e-09 1.593545306766e-09 1.699390659472e-09 1.789906165063e-09 1.873242692609e-09 1.957823049070e-09 2.073648220362e-09 
5.888589645034e-10 1.117938119052e-09 1.459483177139e-09 4.260964636936e-09 1.927593134416e-09 2.091070910427e-09 2.229948247033e-09 2.357495463521e-09 2.486948464909e-09 2.664243793117e-09 
6.144428141843e-10 1.194112417702e-09 1.593545306766e-09 1.927593134416e-09 4.749848686108e-09 2.447768675849e-09 2.648960421847e-09 2.832275652100e-09 3.017931424677e-09 3.272292484154e-09 
6.347816104657e-10 1.254546248080e-09 1.699390659472e-09 2.091070910427e-09 2.447768675849e-09 5.303518619932e-09 3.043881223068e-09 3.296977230448e-09 3.550687672753e-09 3.898050477057e-09 
6.522106691215e-10 1.306336565533e-09 1.789906165063e-09 2.229948247033e-09 2.648960421847e-09 3.043881223068e-09 5.951290069598e-09 3.757702923342e-09 4.097473961017e-09 4.556979397003e-09 
6.682553086136e-10 1.354018033124e-09 1.873242692609e-09 2.357495463521e-09 2.832275652100e-09 3.296977230448e-09 3.757702923342e-09 6.760898321180e-09 4.690402159888e-09 5.291430715237e-09 
6.845376834994e-10 1.402406652631e-09 1.957823049070e-09 2.486948464909e-09 3.017931424677e-09 3.550687672753e-09 4.097473961017e-09 4.690402159888e-09 7.908386520162e-09 6.214165726087e-09 
7.068336650477e-10 1.468668720040e-09 2.073648220362e-09 2.664243793117e-09 3.272292484154e-09 3.898050477057e-09 4.556979397003e-09 5.291430715237e-09 6.214165726087e-09 1.031077584020e-08 
