2.568739124598e-09 4.829238131759e-11 5.506906844430e-11 5.915663284322e-11 6.209080254805e-11 6.442351114174e-11 6.642247454152e-11 6.826265246395e-11 7.013009364772e-11 7.268650914836e-11 
4.829238131759e-11 2.627291979679e-09 1.080941060974e-10 1.202005347332e-10 1.288941669589e-10 1.357959671291e-10 1.417105186851e-10 1.471556430904e-10 1.526814913480e-10 1.602467893791e-10 
5.506906844430e-11 1.080941060974e-10 2.676251569835e-09 1.578835615809e-10 1.725478733784e-10 1.841489178712e-10 1.940760051023e-10 2.032155575052e-10 2.124912048104e-10 2.251909576045e-10 
5.915663284322e-11 1.202005347332e-10 1.578835615809e-10 2.724198285906e-09 2.070449180172e-10 2.240323063924e-10 2.384982616850e-10 2.517943361651e-10 2.652888376608e-10 2.837667433858e-10 
6.209080254805e-11 1.288941669589e-10 1.725478733784e-10 2.070449180172e-10 2.773824695359e-09 2.586826800798e-10 2.785801258082e-10 2.967646634015e-10 3.151948555703e-10 3.404378826161e-10 
6.442351114174e-11 1.357959671291e-10 1.841489178712e-10 2.240323063924e-10 2.586826800798e-10 2.827291652223e-09 3.151470151101e-10 3.391438946255e-10 3.632967307314e-10 3.963653735822e-10 
6.642247454152e-11 1.417105186851e-10 1.940760051023e-10 2.384982616850e-10 2.785801258082e-10 3.151470151101e-10 2.887148555053e-09 3.798811848486e-10 4.109193373119e-10 4.530780021778e-10 
6.826265246395e-11 1.471556430904e-10 2.032155575052e-10 2.517943361651e-10 2.967646634015e-10 3.391438946255e-10 3.798811848486e-10 2.958491596281e-09 4.605215566942e-10 5.136610988297e-10 
7.013009364772e-11 1.526814913480e-10 2.124912048104e-10 2.652888376608e-10 3.151948555703e-10 3.632967307314e-10 4.109193373119e-10 4.605215566942e-10 3.053959892408e-09 5.857294920831e-10 
7.268650914836e-11 1.602467893791e-10 2.251909576045e-10 2.837667433858e-10 3.404378826161e-10 3.963653735822e-10 4.530780021778e-10 5.136610988297e-10 5.857294920831e-10 3.239801459435e-09 
