2.546396722153e-09 1.328377212610e-11 1.539721452304e-11 1.667514537214e-11 1.759234946042e-11 1.832151888549e-11 1.894637261698e-11 1.952159545644e-11 2.010534400669e-11 2.090449301547e-11 
1.328377212610e-11 2.564711653246e-09 3.283114284687e-11 3.701435558987e-11 4.001796389110e-11 4.240158009583e-11 4.444428792582e-11 4.632491686239e-11 4.823344151805e-11 5.084644011955e-11 
1.539721452304e-11 3.283114284687e-11 2.581916915266e-09 5.077422579665e-11 5.613716727611e-11 6.037582999347e-11 6.400204543267e-11 6.734069738350e-11 7.072912926826e-11 7.536854530764e-11 
1.667514537214e-11 3.701435558987e-11 5.077422579665e-11 2.599732138668e-09 6.935660536380e-11 7.581353202503e-11 8.130756714143e-11 8.635642545958e-11 9.148077361103e-11 9.849775040154e-11 
1.759234946042e-11 4.001796389110e-11 5.613716727611e-11 6.935660536380e-11 2.618859245184e-09 8.950827136031e-11 9.728637199720e-11 1.043907215303e-10 1.115908176707e-10 1.214529541548e-10 
1.832151888549e-11 4.240158009583e-11 6.037582999347e-11 7.581353202503e-11 8.950827136031e-11 2.639989688657e-09 1.120142241554e-10 1.215805757032e-10 1.312081072204e-10 1.443905634132e-10 
1.894637261698e-11 4.444428792582e-11 6.400204543267e-11 8.130756714143e-11 9.728637199720e-11 1.120142241554e-10 2.664038554123e-09 1.381767637467e-10 1.507270862243e-10 1.677825069267e-10 
1.952159545644e-11 4.632491686239e-11 6.734069738350e-11 8.635642545958e-11 1.043907215303e-10 1.215805757032e-10 1.381767637467e-10 2.693012126275e-09 1.710476131557e-10 1.927894722024e-10 
2.010534400669e-11 4.823344151805e-11 7.072912926826e-11 9.148077361103e-11 1.115908176707e-10 1.312081072204e-10 1.507270862243e-10 1.710476131557e-10 2.731923425624e-09 2.223212349465e-10 
2.090449301547e-11 5.084644011955e-11 7.536854530764e-11 9.849775040154e-11 1.214529541548e-10 1.443905634132e-10 1.677825069267e-10 1.927894722024e-10 2.223212349465e-10 2.807287497829e-09 
