2.541050925576e-09 4.433479130274e-12 5.186292790571e-12 5.642344978527e-12 5.969602619877e-12 6.229758641146e-12 6.452698943872e-12 6.657932047730e-12 6.866207069606e-12 7.151338684471e-12 
4.433479130274e-12 2.547585677422e-09 1.159489047547e-11 1.318506511434e-11 1.432633597479e-11 1.523153895620e-11 1.600729076958e-11 1.672151081832e-11 1.744632777795e-11 1.843870080107e-11 
5.186292790571e-12 1.159489047547e-11 2.554203399345e-09 1.863572943421e-11 2.076895621350e-11 2.245255775123e-11 2.389226959696e-11 2.521784802029e-11 2.656322390759e-11 2.840532889573e-11 
5.642344978527e-12 1.318506511434e-11 1.863572943421e-11 2.561394020636e-09 2.626207646335e-11 2.892967022304e-11 3.119603924276e-11 3.327791094555e-11 3.539097262167e-11 3.828456947405e-11 
5.969602619877e-12 1.432633597479e-11 2.076895621350e-11 2.626207646335e-11 2.569421009912e-09 3.484339970831e-11 3.816473573945e-11 4.119379553413e-11 4.426279769964e-11 4.846683826106e-11 
6.229758641146e-12 1.523153895620e-11 2.245255775123e-11 2.892967022304e-11 3.484339970831e-11 2.578580666875e-09 4.472112636137e-11 4.892108317718e-11 5.314144199365e-11 5.892025436132e-11 
6.452698943872e-12 1.600729076958e-11 2.389226959696e-11 3.119603924276e-11 3.816473573945e-11 4.472112636137e-11 2.589294519208e-09 5.650340841265e-11 6.214360179210e-11 6.980027422035e-11 
6.657932047730e-12 1.672151081832e-11 2.521784802029e-11 3.327791094555e-11 4.119379553413e-11 4.892108317718e-11 5.650340841265e-11 2.602521547411e-09 7.165199988742e-11 8.162531845731e-11 
6.866207069606e-12 1.744632777795e-11 2.656322390759e-11 3.539097262167e-11 4.426279769964e-11 5.314144199365e-11 6.214360179210e-11 7.165199988742e-11 2.620703191309e-09 9.579043017661e-11 
7.151338684471e-12 1.843870080107e-11 2.840532889573e-11 3.828456947405e-11 4.846683826106e-11 5.892025436132e-11 6.980027422035e-11 8.162531845731e-11 9.579043017661e-11 2.656726877249e-09 
