2.549198524267e-09 1.782684652281e-11 2.059962881479e-11 2.227525424932e-11 2.347794508034e-11 2.443408340145e-11 2.525343351675e-11 2.600770385023e-11 2.677315362376e-11 2.782104550477e-11 
1.782684652281e-11 2.573213717240e-09 4.322336391199e-11 4.859188989240e-11 5.244680653941e-11 5.550638431867e-11 5.812836255813e-11 6.054228416295e-11 6.299201001638e-11 6.634596353793e-11 
2.059962881479e-11 4.322336391199e-11 2.595210240821e-09 6.602405101003e-11 7.281272777607e-11 7.817990515939e-11 8.277195535109e-11 8.699982005993e-11 9.129070226590e-11 9.716572046266e-11 
2.227525424932e-11 4.859188989240e-11 6.602405101003e-11 2.617669593444e-09 8.934433001937e-11 9.743408916057e-11 1.043195569082e-10 1.106476004389e-10 1.170702114799e-10 1.258648865433e-10 
2.347794508034e-11 5.244680653941e-11 7.281272777607e-11 8.934433001937e-11 2.641538474781e-09 1.143992492081e-10 1.240641469054e-10 1.328942510557e-10 1.418436873979e-10 1.541017557582e-10 
2.443408340145e-11 5.550638431867e-11 7.817990515939e-11 9.743408916057e-11 1.143992492081e-10 2.667702207131e-09 1.421873378423e-10 1.539976896991e-10 1.658860441319e-10 1.821640584087e-10 
2.525343351675e-11 5.812836255813e-11 8.277195535109e-11 1.043195569082e-10 1.240641469054e-10 1.421873378423e-10 2.697302347681e-09 1.743134982976e-10 1.897281214271e-10 2.106778726345e-10 
2.600770385023e-11 6.054228416295e-11 8.699982005993e-11 1.106476004389e-10 1.328942510557e-10 1.539976896991e-10 1.743134982976e-10 2.732790568413e-09 2.145065765741e-10 2.410956715880e-10 
2.677315362376e-11 6.299201001638e-11 9.129070226590e-11 1.170702114799e-10 1.418436873979e-10 1.658860441319e-10 1.897281214271e-10 2.145065765741e-10 2.780282372302e-09 2.769683898990e-10 
2.782104550477e-11 6.634596353793e-11 9.716572046266e-11 1.258648865433e-10 1.541017557582e-10 1.821640584087e-10 2.106778726345e-10 2.410956715880e-10 2.769683898990e-10 2.872014755210e-09 
