2.556210210711e-09 2.895425403759e-11 3.325632261658e-11 3.585359853964e-11 3.771791854754e-11 3.920007073389e-11 4.047017696784e-11 4.163939964208e-11 4.282595188957e-11 4.445031012286e-11 
2.895425403759e-11 2.593431495902e-09 6.766875382696e-11 7.568038568098e-11 8.143347083230e-11 8.600030782883e-11 8.991394584577e-11 9.351700257213e-11 9.717349759713e-11 1.021796123505e-10 
3.325632261658e-11 6.766875382696e-11 2.626046093563e-09 1.011444116141e-10 1.110523234191e-10 1.188887137096e-10 1.255941087936e-10 1.317676336609e-10 1.380331408106e-10 1.466117194634e-10 
3.585359853964e-11 7.568038568098e-11 1.011444116141e-10 2.658619606436e-09 1.347326741828e-10 1.463574788284e-10 1.562551654460e-10 1.653522421133e-10 1.745852011481e-10 1.872280359633e-10 
3.771791854754e-11 8.143347083230e-11 1.110523234191e-10 1.347326741828e-10 2.692723454271e-09 1.703470360011e-10 1.840734821383e-10 1.966178981235e-10 2.093322660131e-10 2.267468389548e-10 
3.920007073389e-11 8.600030782883e-11 1.188887137096e-10 1.463574788284e-10 1.703470360011e-10 2.729709282470e-09 2.094802616486e-10 2.261115815258e-10 2.428543977566e-10 2.657785866114e-10 
4.047017696784e-11 8.991394584577e-11 1.255941087936e-10 1.562551654460e-10 1.840734821383e-10 2.094802616486e-10 2.771243010090e-09 2.544405185935e-10 2.760095173993e-10 3.053197948898e-10 
4.163939964208e-11 9.351700257213e-11 1.317676336609e-10 1.653522421133e-10 1.966178981235e-10 2.261115815258e-10 2.544405185935e-10 2.820786623120e-09 3.104396444359e-10 3.474468505262e-10 
4.282595188957e-11 9.717349759713e-11 1.380331408106e-10 1.745852011481e-10 2.093322660131e-10 2.428543977566e-10 2.760095173993e-10 3.104396444359e-10 2.886904775349e-09 3.972650948432e-10 
4.445031012286e-11 1.021796123505e-10 1.466117194634e-10 1.872280359633e-10 2.267468389548e-10 2.657785866114e-10 3.053197948898e-10 3.474468505262e-10 3.972650948432e-10 3.014716735668e-09 
