2.541986375828e-09 5.998033321078e-12 6.999381599466e-12 7.605727368971e-12 8.040858283973e-12 8.386773282093e-12 8.683203650275e-12 8.956089621715e-12 9.233020231725e-12 9.612141022663e-12 
5.998033321078e-12 2.550674933556e-09 1.546285700965e-11 1.754660329917e-11 1.904234982785e-11 2.022889228857e-11 2.124574488856e-11 2.218193428967e-11 2.313201287908e-11 2.443279613555e-11 
6.999381599466e-12 1.546285700965e-11 2.559322537956e-09 2.461860875727e-11 2.738318567526e-11 2.956596231798e-11 3.143278772025e-11 3.315160933251e-11 3.489608819910e-11 3.728464142816e-11 
7.605727368971e-12 1.754660329917e-11 2.461860875727e-11 2.568606297303e-09 3.442231143381e-11 3.784525279612e-11 4.075473390497e-11 4.342770444996e-11 4.614069614592e-11 4.985579317544e-11 
8.040858283973e-12 1.904234982785e-11 2.738318567526e-11 3.442231143381e-11 2.578862347224e-09 4.534324967823e-11 4.956694294504e-11 5.342071203093e-11 5.732568375325e-11 6.267472943100e-11 
8.386773282093e-12 2.022889228857e-11 2.956596231798e-11 3.784525279612e-11 4.534324967823e-11 2.590461448500e-09 5.780764241852e-11 6.310668866864e-11 6.843433507512e-11 7.572930211614e-11 
8.683203650275e-12 2.124574488856e-11 3.143278772025e-11 4.075473390497e-11 4.956694294504e-11 5.780764241852e-11 2.603920531483e-09 7.256210765796e-11 7.963091000359e-11 8.923053792916e-11 
8.956089621715e-12 2.218193428967e-11 3.315160933251e-11 4.342770444996e-11 5.342071203093e-11 6.310668866864e-11 7.256210765796e-11 2.620416306956e-09 9.140074938210e-11 1.038247467684e-10 
9.233020231725e-12 2.313201287908e-11 3.489608819910e-11 4.614069614592e-11 5.732568375325e-11 6.843433507512e-11 7.963091000359e-11 9.140074938210e-11 2.642920524698e-09 1.212129006780e-10 
9.612141022663e-12 2.443279613555e-11 3.728464142816e-11 4.985579317544e-11 6.267472943100e-11 7.572930211614e-11 8.923053792916e-11 1.038247467684e-10 1.212129006780e-10 2.687167267378e-09 
