2.541452175279e-09 5.114996384810e-12 5.978981529115e-12 6.502278133208e-12 6.877799244561e-12 7.176324579745e-12 7.432145011257e-12 7.667646629962e-12 7.906638794194e-12 8.233822322060e-12 
5.114996384810e-12 2.548950657994e-09 1.331093564477e-11 1.512382554173e-11 1.642504194212e-11 1.745719016354e-11 1.834172944343e-11 1.915610474494e-11 1.998256252177e-11 2.111409450148e-11 
5.978981529115e-12 1.331093564477e-11 2.556485680102e-09 2.130965823371e-11 2.372934982530e-11 2.563942268639e-11 2.727289131789e-11 2.877686395556e-11 3.030329270753e-11 3.239329430241e-11 
6.502278133208e-12 1.512382554173e-11 2.130965823371e-11 2.564627432523e-09 2.992756248438e-11 3.293930295744e-11 3.549865989992e-11 3.784983400076e-11 4.023621831732e-11 4.350408469218e-11 
6.877799244561e-12 1.642504194212e-11 2.372934982530e-11 2.992756248438e-11 2.573671671242e-09 3.957764674306e-11 4.331145557131e-11 4.671744947014e-11 5.016849579947e-11 5.489582380490e-11 
7.176324579745e-12 1.745719016354e-11 2.563942268639e-11 3.293930295744e-11 3.957764674306e-11 2.583947683996e-09 5.064117549391e-11 5.534485634010e-11 6.007261741758e-11 6.654625942677e-11 
7.432145011257e-12 1.834172944343e-11 2.727289131789e-11 3.549865989992e-11 4.331145557131e-11 5.064117549391e-11 2.595921620809e-09 6.378783316576e-11 7.008386533755e-11 7.863264138410e-11 
7.667646629962e-12 1.915610474494e-11 2.877686395556e-11 3.784983400076e-11 4.671744947014e-11 5.534485634010e-11 6.378783316576e-11 2.610650317122e-09 8.063536320111e-11 9.173729906933e-11 
7.906638794194e-12 1.998256252177e-11 3.030329270753e-11 4.023621831732e-11 5.016849579947e-11 6.007261741758e-11 7.008386533755e-11 8.063536320111e-11 2.630825939631e-09 1.073857750726e-10 
8.233822322060e-12 2.111409450148e-11 3.239329430241e-11 4.350408469218e-11 5.489582380490e-11 6.654625942677e-11 7.863264138410e-11 9.173729906933e-11 1.073857750726e-10 2.670638414336e-09 
