3.708836368345e-07 1.261160063944e-07 2.333608571964e-08 2.939853984196e-09 2.650291964043e-10 1.582773686218e-11 5.358859750838e-13 7.758372171243e-15 2.631726701134e-17 3.347039737737e-21 
1.261160063944e-07 3.165002151380e-07 1.615559878801e-07 4.811428785275e-08 9.053665505336e-09 1.083738515266e-09 7.432050608079e-11 2.271859370922e-12 1.750436292449e-14 5.884790025385e-18 
2.333608571964e-08 1.615559878801e-07 2.619871972648e-07 1.517045133346e-07 5.548500556942e-08 1.206450766420e-08 1.468955026228e-09 8.152620011491e-11 1.226153253787e-12 9.586911711563e-16 
2.939853984196e-09 4.811428785275e-08 1.517045133346e-07 2.268793906588e-07 1.371486599034e-07 5.358927853717e-08 1.140157595360e-08 1.108805147332e-09 3.082307860326e-11 5.314782996887e-14 
2.650291964043e-10 9.053665505336e-09 5.548500556942e-08 1.371486599034e-07 2.021894449942e-07 1.222519273930e-07 4.622747258160e-08 8.021210321093e-09 4.147351330306e-10 1.570541958239e-12 
1.582773686218e-11 1.083738515266e-09 1.206450766420e-08 5.358927853717e-08 1.222519273930e-07 1.833274870968e-07 1.069894242232e-07 3.458635934976e-08 3.501283532478e-09 3.059348896627e-11 
5.358859750838e-13 7.432050608079e-11 1.468955026228e-09 1.140157595360e-08 4.622747258160e-08 1.069894242232e-07 1.674516172504e-07 8.922350194705e-08 1.931499551533e-08 4.343912826393e-10 
7.758372171243e-15 2.271859370922e-12 8.152620011491e-11 1.108805147332e-09 8.021210321093e-09 3.458635934976e-08 8.922350194705e-08 1.519480730881e-07 6.576582758038e-08 4.592063118782e-09 
2.631726701134e-17 1.750436292449e-14 1.226153253787e-12 3.082307860326e-11 4.147351330306e-10 3.501283532478e-09 1.931499551533e-08 6.576582758038e-08 1.360545663798e-07 3.323147031573e-08 
3.347039737737e-21 5.884790025385e-18 9.586911711563e-16 5.314782996887e-14 1.570541958239e-12 3.059348896627e-11 4.343912826393e-10 4.592063118782e-09 3.323147031573e-08 9.945741375718e-08 
