2.914645026719e-07 9.870227361177e-08 1.820999410684e-08 2.283450489278e-09 2.047598408323e-10 1.210996897975e-11 4.034592112273e-13 5.739848765311e-15 1.911932028696e-17 2.379736014244e-21 
9.870227361177e-08 2.533584799192e-07 1.256394040153e-07 3.724485122786e-08 6.956749474743e-09 8.218982324347e-10 5.545822565967e-11 1.669135419260e-12 1.264625233487e-14 4.170176646222e-18 
1.820999410684e-08 1.256394040153e-07 2.093150475460e-07 1.168644419626e-07 4.231822614931e-08 9.072044966802e-09 1.088477365003e-09 5.955292735455e-11 8.817826806448e-13 6.770115114389e-16 
2.283450489278e-09 3.724485122786e-08 1.168644419626e-07 1.800162671673e-07 1.035760546870e-07 3.994765162635e-08 8.392388543454e-09 8.054751492644e-10 2.207587928384e-11 3.738888018698e-14 
2.047598408323e-10 6.956749474743e-09 4.231822614931e-08 1.035760546870e-07 1.581686202451e-07 9.034082294546e-08 3.378958222613e-08 5.793253853926e-09 2.958466762538e-10 1.100217530837e-12 
1.210996897975e-11 8.218982324347e-10 9.072044966802e-09 3.994765162635e-08 9.034082294546e-08 1.418181690197e-07 7.760192489700e-08 2.482732543762e-08 2.486203411481e-09 2.133430588003e-11 
4.034592112273e-13 5.545822565967e-11 1.088477365003e-09 8.392388543454e-09 3.378958222613e-08 7.760192489700e-08 1.283668491053e-07 6.363873684559e-08 1.363126788164e-08 3.014867082280e-10 
5.739848765311e-15 1.669135419260e-12 5.955292735455e-11 8.054751492644e-10 5.793253853926e-09 2.482732543762e-08 6.363873684559e-08 1.157774891014e-07 4.600373529443e-08 3.173420446427e-09 
1.911932028696e-17 1.264625233487e-14 8.817826806448e-13 2.207587928384e-11 2.958466762538e-10 2.486203411481e-09 1.363126788164e-08 4.600373529443e-08 1.029121112383e-07 2.288844529716e-08 
2.379736014244e-21 4.170176646222e-18 6.770115114389e-16 3.738888018698e-14 1.100217530837e-12 2.133430588003e-11 3.014867082280e-10 3.173420446427e-09 2.288844529716e-08 7.673814127733e-08 
