1.105136383450e-07 3.569317967140e-08 6.891122737846e-09 8.825768728406e-10 7.963825738374e-11 4.699938415914e-12 1.552261994139e-13 2.169178353814e-15 6.975697021063e-18 8.131201619370e-22 
3.569317967140e-08 1.128732733556e-07 4.835604684180e-08 1.447185082627e-08 2.703528943133e-09 3.176424520322e-10 2.116998823473e-11 6.237837722714e-13 4.547394434053e-15 1.409158617818e-18 
6.891122737846e-09 4.835604684180e-08 9.853321527785e-08 4.544287989805e-08 1.640061988259e-08 3.486331164634e-09 4.121054767968e-10 2.200034512110e-11 3.128767992745e-13 2.262757410818e-16 
8.825768728406e-10 1.447185082627e-08 4.544287989805e-08 8.708819043056e-08 3.992760192648e-08 1.523182058744e-08 3.145944897976e-09 2.937546872498e-10 7.732561912686e-12 1.235103469294e-14 
7.963825738374e-11 2.703528943133e-09 1.640061988259e-08 3.992760192648e-08 7.786578805856e-08 3.407713121201e-08 1.249936575407e-08 2.081007019580e-09 1.022404564137e-10 3.587131539408e-13 
4.699938415914e-12 3.176424520322e-10 3.486331164634e-09 1.523182058744e-08 3.407713121201e-08 7.040857452106e-08 2.819420687597e-08 8.759001469264e-09 8.460171757429e-10 6.848441837242e-12 
1.552261994139e-13 2.116998823473e-11 4.121054767968e-10 3.145944897976e-09 1.249936575407e-08 2.819420687597e-08 6.376661414578e-08 2.198251054883e-08 4.547785169413e-09 9.487242095794e-11 
2.169178353814e-15 6.237837722714e-13 2.200034512110e-11 2.937546872498e-10 2.081007019580e-09 8.759001469264e-09 2.198251054883e-08 5.767931729728e-08 1.492020963647e-08 9.716935421115e-10 
6.975697021063e-18 4.547394434053e-15 3.128767992745e-13 7.732561912686e-12 1.022404564137e-10 8.460171757429e-10 4.547785169413e-09 1.492020963647e-08 5.141465840515e-08 6.749963707463e-09 
8.131201619370e-22 1.409158617818e-18 2.262757410818e-16 1.235103469294e-14 3.587131539408e-13 6.848441837242e-12 9.487242095794e-11 9.716935421115e-10 6.749963707463e-09 4.169529013165e-08 
