9.974152537497e-08 3.155610922688e-08 6.143749450524e-09 7.913710105314e-10 7.171726971287e-11 4.240503801947e-12 1.405815549442e-13 1.963438797832e-15 6.317945637045e-18 7.337278432191e-22 
3.155610922688e-08 1.035910175994e-07 4.329462982969e-08 1.301725337752e-08 2.437566826891e-09 2.871885624071e-10 1.918316423563e-11 5.640482426995e-13 4.125256835043e-15 1.268485762062e-18 
6.143749450524e-09 4.329462982969e-08 9.142835822996e-08 4.095451574479e-08 1.480804216356e-08 3.157428391490e-09 3.731172176099e-10 1.990148023848e-11 2.839617264423e-13 2.033565006510e-16 
7.913710105314e-10 1.301725337752e-08 4.095451574479e-08 8.134835179228e-08 3.613329621693e-08 1.380117464048e-08 2.845511151878e-09 2.660704000149e-10 7.011298956494e-12 1.109281549484e-14 
7.171726971287e-11 2.437566826891e-09 1.480804216356e-08 3.613329621693e-08 7.320630101682e-08 3.083940241391e-08 1.130602058706e-08 1.887592480352e-09 9.249428433730e-11 3.222859974114e-13 
4.240503801947e-12 2.871885624071e-10 3.157428391490e-09 1.380117464048e-08 3.083940241391e-08 6.637041251778e-08 2.554817246294e-08 7.946315514321e-09 7.628687023468e-10 6.160536451115e-12 
1.405815549442e-13 1.918316423563e-11 3.731172176099e-10 2.845511151878e-09 1.130602058706e-08 2.554817246294e-08 6.047631120043e-08 1.988403480360e-08 4.088452022358e-09 8.548262099596e-11 
1.963438797832e-15 5.640482426995e-13 1.990148023848e-11 2.660704000149e-10 1.887592480352e-09 7.946315514321e-09 1.988403480360e-08 5.472800815390e-08 1.341280150304e-08 8.756011889598e-10 
6.317945637045e-18 4.125256835043e-15 2.839617264423e-13 7.011298956494e-12 9.249428433730e-11 7.628687023468e-10 4.088452022358e-09 1.341280150304e-08 4.911864056089e-08 6.035326121371e-09 
7.337278432191e-22 1.268485762062e-18 2.033565006510e-16 1.109281549484e-14 3.222859974114e-13 6.160536451115e-12 8.548262099596e-11 8.756011889598e-10 6.035326121371e-09 4.013140830582e-08 
