5.785554201556e-08 1.427778825972e-08 2.924248472038e-09 3.917637150230e-10 3.662285447630e-11 2.222478617253e-12 7.509098383278e-14 1.070181486503e-15 3.484488750441e-18 4.087546407375e-22 
1.427778825972e-08 6.378243860330e-08 2.122667810572e-08 6.581805053773e-09 1.265909423312e-09 1.522160337252e-10 1.034948323664e-11 3.095014427107e-13 2.277996658588e-15 7.072950728787e-19 
2.924248472038e-09 2.122667810572e-08 6.003584075653e-08 2.112460808308e-08 7.794477298967e-09 1.688913480916e-09 2.029676213516e-10 1.095600842844e-11 1.570747681666e-13 1.133325848330e-16 
3.917637150230e-10 6.581805053773e-09 2.112460808308e-08 5.610525462134e-08 1.923968089983e-08 7.454607395856e-09 1.558555118130e-09 1.467369789222e-10 3.887439969905e-12 6.170173180470e-15 
3.662285447630e-11 1.265909423312e-09 7.794477298967e-09 1.923968089983e-08 5.245334069381e-08 1.682744573700e-08 6.222205427493e-09 1.042587683883e-09 5.141891093942e-11 1.786674860334e-13 
2.222478617253e-12 1.522160337252e-10 1.688913480916e-09 7.454607395856e-09 1.682744573700e-08 4.918846806025e-08 1.409504892969e-08 4.400143532322e-09 4.249917828599e-10 3.399296077266e-12 
7.509098383278e-14 1.034948323664e-11 2.029676213516e-10 1.558555118130e-09 6.222205427493e-09 1.409504892969e-08 4.605591114751e-08 1.105532174327e-08 2.276775538387e-09 4.688991802904e-11 
1.070181486503e-15 3.095014427107e-13 1.095600842844e-11 1.467369789222e-10 1.042587683883e-09 4.400143532322e-09 1.105532174327e-08 4.298588670965e-08 7.423241907665e-09 4.771778480626e-10 
3.484488750441e-18 2.277996658588e-15 1.570747681666e-13 3.887439969905e-12 5.141891093942e-11 4.249917828599e-10 2.276775538387e-09 7.423241907665e-09 3.964319832237e-08 3.267617673121e-09 
4.087546407375e-22 7.072950728787e-19 1.133325848330e-16 6.170173180470e-15 1.786674860334e-13 3.399296077266e-12 4.688991802904e-11 4.771778480626e-10 3.267617673121e-09 3.449976966005e-08 
