6.543852591522e-07 2.334238569509e-07 4.477130797779e-08 5.861401711078e-09 5.482645970193e-10 3.380465945081e-11 1.183405592307e-12 1.768269913586e-14 6.117943064077e-17 8.182121547270e-21 
2.334238569509e-07 5.775286407714e-07 3.187108501566e-07 9.836901551400e-08 1.911115015758e-08 2.358666900457e-09 1.669493264654e-10 5.223071066888e-12 4.099031694345e-14 1.452658860154e-17 
4.477130797779e-08 3.187108501566e-07 5.037195182833e-07 3.175923292102e-07 1.193325943314e-07 2.670603262395e-08 3.339013992962e-09 1.885069844413e-10 2.896900143526e-12 2.384793474139e-15 
5.861401711078e-09 9.836901551400e-08 3.175923292102e-07 4.537369509491e-07 3.010247434519e-07 1.205917471911e-07 2.615296051876e-08 2.578668936163e-09 7.360405598498e-11 1.329663115687e-13 
5.482645970193e-10 1.911115015758e-08 1.193325943314e-07 3.010247434519e-07 4.182582373478e-07 2.790234654180e-07 1.068255670265e-07 1.880324417755e-08 1.002832348556e-09 3.943514290654e-12 
3.380465945081e-11 2.358666900457e-09 2.670603262395e-08 1.205917471911e-07 2.790234654180e-07 3.859684606630e-07 2.492478281420e-07 8.210312899143e-08 8.587046660789e-09 7.692221685287e-11 
1.183405592307e-12 1.669493264654e-10 3.339013992962e-09 2.615296051876e-08 1.068255670265e-07 2.492478281420e-07 3.571139139605e-07 2.158585248642e-07 4.804674279784e-08 1.090610727839e-09 
1.768269913586e-14 5.223071066888e-12 1.885069844413e-10 2.578668936163e-09 1.880324417755e-08 8.210312899143e-08 2.158585248642e-07 3.343774172801e-07 1.651113856699e-07 1.146927896371e-08 
6.117943064077e-17 4.099031694345e-14 2.896900143526e-12 7.360405598498e-11 1.002832348556e-09 8.587046660789e-09 4.804674279784e-08 1.651113856699e-07 2.982720091350e-07 8.230145500792e-08 
8.182121547270e-21 1.452658860154e-17 2.384793474139e-15 1.329663115687e-13 3.943514290654e-12 7.692221685287e-11 1.090610727839e-09 1.146927896371e-08 8.230145500792e-08 2.044402186476e-07 
