3.406345502406e-07 1.155509357745e-07 2.134559645401e-08 2.686403685226e-09 2.413515738031e-10 1.432326883323e-11 4.821422457978e-13 6.942808413615e-15 2.340186426472e-17 2.957604592786e-21 
1.155509357745e-07 2.919994865762e-07 1.476576039917e-07 4.388570039523e-08 8.212999642710e-09 9.773877251639e-10 6.668451094396e-11 2.028471472257e-12 1.553187621228e-14 5.195287267268e-18 
2.134559645401e-08 1.476576039917e-07 2.415633204470e-07 1.378494716772e-07 5.014639172146e-08 1.085052264527e-08 1.315172256833e-09 7.264397966745e-11 1.086275120973e-12 8.451809756129e-16 
2.686403685226e-09 4.388570039523e-08 1.378494716772e-07 2.079028978011e-07 1.235152719416e-07 4.806810704039e-08 1.018623544511e-08 9.859341992533e-10 2.727701923848e-11 4.676272646135e-14 
2.413515738031e-10 8.212999642710e-09 5.014639172146e-08 1.235152719416e-07 1.843633166809e-07 1.093598269388e-07 4.120045634267e-08 7.116839628469e-09 3.667085108317e-10 1.378443237273e-12 
1.432326883323e-11 9.773877251639e-10 1.085052264527e-08 4.806810704039e-08 1.093598269388e-07 1.665587477536e-07 9.507745295711e-08 3.062587305330e-08 3.092485740081e-09 2.677798337554e-11 
4.821422457978e-13 6.668451094396e-11 1.315172256833e-09 1.018623544511e-08 4.120045634267e-08 9.507745295711e-08 1.515792524154e-07 7.889113212494e-08 1.702003624734e-08 3.793032584311e-10 
6.942808413615e-15 2.028471472257e-12 7.264397966745e-11 9.859341992533e-10 7.116839628469e-09 3.062587305330e-08 7.889113212494e-08 1.373782015277e-07 5.767047442422e-08 4.008665148942e-09 
2.340186426472e-17 1.553187621228e-14 1.086275120973e-12 2.727701923848e-11 3.667085108317e-10 3.092485740081e-09 1.702003624734e-08 5.767047442422e-08 1.223753350582e-07 2.914053007074e-08 
2.957604592786e-21 5.195287267268e-18 8.451809756129e-16 4.676272646135e-14 1.378443237273e-12 2.677798337554e-11 3.793032584311e-10 4.008665148942e-09 2.914053007074e-08 9.035713268278e-08 
