1.688115831738e-10 4.553113813077e-10 6.413491427291e-10 7.648897384212e-10 8.547238152358e-10 9.261587393318e-10 9.873570948956e-10 1.043692387937e-09 1.100862629870e-09 1.179152413551e-09 
1.660078870710e-11 1.407405487177e-10 3.458806936142e-10 5.464057571410e-10 7.105038752299e-10 8.429197729484e-10 9.560544083025e-10 1.060097865804e-09 1.165673015872e-09 1.310251314559e-09 
1.077749410373e-12 2.347006499984e-11 1.123552661124e-10 2.738189586066e-10 4.578096508778e-10 6.227885882046e-10 7.649176191089e-10 8.950549426972e-10 1.026948009087e-09 1.207549832637e-09 
-5.827257541466e-14 2.886712016107e-13 1.591022479753e-11 8.796060710750e-11 2.293723760364e-10 3.982930679449e-10 5.587687872928e-10 7.069475194720e-10 8.563933849384e-10 1.060802625720e-09 
-2.313493352719e-14 -7.332734308003e-13 -2.118988481116e-12 1.176977979744e-11 7.564269699041e-11 2.007952673690e-10 3.587754925883e-10 5.195920945275e-10 6.820758125119e-10 9.029703155439e-10 
-2.200477034186e-15 -1.392960879571e-13 -1.222112495821e-12 -2.484311478065e-12 9.130655976106e-12 6.295960744035e-11 1.782741510713e-10 3.366875864394e-10 5.103118496498e-10 7.432708729992e-10 
-8.650157070299e-17 -1.121667039531e-14 -2.018504252038e-13 -1.330888093413e-12 -3.550123383485e-12 2.257875360177e-12 4.622757440384e-11 1.611796394748e-10 3.371701090992e-10 5.817881922187e-10 
-1.361203767530e-18 -4.011751791550e-16 -1.451343347338e-14 -1.972547758345e-13 -1.389146287280e-12 -5.363173699152e-12 -8.137580201304e-12 2.335971604284e-11 1.549482986125e-10 4.147924757588e-10 
-5.665739489953e-21 -3.997970037533e-18 -2.964461141444e-16 -7.910782898451e-15 -1.137856653943e-13 -1.036733072276e-12 -6.174989813842e-12 -2.106249242802e-11 -9.061548877571e-12 2.187766633148e-10 
-1.122285979850e-24 -2.145958994899e-21 -3.794010987448e-19 -2.283486128931e-17 -7.339643281844e-16 -1.563514059767e-14 -2.456113850293e-13 -2.923424623943e-12 -2.358397803576e-11 -3.440047395201e-13 
