-4.1321561603657012e-10 4.6282410001161219e-10 6.9059255409158735e-10 8.2625899260685065e-10 9.2328297849970786e-10 1.0002843409780626e-09 1.0662413304719549e-09 1.1269569955418916e-09 1.1885727633501233e-09 1.2729556087779527e-09 
-1.6824168957365673e-09 -8.8098727909643715e-11 3.2553512653529513e-10 5.7897504903806213e-10 7.6088395659670508e-10 9.0335073581694503e-10 1.0244857187449522e-09 1.1358323382966743e-09 1.2488155841073887e-09 1.4035448628614643e-09 
-2.5454718661696531e-09 -5.6387168862817722e-10 -6.4921263349433344e-11 2.4518770002354239e-10 4.7952265171619291e-10 6.6302921369195950e-10 8.1544955050292227e-10 9.5410635518184834e-10 1.0945484666388921e-09 1.2868580364796368e-09 
-3.1936880176965016e-09 -9.5281371600814379e-10 -3.9175775211356114e-10 -5.8211674436126695e-11 2.0035805038927271e-10 4.1445590833961355e-10 5.9234629697697776e-10 7.5052164298397452e-10 9.0909934109784657e-10 1.1259207570213847e-09 
-3.6957850500588773e-09 -1.2781292761988399e-09 -6.6324753951360969e-10 -3.0696385780069304e-10 -4.7068255841495108e-11 1.7548294359657943e-10 3.7297921777429347e-10 5.4938238884317170e-10 7.2184528304522635e-10 9.5545348884886680e-10 
-4.0900556335352190e-09 -1.5550034116677330e-09 -9.0341895149848591e-10 -5.2099279048412730e-10 -2.5498367095906825e-10 -4.0903798262385772e-11 1.5830379964849930e-10 3.5090584699572350e-10 5.3837284537157049e-10 7.8435036331434514e-10 
-4.3947473091522567e-09 -1.7900017874399558e-09 -1.1185808542875773e-09 -7.1911994647557591e-10 -4.3882970203663544e-10 -2.2567799062504200e-10 -4.1766037080020549e-11 1.4832526954089125e-10 3.5343761173043783e-10 6.1302547303621037e-10 
-4.6212205934335968e-09 -1.9892937689180448e-09 -1.3105950801705520e-09 -9.0505655593581686e-10 -6.1551588049926369e-10 -3.9183558274996228e-10 -2.1321117694524484e-10 -5.1234122904536128e-11 1.4988461254907650e-10 4.3568605383660932e-10 
-4.8619726945689550e-09 -2.2007663421061531e-09 -1.5144973337054991e-09 -1.1041998279531199e-09 -8.0969516576743974e-10 -5.7661462265246376e-10 -3.8303388235491298e-10 -2.2493171039630330e-10 -7.6111214828736422e-11 2.2536519857186759e-10 
-5.1601564507334120e-09 -2.4726114577526248e-09 -1.7795472529002723e-09 -1.3651781867170699e-09 -1.0676273720884927e-09 -8.3106295515324674e-10 -6.2859217191393975e-10 -4.4506913191056558e-10 -2.8154312590962064e-10 -7.1530918345182299e-11 
