-4.9642848164835875e-10 5.7626973041344953e-10 8.5512613868157677e-10 1.0212090616677706e-09 1.1399940056491267e-09 1.2342710232383891e-09 1.3150271085636762e-09 1.3893659852731050e-09 1.4648069337657865e-09 1.5681233831128239e-09 
-2.0079616965501286e-09 -1.0031781148780145e-10 3.9472371006986739e-10 6.9793662383272732e-10 9.1551318224935635e-10 1.0859405767522782e-09 1.2308716439346397e-09 1.3640965705742727e-09 1.4992802262684793e-09 1.6844127477334803e-09 
-2.9986321238216468e-09 -6.6166363988974453e-10 -7.3119697614226054e-11 2.9274382658195831e-10 5.6906808305288232e-10 7.8540274019741141e-10 9.6512620883698843e-10 1.1286461409628905e-09 1.2942774298877648e-09 1.5210796091410184e-09 
-3.7267410281846733e-09 -1.1103214899297717e-09 -4.5528615249839197e-10 -6.5732399856054525e-11 2.3630215007332797e-10 4.8626900355980941e-10 6.9391391682289876e-10 8.7857378150289120e-10 1.0637265611586590e-09 1.3168896460109731e-09 
-4.2826774616736426e-09 -1.4801619451906005e-09 -7.6746112725634822e-10 -3.5449307209858111e-10 -5.3122525284494086e-11 2.0496141786510769e-10 4.3388489178428315e-10 6.3831824690282598e-10 8.3821683098234085e-10 1.1090124244812798e-09 
-4.7152289035168218e-09 -1.7921418727010878e-09 -1.0408392743567331e-09 -5.9991789480502946e-10 -2.9319728307103211e-10 -4.6270141336588609e-11 1.8349802533364346e-10 4.0555676319732023e-10 6.2167642255877687e-10 9.0529652320141342e-10 
-5.0483624055924966e-09 -2.0559493584122510e-09 -1.2846022293610781e-09 -8.2570034161870934e-10 -5.0371627390306798e-10 -2.5884174708628943e-10 -4.7503586677221117e-11 1.7092240130177151e-10 4.0652625715760711e-10 7.0472438149588520e-10 
-5.2980265337995046e-09 -2.2805663962523555e-09 -1.5024497882847308e-09 -1.0375076515419558e-09 -7.0555883211694570e-10 -4.4912226237971630e-10 -2.4432708596073649e-10 -5.8587358514354477e-11 1.7198532238324316e-10 4.9962928724473148e-10 
-5.5776836285938913e-09 -2.5248395533074763e-09 -1.7375754319274301e-09 -1.2668962966495662e-09 -9.2905066221405340e-10 -6.6166753575159960e-10 -4.3958855383442916e-10 -2.5818681799463948e-10 -8.7493644520253227e-11 2.5826771166043429e-10 
-5.9760293987976023e-09 -2.8642282714199251e-09 -2.0617568647235113e-09 -1.5819754457615118e-09 -1.2374532129521236e-09 -9.6354451122749859e-10 -7.2910871606416873e-10 -5.1658255238739915e-10 -3.2703188632806425e-10 -8.3955672172236681e-11 
