-4.3865971019052887e-10 4.9688510151781968e-10 7.4011320566230961e-10 8.8498415598525832e-10 9.8859310598259366e-10 1.0708220316723334e-09 1.1412571572950551e-09 1.2060951388955715e-09 1.2718943379585897e-09 1.3620063980256547e-09 
-1.7822048040027363e-09 -9.1955701143919311e-11 3.4660058312847465e-10 6.1528059015866152e-10 8.0811154682039754e-10 9.5913973841184956e-10 1.0875605725173534e-09 1.2056057844418993e-09 1.3253862355686215e-09 1.4894242196611330e-09 
-2.6850666541783907e-09 -5.9403754569536790e-10 -6.7500678663669304e-11 2.5977492923061342e-10 5.0704082709271835e-10 7.0065737410852505e-10 8.6148553387748184e-10 1.0077984836542147e-09 1.1559970827941679e-09 1.3589279356623076e-09 
-3.3583123322470833e-09 -1.0014719144170418e-09 -4.1139569571008125e-10 -6.0556042284929883e-11 2.1143472522366741e-10 4.3660899370684991e-10 6.2368791714739402e-10 7.9004166198941460e-10 9.5682555739914746e-10 1.1848690123524032e-09 
-3.8772282745678967e-09 -1.3405932337007857e-09 -6.9547046108896576e-10 -3.2166275585933801e-10 -4.8945951782945363e-11 1.8458981027242843e-10 3.9180237707114839e-10 5.7687116296672038e-10 7.5781570236868540e-10 1.0029203552189002e-09 
-4.2833082494639456e-09 -1.6283036307657857e-09 -9.4589350196559104e-10 -5.4538501047371012e-10 -2.6679135535124343e-10 -4.2557179526982137e-11 1.6609864312953873e-10 3.6780645581214937e-10 5.6413035771681343e-10 8.2174409703125443e-10 
-4.5965540230109221e-09 -1.8721087401463794e-09 -1.1698337067118765e-09 -7.5201942688149207e-10 -4.5885584124905574e-10 -2.3590921444859679e-10 -4.3528195032003019e-11 1.5531294783407202e-10 3.6984033447726490e-10 6.4134880345339778e-10 
-4.8296851722566723e-09 -2.0789997637168357e-09 -1.3696766653944097e-09 -9.4583965740445804e-10 -6.4323591734815539e-10 -4.0946625565811105e-10 -2.2278152966913264e-10 -5.3482657300773205e-11 1.5671399747058661e-10 4.5540069691345197e-10 
-5.0813216028498085e-09 -2.3000779714575229e-09 -1.5828538795079538e-09 -1.1540493584825667e-09 -8.4626069232864340e-10 -6.0266668741066680e-10 -4.0035252819915126e-10 -2.3511049374990821e-10 -7.9580800806175855e-11 2.3547070822887750e-10 
-5.4078069110249717e-09 -2.5914622365907951e-09 -1.8651831612334197e-09 -1.4309555958947916e-09 -1.1191447554158242e-09 -8.7124301613520879e-10 -6.5906810285494408e-10 -4.6674116475919170e-10 -2.9532202212599585e-10 -7.5266109505547276e-11 
