6.353154186331e-10 1.621008807315e-09 2.227237808001e-09 2.624331062011e-09 2.912423139739e-09 3.141496590501e-09 3.337754075532e-09 3.518417551685e-09 3.701758720738e-09 3.952828346695e-09 
5.193565409885e-11 4.228090395867e-10 1.011416026395e-09 1.572392653567e-09 2.026625622906e-09 2.392443545229e-09 2.705062847546e-09 2.992594461488e-09 3.284363055554e-09 3.683921196462e-09 
3.188827367357e-12 6.631853191792e-11 3.070042860278e-10 7.312498087527e-10 1.205774941404e-09 1.628174125272e-09 1.991669440900e-09 2.324563931494e-09 2.661983813468e-09 3.124018876943e-09 
-1.349143362732e-13 1.230632175214e-12 4.282382641136e-11 2.256682237982e-10 5.767291755948e-10 9.913643592793e-10 1.383264723640e-09 1.744824815037e-09 2.109563380252e-09 2.608475301394e-09 
-5.725083509917e-14 -1.772762978120e-12 -4.827291293329e-12 2.993029905099e-11 1.853377280629e-10 4.855012131964e-10 8.609507874907e-10 1.242039967499e-09 1.627080727298e-09 2.150615340038e-09 
-5.363334198801e-15 -3.353516520633e-13 -2.900711972072e-12 -5.666330431676e-12 2.247911604330e-11 1.495563547850e-10 4.192391646110e-10 7.887562216820e-10 1.193474954960e-09 1.736575709188e-09 
-2.070928308627e-16 -2.653186780129e-14 -4.727122010263e-13 -3.090481458514e-12 -8.179560351877e-12 5.431787622780e-12 1.077215772162e-10 3.745876329877e-10 7.825330491723e-10 1.350131796892e-09 
-3.188535443334e-18 -9.340274464312e-16 -3.371706726183e-14 -4.578853785039e-13 -3.221787918547e-12 -1.241120799209e-11 -1.877498926525e-11 5.359117270301e-11 3.576939964701e-10 9.642391310053e-10 
-1.315501787647e-20 -9.277332225074e-18 -6.871788793737e-16 -1.831791055819e-14 -2.634563716531e-13 -2.406772377139e-12 -1.445988103652e-11 -5.035774850515e-11 -2.556417551870e-11 5.186603133745e-10 
-2.600183966796e-24 -4.984934701670e-21 -8.850084120861e-19 -5.356339364814e-17 -1.733342490835e-15 -3.721526925034e-14 -5.899085243343e-13 -7.095671164589e-12 -5.817889145902e-11 -8.034576409727e-12 
