-3.1268270753098060e-09 7.0603671017816862e-09 9.7023968950768631e-09 1.1275887071162593e-08 1.2402140786873684e-08 1.3296395063876472e-08 1.4062470049821548e-08 1.4767676045398094e-08 1.5483336953258120e-08 1.6463436450699816e-08 
-1.5085248130552532e-08 -5.6670115357484442e-10 3.2034716111062431e-09 5.5086958255573652e-09 7.1622179289563580e-09 8.4584352963771939e-09 9.5611717977513051e-09 1.0574895834665166e-08 1.1603525302189137e-08 1.3012221915432531e-08 
-2.1842476884443822e-08 -4.8022517213273149e-09 -5.0890347306488534e-10 2.1582938260470282e-09 4.1713720950265154e-09 5.7484955837197211e-09 7.0592444587423212e-09 8.2516702670469500e-09 9.4593830665625309e-09 1.1113106190794791e-08 
-2.7457448703968811e-08 -8.2126198827240815e-09 -3.3923282596075662e-09 -5.2768261494703288e-10 1.6896398951738525e-09 3.5267027420284595e-09 5.0553379948462948e-09 6.4146490977059019e-09 7.7767253827578280e-09 9.6387731075707292e-09 
-3.2705313503963320e-08 -1.1355521909090481e-08 -5.9230986139281717e-09 -2.7740252347907872e-09 -4.8211307730908176e-10 1.4768273237178791e-09 3.2194553431280942e-09 4.7800259015374843e-09 6.3046562902787911e-09 8.3677575686121351e-09 
-3.7997215914487328e-08 -1.4502762300390002e-08 -8.4626908570742547e-09 -4.9146391194771417e-09 -2.4467879839298041e-09 -4.6865734754993000e-10 1.3680727979602794e-09 3.1532501693900633e-09 4.8962619777773557e-09 7.1776670969850776e-09 
-4.3604866767272939e-08 -1.7820020596571164e-08 -1.1173220713416692e-08 -7.2171543930839394e-09 -4.4380124828724615e-09 -2.3252524727348449e-09 -5.1386216459422764e-10 1.3544163253611223e-09 3.3889520618828927e-09 5.9673352687165826e-09 
-4.9969856691189688e-08 -2.1573693756665596e-08 -1.4251107086254754e-08 -9.8753815715322864e-09 -6.7495814027668668e-09 -4.3305171254875357e-09 -2.3979877393324667e-09 -6.6541116627849966e-10 1.4794642273256382e-09 4.5833724278364003e-09 
-5.9830500984337426e-08 -2.7152736327293935e-08 -1.8725827627375440e-08 -1.3687638934285188e-08 -1.0071076071822055e-08 -7.2070849775135238e-09 -4.8213447437194332e-09 -2.8651199297244074e-09 -1.0720220278783218e-09 2.6041892169096720e-09 
-7.9568642623544615e-08 -3.8274560932397526e-08 -2.7625638551806207e-08 -2.1258863204519455e-08 -1.6686995765716664e-08 -1.3052126437076752e-08 -9.9403282119220669e-09 -7.1122451339726575e-09 -4.5528508929624813e-09 -1.3528434459237773e-09 
