-4.5221124830217283e-10 5.1521645903795240e-10 7.6672734951761554e-10 9.1652969542294585e-10 1.0236666868943464e-09 1.1086964436459358e-09 1.1815308814483599e-09 1.2485775338909315e-09 1.3166181481232101e-09 1.4097998292936201e-09 
-1.8351971073060866e-09 -9.3962483862254915e-11 3.5784042196118742e-10 6.3461984709150101e-10 8.3325504696999549e-10 9.8883320187541653e-10 1.1211262545312082e-09 1.2427316034253202e-09 1.3661246044944532e-09 1.5351099400998279e-09 
-2.7589376793177824e-09 -6.0998504858374773e-10 -6.8845179240701147e-11 2.6751794380443804e-10 5.2162811390688658e-10 7.2059565528156448e-10 8.8587415889548133e-10 1.0362396949350019e-09 1.1885440168753000e-09 1.3970970096788980e-09 
-3.4452657871146365e-09 -1.0271671035840973e-09 -4.2176114400816938e-10 -6.1785728738294540e-11 2.1729481842998809e-10 4.4831999323383569e-10 6.4025251307237777e-10 8.1092637696891474e-10 9.8204514716063373e-10 1.2160165838716631e-09 
-3.9729873262288603e-09 -1.3735577010942833e-09 -7.1247449897932034e-10 -3.2941805241887265e-10 -4.9934263551454607e-11 1.8939914544296011e-10 4.0173955792847319e-10 5.9138177257607804e-10 7.7680276270523778e-10 1.0279749898842990e-09 
-4.3852965312405829e-09 -1.6669886255533861e-09 -9.6831067207622750e-10 -5.5825944614126461e-10 -2.7302426666921240e-10 -4.3431279655296068e-11 1.7021026205932881e-10 3.7672351746814824e-10 5.7772172292447468e-10 8.4147637152357170e-10 
-4.7031420149478532e-09 -1.9154770401857493e-09 -1.1969063382046229e-09 -7.6939862257559280e-10 -4.6943577662357489e-10 -2.4131591138187209e-10 -4.4462312875340306e-11 1.5899985349737787e-10 3.7849981099932400e-10 6.5630446682382275e-10 
-4.9399477359761675e-09 -2.1264507721071749e-09 -1.4009303862978174e-09 -9.6741527665098953e-10 -6.5790239920351866e-10 -4.1879624184029891e-10 -2.2784800222844657e-10 -5.4677014415694570e-11 1.6031909221314507e-10 4.6582201572862900e-10 
-5.1977535987751950e-09 -2.3527970387300487e-09 -1.6191427255964933e-09 -1.1805151205924011e-09 -8.6567560750451421e-10 -6.1650119097763217e-10 -4.0955099760933936e-10 -2.4051858624014703e-10 -8.1430226749068601e-11 2.4082616373730447e-10 
-5.5401117780849196e-09 -2.6549647357242585e-09 -1.9109429009476981e-09 -1.4661072986737397e-09 -1.1466790203013921e-09 -8.9272109361410915e-10 -6.7536237732953061e-10 -4.7833217612609961e-10 -3.0269403571581253e-10 -7.7274494478063133e-11 
