1.342958225240e-09 3.270115055010e-09 4.411912980481e-09 5.154559462538e-09 5.692836683579e-09 6.120838088729e-09 6.487533107340e-09 6.825092502800e-09 7.167655050882e-09 7.636763577892e-09 
9.440576910077e-11 7.529837781915e-10 1.780456578646e-09 2.751346620710e-09 3.535316657055e-09 4.166507868973e-09 4.705946366008e-09 5.202105510430e-09 5.705576657832e-09 6.395047582825e-09 
5.608507854717e-12 1.147621482227e-10 5.259446439044e-10 1.245710064368e-09 2.048969007638e-09 2.763819019510e-09 3.379066774532e-09 3.942562091047e-09 4.513714190905e-09 5.295801004381e-09 
-2.218231876222e-13 2.204667662626e-12 7.256109481663e-11 3.808448892859e-10 9.729459330110e-10 1.672838617520e-09 2.335266552750e-09 2.946825150956e-09 3.563738608205e-09 4.407561412498e-09 
-9.642586982824e-14 -2.991218562163e-12 -8.188087879687e-12 5.027819365177e-11 3.123154686002e-10 8.203265393257e-10 1.459156347384e-09 2.109573246040e-09 2.766998249430e-09 3.660749547311e-09 
-9.053628015493e-15 -5.669443457414e-13 -4.923882290860e-12 -9.815169941134e-12 3.723799342645e-11 2.534570123908e-10 7.172454317970e-10 1.356662117584e-09 2.059025771010e-09 3.001597851380e-09 
-3.506178179963e-16 -4.518246809331e-14 -8.114676595468e-13 -5.361386120196e-12 -1.445038294477e-11 8.311089279055e-12 1.851239645833e-10 6.516455386292e-10 1.371763057357e-09 2.376589731596e-09 
-5.472068616274e-18 -1.616229924049e-15 -5.870440435924e-14 -8.017796004522e-13 -5.682724095390e-12 -2.218369743585e-11 -3.507830877945e-11 9.038013047382e-11 6.360713962802e-10 1.738682863955e-09 
-2.299689286060e-20 -1.630627062014e-17 -1.215096575104e-15 -3.262436560591e-14 -4.732746034161e-13 -4.368250223333e-12 -2.657390465862e-11 -9.431674539625e-11 -5.611257971205e-11 9.625451208814e-10 
-4.695225559744e-24 -9.059856592429e-21 -1.617763588501e-18 -9.845859580742e-17 -3.205095057242e-15 -6.930622983027e-14 -1.109522163722e-12 -1.356113750968e-11 -1.144381457022e-10 -2.725534980486e-11 
