1.746686335005e-10 4.706674448756e-10 6.626651635084e-10 7.901286858792e-10 8.828119397226e-10 9.565136634374e-10 1.019655182608e-09 1.077780283035e-09 1.136767960369e-09 1.217536004548e-09 
1.711692802857e-11 1.450154854219e-10 3.561986866398e-10 5.625035425361e-10 7.312877114528e-10 8.674770179648e-10 9.838379445802e-10 1.090850746743e-09 1.199441054075e-09 1.348138271084e-09 
1.110131638565e-12 2.415128954198e-11 1.155150119539e-10 2.813751811512e-10 4.702759900303e-10 6.396065440670e-10 7.854821605948e-10 9.190526644377e-10 1.054428122326e-09 1.239790422489e-09 
-5.979128506771e-14 2.983420973226e-13 1.634945267031e-11 9.029678927406e-11 2.352868225314e-10 4.084198523130e-10 5.728806266795e-10 7.247295995826e-10 8.778805955090e-10 1.087352408184e-09 
-2.374130502352e-14 -7.515693914272e-13 -2.167634970153e-12 1.206644616394e-11 7.749712709953e-11 2.056999853671e-10 3.674630658801e-10 5.320833722275e-10 6.984139623159e-10 9.245358498562e-10 
-2.255159955158e-15 -1.427232428059e-13 -1.252296709993e-12 -2.545253184122e-12 9.362256335064e-12 6.448136503876e-11 1.824288523518e-10 3.444201276845e-10 5.219764979581e-10 7.602013139540e-10 
-8.862819984919e-17 -1.149019639175e-14 -2.066348441183e-13 -1.361101082383e-12 -3.627152593953e-12 2.305374910128e-12 4.722934730204e-11 1.647697978037e-10 3.447082710604e-10 5.947624683390e-10 
-1.393354100843e-18 -4.102984791412e-16 -1.483840033703e-14 -2.016982326581e-13 -1.421084514732e-12 -5.488431353198e-12 -8.317075469303e-12 2.394005849534e-11 1.583897744284e-10 4.237953048167e-10 
-5.792537960557e-21 -4.088897485034e-18 -3.032562556315e-16 -8.091616281024e-15 -1.163311258097e-13 -1.059087666143e-12 -6.303080796429e-12 -2.150485691681e-11 -9.361860052842e-12 2.234417804851e-10 
-1.146857032760e-24 -2.191743667794e-21 -3.873362282742e-19 -2.330775293653e-17 -7.492293113533e-16 -1.596742202500e-14 -2.510395432416e-13 -2.990806425174e-12 -2.411884981585e-11 -3.337615364069e-13 
