1.150322103532e-09 2.830483437115e-09 3.833490046385e-09 4.486695114198e-09 4.960226170089e-09 5.336752639636e-09 5.659350669745e-09 5.956322023356e-09 6.257700554222e-09 6.670352789507e-09 
8.355735546271e-11 6.688150540389e-10 1.584345452936e-09 2.450403862152e-09 3.149923468921e-09 3.713106731452e-09 4.194427496220e-09 4.637139979769e-09 5.086385373858e-09 5.701554440024e-09 
4.992933506736e-12 1.023956331742e-10 4.697756989542e-10 1.113341279559e-09 1.831297240316e-09 2.469945847129e-09 3.019597869748e-09 3.523016412740e-09 4.033287624585e-09 4.731979335653e-09 
-1.993248050378e-13 1.960946177248e-12 6.497171590460e-11 3.406492262395e-10 8.690527699704e-10 1.493281811871e-09 2.083862312505e-09 2.628912854604e-09 3.178760956226e-09 3.930840216647e-09 
-8.618584465923e-14 -2.665325533651e-12 -7.254408147648e-12 4.490297882977e-11 2.784746743486e-10 7.311005651371e-10 1.298963330910e-09 1.876318187838e-09 2.459934579064e-09 3.253367757053e-09 
-8.067867563924e-15 -5.050362469502e-13 -4.384800164125e-12 -8.690178046947e-12 3.348804752805e-11 2.257371827028e-10 6.357618838117e-10 1.200302432237e-09 1.820561497868e-09 2.652849375832e-09 
-3.123614636211e-16 -4.018482992487e-14 -7.189875122903e-13 -4.725872717342e-12 -1.266313497842e-11 7.405644592120e-12 1.629551132946e-10 5.745710186157e-10 1.209784698294e-09 2.095108856816e-09 
-4.848547131298e-18 -1.426134028819e-15 -5.171374539510e-14 -7.065884584466e-13 -5.016730386382e-12 -1.960914378718e-11 -3.080691024623e-11 8.102045331749e-11 5.615967016633e-10 1.526825489356e-09 
-2.025980950824e-20 -1.438589576049e-17 -1.073020846164e-15 -2.879927622728e-14 -4.169290753446e-13 -3.832532338430e-12 -2.316742242290e-11 -8.148143881569e-11 -4.600874547879e-11 8.353017357219e-10 
-4.128268478987e-24 -7.941997240191e-21 -1.413843478881e-18 -8.579224102297e-17 -2.784742598868e-15 -6.004196700746e-14 -9.581131719047e-13 -1.166252120340e-11 -9.782504966357e-11 -2.115342059985e-11 
