4.135758364967e-10 1.078768692985e-09 1.496275284066e-09 1.771029045450e-09 1.970509843639e-09 2.129130111861e-09 2.265027486746e-09 2.390128849963e-09 2.517086748663e-09 2.690921106447e-09 
3.636772638480e-11 3.002404753955e-10 7.245638973848e-10 1.132069827513e-09 1.463031206904e-09 1.729704872418e-09 1.957585525120e-09 2.167176247203e-09 2.379858741621e-09 2.671093427252e-09 
2.278802304769e-12 4.807067583145e-11 2.247117209499e-10 5.387274919322e-10 8.916573776729e-10 1.206321142548e-09 1.477166383518e-09 1.725200231469e-09 1.976604817605e-09 2.320841925398e-09 
-1.038325873396e-13 8.123104954741e-13 3.151289214333e-11 1.681574237615e-10 4.317320313740e-10 7.437457547058e-10 1.038955525794e-09 1.311324249404e-09 1.586076235344e-09 1.961886468922e-09 
-4.308616644864e-14 -1.340272720895e-12 -3.694560732038e-12 2.235647130298e-11 1.395109432305e-10 3.665212180218e-10 6.508286392006e-10 9.393539309404e-10 1.230846219799e-09 1.627179741634e-09 
-4.043927766259e-15 -2.534470489987e-13 -2.199138558049e-12 -4.329872496492e-12 1.695980264104e-11 1.134078405942e-10 3.179046010454e-10 5.977551641479e-10 9.041571220187e-10 1.315291120051e-09 
-1.566933093532e-16 -2.012104412666e-14 -3.587585045914e-13 -2.343135375132e-12 -6.176617999107e-12 4.207262533187e-12 8.165306146440e-11 2.834731193214e-10 5.915585438738e-10 1.019672976184e-09 
-2.419760372276e-18 -7.080385830104e-16 -2.551969797304e-14 -3.461318529425e-13 -2.433340277122e-12 -9.362192201333e-12 -1.403549509650e-11 4.113534419143e-11 2.700641775198e-10 7.234836017300e-10 
-9.946411000131e-21 -7.009466851864e-18 -5.189341392719e-16 -1.381912396745e-14 -1.983179199194e-13 -1.804003137939e-12 -1.075821699171e-11 -3.704257425174e-11 -1.758613269140e-11 3.839004236203e-10 
-1.953620477150e-24 -3.733233925233e-21 -6.603885428085e-19 -3.981880771766e-17 -1.283894202767e-15 -2.747270831051e-14 -4.340817837469e-13 -5.201952104021e-12 -4.229776589127e-11 -3.331413655557e-12 
