7.166314366391e-10 1.815809713629e-09 2.487836499876e-09 2.927485055056e-09 3.246397657859e-09 3.499981654315e-09 3.717243110541e-09 3.917245330960e-09 4.120215656469e-09 4.398127075958e-09 
5.726379462578e-11 4.644858881617e-10 1.108643450013e-09 1.721420362047e-09 2.217251690135e-09 2.616542878668e-09 2.957775102106e-09 3.271630954226e-09 3.590117959388e-09 4.026234715879e-09 
3.494547541736e-12 7.245644602681e-11 3.346533285985e-10 7.958588375981e-10 1.311375191807e-09 1.770131052225e-09 2.164875350534e-09 2.526403709236e-09 2.892854587696e-09 3.394620101384e-09 
-1.455011571897e-13 1.357156851951e-12 4.650798301548e-11 2.449151700871e-10 6.257569793120e-10 1.075167844401e-09 1.499891025266e-09 1.891786489224e-09 2.287128397694e-09 2.827885686037e-09 
-6.214426698532e-14 -1.925127866803e-12 -5.235094857068e-12 3.250369228007e-11 2.008074892410e-10 5.256872734086e-10 9.324610789663e-10 1.345469805854e-09 1.762735623927e-09 2.330081143156e-09 
-5.820060983719e-15 -3.633404702735e-13 -3.140191921473e-12 -6.153378150866e-12 2.420504239775e-11 1.619012613784e-10 4.546158423784e-10 8.554749997869e-10 1.294575980795e-09 1.883894075690e-09 
-2.241879439718e-16 -2.874106553323e-14 -5.129792401525e-13 -3.359203763781e-12 -8.888938222450e-12 5.952317076077e-12 1.168730417591e-10 4.059655972199e-10 8.491032140199e-10 1.466102238194e-09 
-3.459859395003e-18 -1.014588922847e-15 -3.660708813042e-14 -4.966418061884e-13 -3.493726987823e-12 -1.350165373763e-11 -2.077395782751e-11 5.732960424662e-11 3.895765510687e-10 1.052542062435e-09 
-1.427038024257e-20 -1.005859654895e-17 -7.457917296431e-16 -1.992882922381e-14 -2.875965486804e-13 -2.636405873676e-12 -1.586594309109e-11 -5.511373037891e-11 -2.782369885544e-11 5.671142302856e-10 
-2.844158864756e-24 -5.462780735405e-21 -9.705336733273e-19 -5.872223891348e-17 -1.898307605182e-15 -4.070129368653e-14 -6.446012543100e-13 -7.769731111807e-12 -6.441632201092e-11 -1.008654256191e-11 
