3.3697946340748495e-07 1.1428617909010489e-07 2.1111066067878339e-08 2.6568448069630418e-09 2.3940491654658202e-10 1.4257809588529766e-11 4.8060910754996744e-13 6.9226107130781958e-15 2.3335122297813721e-17 2.9494235877648895e-21 
1.1428617909010489e-07 2.8911926176547570e-07 1.4601082580005650e-07 4.3475504553735043e-08 8.1659099216227952e-09 9.7387474338475719e-10 6.6485212328571258e-11 2.0226220646673171e-12 1.5487784930701249e-14 5.1810148028204065e-18 
2.1111066067878339e-08 1.4601082580005650e-07 2.3946550974123914e-07 1.3693070480784191e-07 4.9937619350791007e-08 1.0816181271259946e-08 1.3113293023194443e-09 7.2435707531642274e-11 1.0832054594976740e-12 8.4287777312553476e-16 
2.6568448069630418e-09 4.3475504553735043e-08 1.3693070480784191e-07 2.0710910311721227e-07 1.2310399618077446e-07 4.7925055304626176e-08 1.0156794404871148e-08 9.8312172759203036e-10 2.7200326967650887e-11 4.6636522428477221e-14 
2.3940491654658202e-10 8.1659099216227952e-09 4.9937619350791007e-08 1.2310399618077446e-07 1.8389429619733714e-07 1.0904202901266874e-07 4.1082261252041348e-08 7.0966441558417882e-09 3.6568396670139456e-10 1.3747663738504309e-12 
1.4257809588529766e-11 9.7387474338475719e-10 1.0816181271259946e-08 4.7925055304626176e-08 1.0904202901266874e-07 1.6616107086460127e-07 9.4806603278917387e-08 3.0539520062694672e-08 3.0839220429527827e-09 2.6707539637074434e-11 
4.8060910754996744e-13 6.6485212328571258e-11 1.3113293023194443e-09 1.0156794404871148e-08 4.1082261252041348e-08 9.4806603278917387e-08 1.5123055066183041e-07 7.8670764670110311e-08 1.6973564723603756e-08 3.7832077362141576e-10 
6.9226107130781958e-15 2.0226220646673171e-12 7.2435707531642274e-11 9.8312172759203036e-10 7.0966441558417882e-09 3.0539520062694672e-08 7.8670764670110311e-08 1.3707810987121304e-07 5.7516760030482560e-08 3.9984181132970720e-09 
2.3335122297813721e-17 1.5487784930701249e-14 1.0832054594976740e-12 2.7200326967650887e-11 3.6568396670139456e-10 3.0839220429527827e-09 1.6973564723603756e-08 5.7516760030482560e-08 1.2213192622175465e-07 2.9065824923111578e-08 
2.9494235877648895e-21 5.1810148028204065e-18 8.4287777312553476e-16 4.6636522428477221e-14 1.3747663738504309e-12 2.6707539637074434e-11 3.7832077362141576e-10 3.9984181132970720e-09 2.9065824923111578e-08 9.0193662490864498e-08 
