6.4923738152925269e-07 2.3258110994286044e-07 4.4647447909404056e-08 5.8459494390896071e-09 5.4684652137062570e-10 3.3717998501565141e-11 1.1804281984761415e-12 1.7639078099354112e-14 6.1022403230393163e-17 8.1621168881566889e-21 
2.3258110994286044e-07 5.7597015126934240e-07 3.1786408895007601e-07 9.8113136488104526e-08 1.9062008224288718e-08 2.3526709848453537e-09 1.6653496458910347e-10 5.2100588316554498e-12 4.0884041600708514e-14 1.4491961865775899e-17 
4.4647447909404056e-08 3.1786408895007601e-07 5.0247950502644727e-07 3.1677392772708091e-07 1.1902747612645832e-07 2.6638965709984912e-08 3.3307635113950321e-09 1.8803024070383346e-10 2.8893964512169880e-12 2.3792499409473807e-15 
5.8459494390896071e-09 9.8113136488104526e-08 3.1677392772708091e-07 4.5264719167329447e-07 3.0026370921297804e-07 1.2029266971119864e-07 2.6087983535447496e-08 2.5720530498083155e-09 7.3415436728529300e-11 1.3266447038245171e-13 
5.4684652137062570e-10 1.9062008224288718e-08 1.1902747612645832e-07 3.0026370921297804e-07 4.1728851748021550e-07 2.7833367643647690e-07 1.0655589685178751e-07 1.8754562731167129e-08 1.0003144714132452e-09 3.9347410757532276e-12 
3.3717998501565141e-11 2.3526709848453537e-09 2.6638965709984912e-08 1.2029266971119864e-07 2.7833367643647690e-07 3.8507020232206388e-07 2.4860606916117320e-07 8.1891436092516150e-08 8.5661579386977502e-09 7.6753219422797987e-11 
1.1804281984761415e-12 1.6653496458910347e-10 3.3307635113950321e-09 2.6087983535447496e-08 1.0655589685178751e-07 2.4860606916117320e-07 3.5626246529855623e-07 2.1531710620727141e-07 4.7934803003601047e-08 1.0882034620351649e-09 
1.7639078099354112e-14 5.2100588316554498e-12 1.8803024070383346e-10 2.5720530498083155e-09 1.8754562731167129e-08 8.1891436092516150e-08 2.1531710620727141e-07 3.3365096924593283e-07 1.6474300231890345e-07 1.1442802588766414e-08 
6.1022403230393163e-17 4.0884041600708514e-14 2.8893964512169880e-12 7.3415436728529300e-11 1.0003144714132452e-09 8.5661579386977502e-09 4.7934803003601047e-08 1.6474300231890345e-07 2.9765948265081332e-07 8.2088335520634265e-08 
8.1621168881566889e-21 1.4491961865775899e-17 2.3792499409473807e-15 1.3266447038245171e-13 3.9347410757532276e-12 7.6753219422797987e-11 1.0882034620351649e-09 1.1442802588766414e-08 8.2088335520634265e-08 2.0394203018175688e-07 
