7.4245383027816774e-08 2.1357430294388702e-08 4.2722217797453053e-09 5.6113386965037121e-10 5.1594344569482916e-11 3.0865458618237645e-12 1.0313568839271146e-13 1.4516934428679747e-15 4.6870907677746199e-18 5.4437741063196679e-22 
2.1357430294388702e-08 8.0396568344988204e-08 3.0554347743346981e-08 9.3223892980708799e-09 1.7669795517819200e-09 2.1003733736759119e-10 1.4127480747325013e-11 4.1806213161245738e-13 3.0589980212479332e-15 9.4097174177628238e-19 
4.2722217797453053e-09 3.0554347743346981e-08 7.3393649942795553e-08 2.9596942951099956e-08 1.0798334792354670e-08 2.3176403571209948e-09 2.7565675743319450e-10 1.4763215681411104e-11 2.1052146642413766e-13 1.5072741953055172e-16 
5.6113386965037121e-10 9.3223892980708799e-09 2.9596942951099956e-08 6.6914612174406767e-08 2.6475627386022053e-08 1.0168497476589503e-08 2.1076359695531517e-09 1.9737605369758101e-10 5.1986833121626736e-12 8.2088109202935399e-15 
5.1594344569482916e-11 1.7669795517819200e-09 1.0798334792354670e-08 2.6475627386022053e-08 6.1330445082499534e-08 2.2810602356062367e-08 8.3864293786135639e-09 1.3997389653093635e-09 6.8603749324671725e-11 2.3791509153974988e-13 
3.0865458618237645e-12 2.1003733736759119e-10 2.3176403571209948e-09 1.0168497476589503e-08 2.2810602356062367e-08 5.6508846184068403e-08 1.8950594755242702e-08 5.8915456356452192e-09 5.6587356679119126e-10 4.5327610012223956e-12 
1.0313568839271146e-13 1.4127480747325013e-11 2.7565675743319450e-10 2.1076359695531517e-09 8.3864293786135639e-09 1.8950594755242702e-08 5.2131091178080324e-08 1.4748692896674525e-08 3.0288290210742205e-09 6.2628388165809796e-11 
1.4516934428679747e-15 4.1806213161245738e-13 1.4763215681411104e-11 1.9737605369758101e-10 1.3997389653093635e-09 5.8915456356452192e-09 1.4748692896674525e-08 4.7870475563528274e-08 9.8897587535484191e-09 6.3819303584651805e-10 
4.6870907677746199e-18 3.0589980212479332e-15 2.1052146642413766e-13 5.1986833121626736e-12 6.8603749324671725e-11 5.6587356679119126e-10 3.0288290210742205e-09 9.8897587535484191e-09 4.3490800461022303e-08 4.3733126708284683e-09 
5.4437741063196679e-22 9.4097174177628238e-19 1.5072741953055172e-16 8.2088109202935399e-15 2.3791509153974988e-13 4.5327610012223956e-12 6.2628388165809796e-11 6.3819303584651805e-10 4.3733126708284683e-09 3.6712408062071212e-08 
