7.899366553497e-08 2.327939379583e-08 4.626943652365e-09 6.050343462058e-10 5.544876281077e-11 3.306971493096e-12 1.103820823493e-13 1.549336871734e-15 5.000814714262e-18 5.800306883193e-22 
2.327939379583e-08 8.478809351689e-08 3.297815605635e-08 1.002997771538e-08 1.895104996321e-09 2.248822286038e-10 1.510286064584e-11 4.457585245767e-13 3.266034749687e-15 1.002033623316e-18 
4.626943652365e-09 3.297815605635e-08 7.684574341794e-08 3.176925335018e-08 1.156606085530e-08 2.480003965933e-09 2.943001527209e-10 1.574253294964e-11 2.247980478424e-13 1.605033988360e-16 
6.050343462058e-10 1.002997771538e-08 3.176925335018e-08 6.967451492859e-08 2.833966196109e-08 1.086864150168e-08 2.247848337766e-09 2.105898228050e-10 5.548757744288e-12 8.746159720212e-15 
5.544876281077e-11 1.895104996321e-09 1.156606085530e-08 2.833966196109e-08 6.362381005680e-08 2.434109126349e-08 8.942451845282e-09 1.494368525690e-09 7.316063151138e-11 2.537769382917e-13 
3.306971493096e-12 2.248822286038e-10 2.480003965933e-09 1.086864150168e-08 2.434109126349e-08 5.838286135855e-08 2.022327367303e-08 6.289860900288e-09 6.028810958333e-10 4.842702179128e-12 
1.103820823493e-13 1.510286064584e-11 2.943001527209e-10 2.247848337766e-09 8.942451845282e-09 2.022327367303e-08 5.375235182716e-08 1.572741845394e-08 3.226221762321e-09 6.703400986302e-11 
1.549336871734e-15 4.457585245767e-13 1.574253294964e-11 2.105898228050e-10 1.494368525690e-09 6.289860900288e-09 1.572741845394e-08 4.914949326287e-08 1.055514541955e-08 6.840088162452e-10 
5.000814714262e-18 3.266034749687e-15 2.247980478424e-13 5.548757744288e-12 7.316063151138e-11 6.028810958333e-10 3.226221762321e-09 1.055514541955e-08 4.457581712776e-08 4.683236362173e-09 
5.800306883193e-22 1.002033623316e-18 1.605033988360e-16 8.746159720212e-15 2.537769382917e-13 4.842702179128e-12 6.703400986302e-11 6.840088162452e-10 4.683236362173e-09 3.733516011479e-08 
