7.625819352334e-10 1.925168448253e-09 2.633739640603e-09 3.096989142844e-09 3.432984392960e-09 3.700146610755e-09 3.929037713272e-09 4.139742000979e-09 4.353569237593e-09 4.646386739867e-09 
6.021667808052e-11 4.874753762061e-10 1.162147233496e-09 1.803331716601e-09 2.321984134511e-09 2.739624823041e-09 3.096534793654e-09 3.424806187231e-09 3.757915219985e-09 4.214086401793e-09 
3.664969949475e-12 7.584274774192e-11 3.498150902186e-10 8.313541710690e-10 1.369396067767e-09 1.848077693729e-09 2.259971514059e-09 2.637206323008e-09 3.019570344044e-09 3.543148298069e-09 
-1.511211831676e-13 1.429069851610e-12 4.859228262442e-11 2.556569690574e-10 6.527249421431e-10 1.121169154400e-09 1.563970228699e-09 1.972542965643e-09 2.384701087681e-09 2.948476511209e-09 
-6.479473374150e-14 -2.004492688902e-12 -5.428377517220e-12 3.392289078497e-11 2.092537090929e-10 5.479634488549e-10 9.721743947774e-10 1.402824045509e-09 1.837940005728e-09 2.429567840981e-09 
-6.061165896882e-15 -3.783044507499e-13 -3.271748843210e-12 -6.421859730165e-12 2.525469100551e-11 1.689750343857e-10 4.741863756801e-10 8.921408210068e-10 1.350237698154e-09 1.965044370404e-09 
-2.335577539073e-16 -2.996883276607e-14 -5.349173325990e-13 -3.499931712718e-12 -9.246781479699e-12 6.195480722469e-12 1.216150210256e-10 4.233222416319e-10 8.865664654217e-10 1.531492895887e-09 
-3.608393069240e-18 -1.057392397443e-15 -3.814019951267e-14 -5.177939705249e-13 -3.649614588920e-12 -1.415007755607e-11 -2.186410081500e-11 6.003175797696e-11 4.079318951524e-10 1.101826638567e-09 
-1.487431133949e-20 -1.049981027948e-17 -7.798415612668e-16 -2.086554401742e-14 -3.012576634701e-13 -2.760099488225e-12 -1.658732551616e-11 -5.761834157993e-11 -2.994820178920e-11 5.941015120384e-10 
-2.978908768059e-24 -5.717862766849e-21 -1.015105606610e-18 -6.138674878378e-17 -1.984423295710e-15 -4.258605960048e-14 -6.760741889865e-13 -8.184865236071e-12 -6.809357765454e-11 -1.042636366594e-11 
