4.346751122839e-10 1.131183314760e-09 1.567358461704e-09 1.854234805472e-09 2.062494929434e-09 2.228092869731e-09 2.369966116937e-09 2.500566292646e-09 2.633102038058e-09 2.814568892001e-09 
3.793188798370e-11 3.126196381097e-10 7.535966910268e-10 1.176675998542e-09 1.520140386074e-09 1.796866710194e-09 2.033337124663e-09 2.250825120648e-09 2.471517220028e-09 2.773711801805e-09 
2.371905559202e-12 4.993166971410e-11 2.331122774398e-10 5.583517871843e-10 9.236034968494e-10 1.249196678517e-09 1.529439300865e-09 1.786075703917e-09 2.046195958901e-09 2.402357748418e-09 
-1.068186433537e-13 8.625829423026e-13 3.269616878078e-11 1.740075162042e-10 4.464290570395e-10 7.688535356165e-10 1.073832632117e-09 1.355207197254e-09 1.639043631694e-09 2.027269787433e-09 
-4.447317784760e-14 -1.382609550706e-12 -3.805586814570e-12 2.313474802903e-11 1.442124427171e-10 3.786033673498e-10 6.720026655597e-10 9.697821350002e-10 1.270623662122e-09 1.679657313557e-09 
-4.175836337844e-15 -2.616867609860e-13 -2.268577417718e-12 -4.450549092439e-12 1.754250313850e-11 1.169965310912e-10 3.279520310576e-10 6.167658529542e-10 9.329333619467e-10 1.357165630854e-09 
-1.617545723552e-16 -2.075119007419e-14 -3.698334229943e-13 -2.416285926820e-12 -6.378836971847e-12 4.326544419015e-12 8.433887326572e-11 2.926799893418e-10 6.104868952776e-10 1.052213867004e-09 
-2.494631316654e-18 -7.302917626552e-16 -2.633790471625e-14 -3.572960211574e-13 -2.510448976091e-12 -9.644094550629e-12 -1.442005799506e-11 4.236414181337e-11 2.783488517536e-10 7.465244019863e-10 
-1.026825149692e-20 -7.233935213021e-18 -5.351846432414e-16 -1.424306683773e-14 -2.043651403613e-13 -1.860304340130e-12 -1.111659640768e-11 -3.838577095429e-11 -1.826362900975e-11 3.971278592034e-10 
-2.013639558398e-24 -3.850825959664e-21 -6.819106939722e-19 -4.116324226850e-17 -1.328504865655e-15 -2.844181075897e-14 -4.493037673850e-13 -5.378016778390e-12 -4.367427395951e-11 -3.855441946110e-12 
