1.342956501041e-09 3.270113091595e-09 4.411910270602e-09 5.154556261382e-09 5.692833124415e-09 6.120834240986e-09 6.487528999559e-09 6.825088107718e-09 7.167650089169e-09 7.636678241473e-09 
9.440571241844e-11 7.529838407333e-10 1.780456701946e-09 2.751346792494e-09 3.535316863058e-09 4.166508097465e-09 4.705946602668e-09 5.202105715971e-09 5.705576607816e-09 6.394980492643e-09 
5.608504409867e-12 1.147621561702e-10 5.259446730653e-10 1.245710124946e-09 2.048969098741e-09 2.763819132918e-09 3.379066897810e-09 3.942562192387e-09 4.513714089016e-09 5.295745373235e-09 
-2.218230498625e-13 2.204667800276e-12 7.256109834524e-11 3.808449052106e-10 9.729459696403e-10 1.672838674761e-09 2.335266622025e-09 2.946825206585e-09 3.563738503469e-09 4.407515082285e-09 
-9.642580954276e-14 -2.991218736462e-12 -8.188088243756e-12 5.027819554462e-11 3.123154790561e-10 8.203265639597e-10 1.459156384361e-09 2.109573275764e-09 2.766998156379e-09 3.660711060801e-09 
-9.053622324110e-15 -5.669443768328e-13 -4.923882492910e-12 -9.815170277477e-12 3.723799452692e-11 2.534570187304e-10 7.172454423514e-10 1.356662101800e-09 2.059025686477e-09 3.001566488567e-09 
-3.506175959919e-16 -4.518247036581e-14 -8.114676892294e-13 -5.361386285597e-12 -1.445038355818e-11 8.311084010816e-12 1.851238957188e-10 6.516450979395e-10 1.371762797430e-09 2.376567790053e-09 
-5.472065093028e-18 -1.616229989700e-15 -5.870440635147e-14 -8.017796554513e-13 -5.682725747777e-12 -2.218373353415e-11 -3.507880318045e-11 9.037681035008e-11 6.360686490546e-10 1.738688185705e-09 
-2.299687768302e-20 -1.630627297284e-17 -1.215097236838e-15 -3.262442325605e-14 -4.732769900546e-13 -4.368308165003e-12 -2.657477936185e-11 -9.432372835435e-11 -5.612254768689e-11 9.625898519261e-10 
-4.695210593651e-24 -9.059894112502e-21 -1.617785499022e-18 -9.846113492164e-17 -3.205223175829e-15 -6.930995757021e-14 -1.109590336061e-12 -1.356175467454e-11 -1.144342537737e-10 -2.723192949577e-11 
