1.807036443556e-10 4.866494764247e-10 6.848991434753e-10 8.164667697134e-10 9.121267418240e-10 9.881940326686e-10 1.053361106337e-09 1.113349767959e-09 1.174227481456e-09 1.257581223812e-09 
1.766676946348e-11 1.495062188695e-10 3.669481054030e-10 5.792091120378e-10 7.528112979326e-10 8.928761775257e-10 1.012547615441e-09 1.122603491721e-09 1.234279618432e-09 1.387198342819e-09 
1.144684389299e-12 2.486266360111e-11 1.187864463327e-10 2.891512666870e-10 4.830485756067e-10 6.568066661052e-10 8.064934305307e-10 9.435521627127e-10 1.082460862389e-09 1.272656119593e-09 
-6.113067037010e-14 3.143414100023e-13 1.682464520875e-11 9.270787194630e-11 2.413202024840e-10 4.187245033170e-10 5.872179332145e-10 7.427777263192e-10 8.996708481026e-10 1.114256048196e-09 
-2.432180373074e-14 -7.687615369335e-13 -2.209502968734e-12 1.238545956369e-11 7.941493310330e-11 2.107077171810e-10 3.762671032080e-10 5.447078800257e-10 7.149015198453e-10 9.462711027937e-10 
-2.308387162061e-15 -1.460661891179e-13 -1.281230866808e-12 -2.597286986321e-12 9.619858133524e-12 6.602958847796e-11 1.865989786177e-10 3.521772039858e-10 5.336677271762e-10 7.771600174996e-10 
-9.071977859122e-17 -1.175507381986e-14 -2.112003750672e-13 -1.389673295476e-12 -3.699549450946e-12 2.361864469099e-12 4.826656016324e-11 1.684249941862e-10 3.522879415332e-10 6.077538885132e-10 
-1.424317539642e-18 -4.191042397426e-16 -1.515509373431e-14 -2.060517129407e-13 -1.452126825920e-12 -5.606068505325e-12 -8.464906902841e-12 2.455370242528e-11 1.617765871956e-10 4.326578284247e-10 
-5.917564221719e-21 -4.178394446284e-18 -3.098832496036e-16 -8.265074064833e-15 -1.187430453338e-13 -1.080179203547e-12 -6.425634433882e-12 -2.194370372387e-11 -9.643490496383e-12 2.281267692857e-10 
-1.170142680753e-24 -2.235208872061e-21 -3.949310755209e-19 -2.376635086623e-17 -7.642566872798e-16 -1.629825682051e-14 -2.564404578229e-13 -3.056324651860e-12 -2.461916425261e-11 -3.242129873985e-13 
