2.169514028908e-10 5.805802943928e-10 8.147663007792e-10 9.699158500347e-10 1.082686374271e-09 1.172358676332e-09 1.249181815851e-09 1.319900391383e-09 1.391667043507e-09 1.489929813601e-09 
2.078571152768e-11 1.750316583029e-10 4.280813537886e-10 6.742326895164e-10 8.752166839235e-10 1.037322734607e-09 1.175831909555e-09 1.303214062611e-09 1.432471863527e-09 1.609465238289e-09 
1.338372269281e-12 2.888326291990e-11 1.373723177975e-10 3.331774404214e-10 5.552749650660e-10 7.540971066767e-10 9.253357117729e-10 1.082130206544e-09 1.241044433072e-09 1.458631819613e-09 
-6.889108314329e-14 4.050447053957e-13 1.944224814883e-11 1.060845773938e-10 2.752731673508e-10 4.768962097403e-10 6.681301784925e-10 8.446521259516e-10 1.022697232111e-09 1.266214914789e-09 
-2.762908969882e-14 -8.709906016007e-13 -2.488451552115e-12 1.415754804417e-11 9.029856082128e-11 2.388046081873e-10 4.256054143867e-10 6.155909560112e-10 8.075378516285e-10 1.068486368027e-09 
-2.621208014743e-15 -1.655672829702e-13 -1.446375689095e-12 -2.896036113516e-12 1.094797323055e-11 7.442479123545e-11 2.100327861688e-10 3.962158458120e-10 6.001004128514e-10 8.736491989581e-10 
-1.026464173192e-16 -1.324634711987e-14 -2.374302251122e-13 -1.561355492172e-12 -4.160200977799e-12 2.679964157487e-12 5.442861894064e-11 1.892896398020e-10 3.950528007484e-10 6.810279007811e-10 
-1.601139786796e-18 -4.710828632554e-16 -1.703852138116e-14 -2.314461728500e-13 -1.626447477747e-12 -6.245260606817e-12 -9.343124768208e-12 2.743177592001e-11 1.804663269179e-10 4.832580691674e-10 
-6.649946324146e-21 -4.685779720144e-18 -3.465875569433e-16 -9.223182506194e-15 -1.323644836704e-13 -1.205110241331e-12 -7.192591582015e-12 -2.466002087939e-11 -1.072885477190e-11 2.554456888260e-10 
-1.304512245116e-24 -2.494868670623e-21 -4.415724172911e-19 -2.661980457699e-17 -8.571080119704e-16 -1.828382248290e-14 -2.873071129171e-13 -3.412235037332e-12 -2.741299190548e-11 -9.088167712736e-13 
