2.014036036255e-10 5.403333150358e-10 7.591485099891e-10 9.042166574970e-10 1.009673164393e-09 1.093529896540e-09 1.165370545837e-09 1.231502523610e-09 1.298614601327e-09 1.390504373400e-09 
1.945241404654e-11 1.641387068386e-10 4.020271698078e-10 6.337688120689e-10 8.231207239233e-10 9.758618336748e-10 1.106367714668e-09 1.226388726557e-09 1.348176867453e-09 1.514942010489e-09 
1.255954313687e-12 2.717122239767e-11 1.294721312295e-10 3.145279052989e-10 5.246932850380e-10 7.129066214466e-10 8.750309326767e-10 1.023478145192e-09 1.173930947536e-09 1.379932725583e-09 
-6.570841285793e-14 3.657199530165e-13 1.834873411332e-11 1.004502862783e-10 2.608980059714e-10 4.522907048233e-10 6.339314680201e-10 8.016013742807e-10 9.707155878583e-10 1.202017223240e-09 
-2.622470478420e-14 -8.269673528071e-13 -2.368220225506e-12 1.339399203247e-11 8.569214096757e-11 2.269993250625e-10 4.048502516984e-10 5.857411746146e-10 7.685162003855e-10 1.016991296150e-09 
-2.487473898306e-15 -1.573444333129e-13 -1.377592101866e-12 -2.770217958683e-12 1.041034004603e-11 7.090417487632e-11 2.000798176137e-10 3.775317434721e-10 5.719549231825e-10 8.327889076445e-10 
-9.766181133696e-17 -1.262162119551e-14 -2.262873898403e-13 -1.487567401325e-12 -3.965118380083e-12 2.515095746276e-12 5.177298086162e-11 1.805395484343e-10 3.771381929393e-10 6.502987689370e-10 
-1.526003528120e-18 -4.488229878532e-16 -1.623897134347e-14 -2.208421230264e-13 -1.554763753774e-12 -5.981125092099e-12 -8.943895348217e-12 2.633015058356e-11 1.725484982942e-10 4.617072867593e-10 
-6.342802227890e-21 -4.475986322039e-18 -3.314368363443e-16 -8.823349125873e-15 -1.265647108942e-13 -1.150778921140e-12 -6.857834130482e-12 -2.352384950079e-11 -1.042456329602e-11 2.439671955749e-10 
-1.246526382597e-24 -2.381557540761e-21 -4.211908490506e-19 -2.538308598916e-17 -8.174960972091e-16 -1.745358838890e-14 -2.746472916502e-13 -3.266977803103e-12 -2.621409456984e-11 -5.851501700399e-13 
