8.910119485107e-08 2.103933291446e-07 2.810211381663e-07 3.269360195440e-07 3.602240773791e-07 3.866929062567e-07 4.093701879120e-07 4.302456242294e-07 4.514304481891e-07 4.804361234496e-07 
5.697720607591e-09 4.549638257002e-08 1.082632534744e-07 1.681961089862e-07 2.168207498084e-07 2.559998600170e-07 2.894798956690e-07 3.202722965569e-07 3.515183262187e-07 3.943036178516e-07 
3.373813295714e-10 7.033837752405e-09 3.276255353499e-08 7.849661840018e-08 1.299576134661e-07 1.758744647805e-07 2.154006942402e-07 2.515966428494e-07 2.882834625975e-07 3.385157242272e-07 
-1.511466382465e-11 1.161404791347e-10 4.575747678269e-09 2.450420910078e-08 6.305665944081e-08 1.087546905905e-07 1.520103194520e-07 1.919234594519e-07 2.321839622115e-07 2.872511653481e-07 
-6.294867904088e-12 -1.965242752768e-10 -5.461098260874e-10 3.263606337273e-09 2.044700827320e-08 5.377361220822e-08 9.555271139678e-08 1.379681699119e-07 1.808150536982e-07 2.390708627867e-07 
-5.927286021931e-13 -3.719724826085e-11 -3.230055189845e-10 -6.374744282616e-10 2.483914892154e-09 1.666486698397e-08 4.678276009805e-08 8.798884319856e-08 1.330790151988e-07 1.935818497313e-07 
-2.300417496371e-14 -2.956404229056e-12 -5.277858449871e-11 -3.451763801225e-10 -9.100781875412e-10 6.291116814169e-10 1.205790994833e-08 4.174277973531e-08 8.699245158557e-08 1.498541199685e-07 
-3.560053881327e-16 -1.042845519123e-13 -3.758355393003e-12 -5.091571566468e-11 -3.571791586573e-10 -1.370256333319e-09 -2.043572814553e-09 6.064197194323e-09 3.964547318164e-08 1.059518854337e-07 
-1.463816681032e-18 -1.029887325752e-15 -7.613473009909e-14 -2.025388832114e-12 -2.904788675624e-11 -2.640772789850e-10 -1.572011749186e-09 -5.374220152470e-09 -2.344121833153e-09 5.580929995360e-08 
-2.861081186060e-22 -5.465289588193e-19 -9.660446372098e-17 -5.816566378873e-15 -1.871114444355e-13 -3.990032137379e-12 -6.273478952336e-11 -7.467027789939e-10 -6.017966818037e-09 -1.716840930264e-10 
