3.130251315514e-10 8.263232508512e-10 1.152340084340e-09 1.367524572369e-09 1.523829956481e-09 1.648117809138e-09 1.754597994576e-09 1.852617225362e-09 1.952089224384e-09 2.088307561730e-09 
2.865647153904e-11 2.386949862981e-10 5.794165899397e-10 9.084182769144e-10 1.176204700275e-09 1.392060350757e-09 1.576505802221e-09 1.746140157663e-09 1.918273134449e-09 2.153998070234e-09 
1.818854708837e-12 3.873768278122e-11 1.824062956099e-10 4.393667601699e-10 7.291978614859e-10 9.880342125627e-10 1.210874237936e-09 1.414931308513e-09 1.621753859117e-09 1.904958677226e-09 
-8.708741036585e-14 6.166821550543e-13 2.570189496691e-11 1.382510469655e-10 3.564418781609e-10 6.154231029942e-10 8.606428012708e-10 1.086925617091e-09 1.315177108265e-09 1.627387780802e-09 
-3.562083637251e-14 -1.114191350317e-12 -3.117318545422e-12 1.842015676245e-11 1.159233992822e-10 3.051933677437e-10 5.425374850179e-10 7.836149576987e-10 1.027164515515e-09 1.358303762564e-09 
-3.360038280686e-15 -2.112468273247e-13 -1.836457145539e-12 -3.629092626251e-12 1.408697018466e-11 9.461081232956e-11 2.659012689938e-10 5.006090594571e-10 7.575021834939e-10 1.102203200261e-09 
-1.307122363329e-16 -1.680300441030e-14 -3.001038012553e-13 -1.965685435910e-12 -5.206316349374e-12 3.487111897188e-12 6.864254180619e-11 2.381044404423e-10 4.963967732565e-10 8.553625017214e-10 
-2.024074220246e-18 -5.937072359034e-16 -2.143201902942e-14 -2.907387964833e-13 -2.040951087957e-12 -7.826941246492e-12 -1.166649424951e-11 3.449218071206e-11 2.261916404174e-10 6.058126837803e-10 
-8.356289886179e-21 -5.883097349002e-18 -4.348766499584e-16 -1.156552888259e-14 -1.658766411005e-13 -1.509544413015e-12 -9.012582111041e-12 -3.098247930879e-11 -1.392671139255e-11 3.207904869159e-10 
-1.634281413651e-24 -3.124986066981e-21 -5.531823582427e-19 -3.336515674468e-17 -1.075247366436e-15 -2.296710721567e-14 -3.615750327255e-13 -4.306032944700e-12 -3.473614460268e-11 -2.079723747645e-12 
