1.150191754841e-09 2.830137770231e-09 3.832991714720e-09 4.486084386743e-09 4.959525215938e-09 5.335973180045e-09 5.658498206163e-09 5.955396992078e-09 6.256696033467e-09 6.669228560454e-09 
8.355310218760e-11 6.687446000612e-10 1.584129232436e-09 2.450022958278e-09 3.149397244475e-09 3.712456447345e-09 4.193663907141e-09 4.636264396757e-09 5.085387449627e-09 5.700372794730e-09 
4.994080915268e-12 1.023988246351e-10 4.697360620950e-10 1.113170383174e-09 1.830951899310e-09 2.469440340886e-09 3.018951454221e-09 3.522233961067e-09 4.032357717034e-09 4.730829160259e-09 
-1.988813372095e-13 1.969668711218e-12 6.499462789324e-11 3.406300857178e-10 8.688969899143e-10 1.492949719127e-09 2.083362873502e-09 2.628256274223e-09 3.177937463620e-09 3.929768995463e-09 
-8.611286581449e-14 -2.662545206593e-12 -7.238247215787e-12 4.492897930186e-11 2.784529294799e-10 7.309480678985e-10 1.298634956716e-09 1.875810409819e-09 2.459241718034e-09 3.252404987439e-09 
-8.062015702320e-15 -5.046344143485e-13 -4.380592946161e-12 -8.674186205567e-12 3.351064552809e-11 2.257162999518e-10 6.356128744975e-10 1.199965305005e-09 1.820016793834e-09 2.652014741347e-09 
-3.121465132103e-16 -4.015567344717e-14 -7.184269651601e-13 -4.721700193780e-12 -1.264764110980e-11 7.432699844939e-12 1.629492998903e-10 5.744284022213e-10 1.209412210527e-09 2.094415002206e-09 
-4.845306688365e-18 -1.425167427289e-15 -5.167815579806e-14 -7.060891627578e-13 -5.012992733844e-12 -1.959263364507e-11 -3.076671453640e-11 8.104285881679e-11 5.614372891465e-10 1.526285922001e-09 
-2.024699690487e-20 -1.437678584779e-17 -1.072337071589e-15 -2.878076288259e-14 -4.166584364722e-13 -3.830018511297e-12 -2.315199796190e-11 -8.142410604893e-11 -4.593455943422e-11 8.350104410751e-10 
-4.125750063576e-24 -7.937180192032e-21 -1.412993086113e-18 -8.574116506159e-17 -2.783102697928e-15 -6.000695876395e-14 -9.575578167816e-13 -1.165570770674e-11 -9.776485476772e-11 -2.109834514139e-11 
