1.895019179298e-09 4.508993916474e-09 6.034388517030e-09 7.024431092238e-09 7.741870105216e-09 8.312330774712e-09 8.801080939929e-09 9.250997762598e-09 9.707583052064e-09 1.033283499776e-08 
1.240840167973e-10 9.843916524766e-10 2.322555752424e-09 3.586522725331e-09 4.607595069341e-09 5.429834883650e-09 6.132547089370e-09 6.778874420255e-09 7.434725772920e-09 8.332871379154e-09 
7.298314635578e-12 1.490979838169e-10 6.835077560751e-10 1.621310964457e-09 2.670596623893e-09 3.605508508864e-09 4.410379762690e-09 5.147537737745e-09 5.894698016949e-09 6.917792465611e-09 
-2.925615252304e-13 2.726069557752e-12 9.405790414420e-11 4.974585132056e-10 1.275272807000e-09 2.197018786051e-09 3.070713451378e-09 3.877631407397e-09 4.691604202288e-09 5.804934266101e-09 
-1.267557853623e-13 -3.949039609674e-12 -1.094273790046e-11 6.564729781847e-11 4.111826296359e-10 1.083939657535e-09 1.932648544245e-09 2.798564853210e-09 3.674332570978e-09 4.864747427339e-09 
-1.193444955678e-14 -7.497237624000e-13 -6.541261009157e-12 -1.322452345892e-11 4.871148197320e-11 3.359375320745e-10 9.557672550345e-10 1.815753901580e-09 2.763870156452e-09 4.036188163292e-09 
-4.645633021554e-16 -6.011986640003e-14 -1.084411827061e-12 -7.210283282350e-12 -1.974236260654e-11 9.471222927686e-12 2.461329851812e-10 8.809682816993e-10 1.871222614407e-09 3.256251229271e-09 
-7.311060080429e-18 -2.170420320937e-15 -7.931035044753e-14 -1.091512574303e-12 -7.816058696975e-12 -3.098448924557e-11 -5.093249081138e-11 1.195015742983e-10 8.823900600469e-10 2.439020816692e-09 
-3.123506895329e-20 -2.232443767639e-17 -1.676142378262e-15 -4.533195261779e-14 -6.624489364462e-13 -6.162249691149e-12 -3.783016161902e-11 -1.360578035257e-10 -8.804063437207e-11 1.379464850673e-09 
-6.597861843843e-24 -1.279214817641e-20 -2.293973490965e-18 -1.401893314789e-16 -4.582928514709e-15 -9.957016970434e-14 -1.603351296313e-12 -1.975194050898e-11 -1.684404360666e-10 -4.692744231730e-11 
