1.940524955850e-10 5.213099101982e-10 7.328842656375e-10 8.732046092792e-10 9.752164823673e-10 1.056334316054e-09 1.125828411985e-09 1.189800285084e-09 1.254720243882e-09 1.343608588029e-09 
1.882724060858e-11 1.590342566430e-10 3.898103700612e-10 6.147820805816e-10 7.986652574809e-10 9.470043658942e-10 1.073747836570e-09 1.190308332702e-09 1.308584947551e-09 1.470541747022e-09 
1.217278803815e-12 2.636867835280e-11 1.257577049520e-10 3.057303718991e-10 5.102703513875e-10 6.934807921176e-10 8.513028971119e-10 9.958107017592e-10 1.142270211229e-09 1.342804262103e-09 
-6.416046374839e-14 3.468719196582e-13 1.782280829943e-11 9.778329437134e-11 2.541291764110e-10 4.406835808421e-10 6.177861122533e-10 7.812731058131e-10 9.461662025712e-10 1.171694094374e-09 
-2.556988691454e-14 -8.066798196901e-13 -2.312019246953e-12 1.304208652506e-11 8.351390859435e-11 2.213838176533e-10 3.950062299598e-10 5.716027318966e-10 7.500414507715e-10 9.926207657413e-10 
-2.425081521568e-15 -1.534380369196e-13 -1.344591218570e-12 -2.711611350286e-12 1.014396764915e-11 6.924044080558e-11 1.954252001662e-10 3.687591763370e-10 5.587124113647e-10 8.135476902720e-10 
-9.527457604804e-17 -1.232491174894e-14 -2.210810622628e-13 -1.453312256600e-12 -3.871487375552e-12 2.456248840426e-12 5.053554876990e-11 1.763507402993e-10 3.685862553468e-10 6.356608822368e-10 
-1.490923750285e-18 -4.384560320534e-16 -1.586092185051e-14 -2.157327597491e-13 -1.519842218909e-12 -5.854951399132e-12 -8.776666353824e-12 2.576056350541e-11 1.688576822037e-10 4.516492218453e-10 
-6.195439814084e-21 -4.374162344748e-18 -3.241177317247e-16 -8.633611998276e-15 -1.238784708685e-13 -1.126065544588e-12 -6.703912220113e-12 -2.296935773921e-11 -1.020856725395e-11 2.384658407420e-10 
-1.220031229653e-24 -2.330106851411e-21 -4.118753754627e-19 -2.480851037961e-17 -7.986959931135e-16 -1.705117786979e-14 -2.684223408705e-13 -3.196087535423e-12 -2.567001951448e-11 -4.522334011563e-13 
