3.6785601446140371e-08 1.6863309523199311e-08 1.2383036459609853e-08 9.7057249547215686e-09 7.7832283904567868e-09 6.2559077260729888e-09 4.9505837583426066e-09 3.7564251534409387e-09 2.5616444154669776e-09 9.7047704761852885e-10 
1.6863309523199311e-08 1.0940749473714547e-08 6.2211985305932604e-09 4.9178277912868660e-09 3.9821737102590865e-09 3.2388929545662850e-09 2.6035277682820540e-09 2.0221282940274729e-09 1.4404065948102524e-09 6.6749665507881212e-10 
1.2383036459609853e-08 6.2211985305932604e-09 7.1710828382099417e-09 3.6832779402115432e-09 3.0018906950133397e-09 2.4606219479766202e-09 1.9978842496384454e-09 1.5743767126124421e-09 1.1506231089787838e-09 5.8855072169244183e-10 
9.7057249547215686e-09 4.9178277912868660e-09 3.6832779402115432e-09 5.4840266300528744e-09 2.4161248865982361e-09 1.9955622108769982e-09 1.6359687254512017e-09 1.3068082651651458e-09 9.7745076343203838e-10 5.4136672306392138e-10 
7.7832283904567868e-09 3.9821737102590865e-09 3.0018906950133397e-09 2.4161248865982361e-09 4.5343707737015686e-09 1.6620644231444760e-09 1.3765509560233388e-09 1.1151411208876241e-09 8.5357898783118435e-10 5.0798786003447637e-10 
6.2559077260729888e-09 3.2388929545662850e-09 2.4606219479766202e-09 1.9955622108769982e-09 1.6620644231444760e-09 3.9356666718808323e-09 1.1705706928994949e-09 9.6297751908605148e-10 7.5525286978244149e-10 4.8154780747304111e-10 
4.9505837583426066e-09 2.6035277682820540e-09 1.9978842496384454e-09 1.6359687254512017e-09 1.3765509560233388e-09 1.1705706928994949e-09 3.5328164195276633e-09 8.3279739423782052e-10 6.7103767680297164e-10 4.5870274646254058e-10 
3.7564251534409387e-09 2.0221282940274729e-09 1.5743767126124421e-09 1.3068082651651458e-09 1.1151411208876241e-09 9.6297751908605148e-10 8.3279739423782052e-10 3.2520078185099653e-09 5.9394245691438751e-10 4.3753574001451978e-10 
2.5616444154669776e-09 1.4404065948102524e-09 1.1506231089787838e-09 9.7745076343203838e-10 8.5357898783118435e-10 7.5525286978244149e-10 6.7103767680297164e-10 5.9394245691438751e-10 3.0555758880454318e-09 4.1668350905409769e-10 
9.7047704761852885e-10 6.6749665507881212e-10 5.8855072169244183e-10 5.4136672306392138e-10 5.0798786003447637e-10 4.8154780747304111e-10 4.5870274646254058e-10 4.3753574001451978e-10 4.1668350905409769e-10 2.9316093210751510e-09 
