2.6494860229474277e-08 1.1752794188636583e-08 8.6077872045611153e-09 6.7285185449581900e-09 5.3790954643641199e-09 4.3071308396229841e-09 3.3911734563459368e-09 2.5535832927245358e-09 1.7160992955154348e-09 5.9935608525998361e-10 
1.1752794188636583e-08 8.3759951483722468e-09 4.3127463067793007e-09 3.4016240463352207e-09 2.7475820423981547e-09 2.2280592805331646e-09 1.7840609507176156e-09 1.3779565201639345e-09 9.7192392218013354e-10 4.3188658221255026e-10 
8.6077872045611153e-09 4.3127463067793007e-09 5.7439415069422626e-09 2.5437998464757215e-09 2.0689130290685790e-09 1.6917180674027289e-09 1.3693193506110749e-09 1.0743889145675565e-09 7.7952054542398193e-10 3.8806930500096784e-10 
6.7285185449581900e-09 3.4016240463352207e-09 2.5437998464757215e-09 4.5696977445051229e-09 1.6633997352810698e-09 1.3712420317254868e-09 1.1214928624866933e-09 8.9298879989470256e-10 6.6454365141520458e-10 3.6187560400129119e-10 
5.3790954643641199e-09 2.7475820423981547e-09 2.0689130290685790e-09 1.6633997352810698e-09 3.9109927377314544e-09 1.1414637654364517e-09 9.4389272915139013e-10 7.6308861496797398e-10 5.8234853165815264e-10 3.4345056283220727e-10 
4.3071308396229841e-09 2.2280592805331646e-09 1.6917180674027289e-09 1.3712420317254868e-09 1.1414637654364517e-09 3.4974700538696613e-09 8.0290395910675490e-10 6.5998642653747028e-10 5.1712566597294129e-10 3.2888187633946611e-10 
3.3911734563459368e-09 1.7840609507176156e-09 1.3693193506110749e-09 1.1214928624866933e-09 9.4389272915139013e-10 8.0290395910675490e-10 3.2207797513502454e-09 5.7180190978910426e-10 4.6127179863397207e-10 3.1625967049483628e-10 
2.5535832927245358e-09 1.3779565201639345e-09 1.0743889145675565e-09 8.9298879989470256e-10 7.6308861496797398e-10 6.5998642653747028e-10 5.7180190978910426e-10 3.0295353264284115e-09 4.1018536258479504e-10 3.0454369659171577e-10 
1.7160992955154348e-09 9.7192392218013354e-10 7.7952054542398193e-10 6.6454365141520458e-10 5.8234853165815264e-10 5.1712566597294129e-10 4.6127179863397207e-10 4.1018536258479504e-10 2.8978630896263415e-09 2.9313849296113560e-10 
5.9935608525998361e-10 4.3188658221255026e-10 3.8806930500096784e-10 3.6187560400129119e-10 3.4345056283220727e-10 3.2888187633946611e-10 3.1625967049483628e-10 3.0454369659171577e-10 2.9313849296113560e-10 2.8196096163648240e-09 
