2.0038536089484646e-08 8.5597360818798763e-09 6.2557984021363835e-09 4.8791766994734734e-09 3.8907176255355081e-09 3.1055608231087876e-09 2.4348047404177191e-09 1.8216926702600284e-09 1.2090802464278863e-09 3.9140938807860907e-10 
8.5597360818798763e-09 6.7781249724215722e-09 3.1260927147840588e-09 2.4607232635920453e-09 1.9831155580547919e-09 1.6037730002189149e-09 1.2796419037701159e-09 9.8330227476925074e-10 6.8723963160557670e-10 2.9316548393812750e-10 
6.2557984021363835e-09 3.1260927147840588e-09 4.8577297188030208e-09 1.8371391344347036e-09 1.4911381866603915e-09 1.2163415387513055e-09 9.8151330810146324e-10 7.6678720704122321e-10 5.5227996655303380e-10 2.6733825677025994e-10 
4.8791766994734734e-09 2.4607232635920453e-09 1.8371391344347036e-09 4.0030186193264030e-09 1.1971862802060640e-09 9.8484904819461242e-10 8.0337101601472785e-10 6.3740577327342350e-10 4.7162672631290659e-10 2.5188974424163078e-10 
3.8907176255355081e-09 1.9831155580547919e-09 1.4911381866603915e-09 1.1971862802060640e-09 3.5248232391627383e-09 8.1889049819505965e-10 6.7572833075191970e-10 5.4477616404609825e-10 4.1399250652117421e-10 2.4108870866170276e-10 
3.1055608231087876e-09 1.6037730002189149e-09 1.2163415387513055e-09 9.8484904819461242e-10 8.1889049819505965e-10 3.2255942599346707e-09 5.7441537324873678e-10 4.7127053249912920e-10 3.6827122581709210e-10 2.3256512260811686e-10 
2.4348047404177191e-09 1.2796419037701159e-09 9.8151330810146324e-10 8.0337101601472785e-10 6.7572833075191970e-10 5.7441537324873678e-10 3.0262476752972416e-09 4.0841600549891384e-10 3.2912469291375819e-10 2.2515714847756870e-10 
1.8216926702600284e-09 9.8330227476925074e-10 7.6678720704122321e-10 6.3740577327342350e-10 5.4477616404609825e-10 4.7127053249912920e-10 4.0841600549891384e-10 2.8893751140603551e-09 2.9335000590606081e-10 2.1826699488478394e-10 
1.2090802464278863e-09 6.8723963160557670e-10 5.5227996655303380e-10 4.7162672631290659e-10 4.1399250652117421e-10 3.6827122581709210e-10 3.2912469291375819e-10 2.9335000590606081e-10 2.7963344727020321e-09 2.1165889023060445e-10 
3.9140938807860907e-10 2.9316548393812750e-10 2.6733825677025994e-10 2.5188974424163078e-10 2.4108870866170276e-10 2.3256512260811686e-10 2.2515714847756870e-10 2.1826699488478394e-10 2.1165889023060445e-10 2.7438124660113280e-09 
