2.343213974153e-10 6.253486679652e-10 8.764876634289e-10 1.042741988342e-09 1.163567429746e-09 1.259644479643e-09 1.341954871854e-09 1.417724702677e-09 1.494617473485e-09 1.599898859855e-09 
2.224887233208e-11 1.869456384849e-10 4.565107799558e-10 7.183185910122e-10 9.319421465688e-10 1.104223227956e-09 1.251426617882e-09 1.386805603526e-09 1.524178129603e-09 1.712283019003e-09 
1.428288237805e-12 3.074575787813e-11 1.459143009116e-10 3.533399238501e-10 5.883959143823e-10 7.987049549032e-10 9.798093867406e-10 1.145641919586e-09 1.313717543070e-09 1.543848983368e-09 
-7.235153999086e-14 4.418832444515e-13 2.060447647895e-11 1.122230180392e-10 2.908965160127e-10 5.035248204400e-10 7.051146901848e-10 8.911950051185e-10 1.078881339660e-09 1.335587232221e-09 
-2.919092185384e-14 -9.192360319200e-13 -2.611379030768e-12 1.500101779684e-11 9.522095625371e-11 2.514672205850e-10 4.479870830245e-10 6.478026541257e-10 8.496616068392e-10 1.124094219945e-09 
-2.765403584686e-15 -1.742881792818e-13 -1.519943227762e-12 -3.038927629769e-12 1.151877371277e-11 7.830709724513e-11 2.209081908559e-10 4.164308412705e-10 6.304897744530e-10 9.177161509009e-10 
-1.079524709021e-16 -1.392559452897e-14 -2.496318891771e-13 -1.640679231722e-12 -4.356788869898e-12 2.890700277485e-12 5.721318301804e-11 1.985059656285e-10 4.142280973969e-10 7.140669333811e-10 
-1.683566861786e-18 -4.950543120266e-16 -1.788134937626e-14 -2.425382577770e-13 -1.702774129893e-12 -6.542918659292e-12 -9.840956681251e-12 2.866768722960e-11 1.893444323033e-10 5.069126017058e-10 
-6.971046106884e-21 -4.907402756148e-18 -3.630092400363e-16 -9.668034870148e-15 -1.388993515299e-13 -1.265521107843e-12 -7.547898747409e-12 -2.579676154122e-11 -1.107962307047e-11 2.674989627353e-10 
-1.369712698737e-24 -2.620048831728e-21 -4.635472507243e-19 -2.792141810998e-17 -8.980455047960e-16 -1.913578795214e-14 -3.004778300865e-13 -3.571994738219e-12 -2.884317254620e-11 -1.109902138960e-12 
