2.253388478446e-10 6.022921823394e-10 8.447437382486e-10 1.005309521518e-09 1.122008956037e-09 1.214805269359e-09 1.294304899189e-09 1.367487300131e-09 1.441754293391e-09 1.543440500699e-09 
2.150085183184e-11 1.808553271946e-10 4.419865919828e-10 6.958053682829e-10 9.029790985339e-10 1.070068443558e-09 1.212835719935e-09 1.344134387989e-09 1.477366443804e-09 1.659801779080e-09 
1.382318591400e-12 2.979540285287e-11 1.415623574108e-10 3.430634489107e-10 5.715103019460e-10 7.759656930430e-10 9.520416737467e-10 1.113267477672e-09 1.276673534594e-09 1.500411262295e-09 
-7.057794421443e-14 4.237119424176e-13 2.001201188861e-11 1.090863498819e-10 2.829310453194e-10 4.899599725448e-10 6.862739418646e-10 8.674856868966e-10 1.050261397416e-09 1.300249989391e-09 
-2.839182845537e-14 -8.947281061368e-13 -2.550080700041e-12 1.457127926496e-11 9.272239936463e-11 2.450199120072e-10 4.365781630558e-10 6.313844876451e-10 8.281911182327e-10 1.095750385882e-09 
-2.692262544280e-15 -1.698654977095e-13 -1.482413800844e-12 -2.965069561135e-12 1.122612334501e-11 7.631493669748e-11 2.153589524293e-10 4.061414104232e-10 6.150246665362e-10 8.952948187844e-10 
-1.052518853801e-16 -1.357811379373e-14 -2.434003757145e-13 -1.600490255623e-12 -4.258649103602e-12 2.783080484249e-12 5.581428189884e-11 1.938356588924e-10 4.044639477096e-10 6.972255707999e-10 
-1.641455897814e-18 -4.828940847589e-16 -1.745546369446e-14 -2.369221323560e-13 -1.663778298166e-12 -6.388706191991e-12 -9.581935355160e-12 2.801723996870e-11 1.847782423375e-10 4.948260938532e-10 
-6.808687226544e-21 -4.794590541293e-18 -3.545857898831e-16 -9.438885190916e-15 -1.355384305472e-13 -1.234701697024e-12 -7.368894984395e-12 -2.522787351749e-11 -1.087884981299e-11 2.613906696979e-10 
-1.336302214458e-24 -2.556334355780e-21 -4.524317335429e-19 -2.726590714201e-17 -8.774637544030e-16 -1.870657378934e-14 -2.937887061070e-13 -3.489533363471e-12 -2.810145216945e-11 -1.035813115668e-12 
