1.456381737965e-09 3.527309235031e-09 4.749587202337e-09 5.544109301587e-09 6.119947822608e-09 6.577815650379e-09 6.970099426345e-09 7.331214434118e-09 7.697681431219e-09 8.199439421642e-09 
1.006536904936e-10 8.015543963714e-10 1.893908291479e-09 2.925714557490e-09 3.758883887565e-09 4.429693111327e-09 5.002991417347e-09 5.530293978868e-09 6.065367041756e-09 6.798043825782e-09 
5.963918520396e-12 1.219260597997e-10 5.585173882970e-10 1.323076179497e-09 2.176691957305e-09 2.936425884729e-09 3.590387623990e-09 4.189344469529e-09 4.796434961169e-09 5.627673667819e-09 
-2.361037760909e-13 2.311664824116e-12 7.700136867174e-11 4.047818503016e-10 1.034353168229e-09 1.779047183722e-09 2.484415543678e-09 3.135642455371e-09 3.792552143663e-09 4.691031181799e-09 
-1.026238011871e-13 -3.182554237121e-12 -8.716646873613e-12 5.334666782229e-11 3.320657235599e-10 8.738971451130e-10 1.556002017222e-09 2.250391400080e-09 2.952295717298e-09 3.906479341948e-09 
-9.628414960786e-15 -6.036289044329e-13 -5.257024887549e-12 -1.055211915598e-11 3.965108743929e-11 2.709590304654e-10 7.665837422921e-10 1.449625971156e-09 2.200383074817e-09 3.207934126185e-09 
-3.738259782354e-16 -4.828722464031e-14 -8.677987034196e-13 -5.728255221559e-12 -1.540227747781e-11 8.891326734635e-12 1.972819202445e-10 6.956760015100e-10 1.467133309151e-09 2.544290516487e-09 
-5.852226068541e-18 -1.726841760078e-15 -6.267718500276e-14 -8.563778124603e-13 -6.081939861534e-12 -2.384813391594e-11 -3.816171076259e-11 9.569914359409e-11 6.828469552251e-10 1.872425825226e-09 
-2.455600066811e-20 -1.743655456784e-17 -1.302013302182e-15 -3.503552056628e-14 -5.093811634365e-13 -4.712310886085e-12 -2.874177176410e-11 -1.023732958782e-10 -6.225252358398e-11 1.042734625098e-09 
-5.059238741323e-24 -9.775804494240e-21 -1.747761791993e-18 -1.064944581566e-16 -3.470604404528e-15 -7.513532215405e-14 -1.204507114393e-12 -1.475122828432e-11 -1.248460428347e-10 -3.098151797611e-11 
