5.853609400723e-09 1.332141629368e-08 1.766275337319e-08 2.049359627467e-08 2.254738430818e-08 2.418051806670e-08 2.557968595216e-08 2.686767679476e-08 2.817475619931e-08 2.996436879987e-08 
3.492974026881e-10 2.830376487547e-09 6.801818672131e-09 1.063822417176e-08 1.377245724378e-08 1.630263227153e-08 1.846462510093e-08 2.045286260090e-08 2.247035753738e-08 2.523292031577e-08 
2.103685543129e-11 4.458559526136e-10 2.111496408132e-09 5.141132432346e-09 8.616701127785e-09 1.174854384029e-08 1.445105677901e-08 1.692582598350e-08 1.943373581176e-08 2.286752302834e-08 
-1.101937921497e-12 4.323004847323e-12 2.924667781276e-10 1.653771533517e-09 4.369822774159e-09 7.656412102235e-09 1.080692494636e-08 1.372562840588e-08 1.666883995697e-08 2.069343855565e-08 
-4.433531275102e-13 -1.432664425879e-11 -4.382759956412e-11 2.175789315890e-10 1.463668961464e-09 3.966008325127e-09 7.202427809195e-09 1.054862779065e-08 1.393784496522e-08 1.854091168291e-08 
-4.289524908153e-14 -2.764738791958e-12 -2.491255014902e-11 -5.539458904662e-11 1.641701734633e-10 1.264169971604e-09 3.742843709415e-09 7.269844839337e-09 1.118594770832e-08 1.643647130877e-08 
-1.736085770464e-15 -2.314681843440e-13 -4.308871825748e-12 -2.979734985236e-11 -8.717697070103e-11 1.634770637468e-11 9.952864712547e-10 3.705973729563e-09 7.975495761379e-09 1.395579295106e-08 
-2.901103416224e-17 -8.885600015501e-15 -3.326057522246e-13 -4.667182441123e-12 -3.396075049782e-11 -1.364327843288e-10 -2.287869890932e-10 5.061756857011e-10 3.837789013375e-09 1.070319819356e-08 
-1.329112062578e-19 -9.629600373334e-17 -7.286807958923e-15 -1.980022616389e-13 -2.902766380339e-12 -2.709281022901e-11 -1.674213402568e-10 -6.132868185227e-10 -4.612171304103e-10 6.186467183266e-09 
-2.894949484680e-23 -5.625442278633e-20 -1.011843908359e-17 -6.210142413355e-16 -2.042424890642e-14 -4.475611931852e-13 -7.300369197277e-12 -9.185040754885e-11 -8.125019524830e-10 -2.999872271856e-10 
