1.872927449965e-10 5.037454111563e-10 7.085454404499e-10 8.444148222242e-10 9.431965535752e-10 1.021746030576e-09 1.089039700164e-09 1.150985985745e-09 1.213850336481e-09 1.299924161838e-09 
1.823513062311e-11 1.541728027400e-10 3.781503868102e-10 5.966425339832e-10 7.752861004978e-10 9.194080598716e-10 1.042547073512e-09 1.155792328078e-09 1.270704837699e-09 1.428055153662e-09 
1.180281171618e-12 2.560132345151e-11 1.222029688740e-10 2.972823813745e-10 4.964043510233e-10 6.747996143879e-10 8.284784299750e-10 9.691925536297e-10 1.111806530374e-09 1.307075163907e-09 
-6.262695887266e-14 3.297794768531e-13 1.731430423313e-11 9.520360964396e-11 2.476067589334e-10 4.294973701750e-10 6.022180756499e-10 7.616695915927e-10 9.224900538764e-10 1.142447256258e-09 
-2.493670417271e-14 -7.873190544196e-13 -2.259032145799e-12 1.270662984707e-11 8.141979684183e-11 2.159500418758e-10 3.854813617920e-10 5.579341523727e-10 7.321848495991e-10 9.690703288520e-10 
-2.365428350637e-15 -1.496748821758e-13 -1.312454249996e-12 -2.654423337952e-12 9.878883571941e-12 6.761886127241e-11 1.909468856012e-10 3.603316347452e-10 5.459830215067e-10 7.950506476036e-10 
-9.295811446016e-17 -1.203647148138e-14 -2.160720435702e-13 -1.420826742007e-12 -3.782875741887e-12 2.407718035061e-12 4.937059065445e-11 1.723141451976e-10 3.603097355080e-10 6.214935749150e-10 
-1.457166126160e-18 -4.285891652454e-16 -1.550021771334e-14 -2.107992389615e-13 -1.485580003511e-12 -5.730119114734e-12 -8.619665006094e-12 2.516610797286e-11 1.652814077443e-10 4.419914754369e-10 
-6.053657772989e-21 -4.274846119083e-18 -3.169316907500e-16 -8.447870154327e-15 -1.212824290310e-13 -1.102662628293e-12 -6.560211730276e-12 -2.243937399360e-11 -9.943127082698e-12 2.331755718033e-10 
-1.194710387920e-24 -2.281598646370e-21 -4.031570467479e-19 -2.427014022517e-17 -7.809091026892e-16 -1.666431670260e-14 -2.623261635667e-13 -3.125814370896e-12 -2.514291995635e-11 -3.671462451732e-13 
