8.123448076486e-10 2.043711538790e-09 2.791818725606e-09 3.280599076924e-09 3.635079767643e-09 3.916940014288e-09 4.158424084983e-09 4.380720781477e-09 4.606312068949e-09 4.915188138358e-09 
6.339069925966e-11 5.121755114794e-10 1.219649714800e-09 1.891406685139e-09 2.434628985870e-09 2.872029362684e-09 3.245830318413e-09 3.589638414701e-09 3.938513012895e-09 4.416228050197e-09 
3.846998684612e-12 7.946284869237e-11 3.661011573755e-10 8.695937065651e-10 1.431886665376e-09 1.932073809667e-09 2.362496058221e-09 2.756700125173e-09 3.156264162290e-09 3.703355782616e-09 
-1.575921747329e-13 1.504567040905e-12 5.084993567561e-11 2.671678338003e-10 6.816970864985e-10 1.170878684092e-09 1.633344895977e-09 2.060046196991e-09 2.490496916694e-09 3.079260862648e-09 
-6.764130872716e-14 -2.090380502238e-12 -5.657981720459e-12 3.537977360696e-11 2.184513823103e-10 5.723662111902e-10 1.015509387222e-09 1.465390317175e-09 1.919995885406e-09 2.538083616012e-09 
-6.324190730455e-15 -3.950469977740e-13 -3.419794613056e-12 -6.714612719837e-12 2.641990629237e-11 1.765341762329e-10 4.951808513257e-10 9.320240146802e-10 1.411071036702e-09 2.053911096807e-09 
-2.440471779046e-16 -3.131936799722e-14 -5.587256902457e-13 -3.654666104231e-12 -9.676060585806e-12 6.305939131915e-12 1.268329389744e-10 4.429622200412e-10 9.284375629374e-10 1.604248307695e-09 
-3.768895048439e-18 -1.104264745812e-15 -3.987135418948e-14 -5.422464672792e-13 -3.829361296176e-12 -1.486167056523e-11 -2.290661784880e-11 6.310682475673e-11 4.274003106397e-10 1.155262958320e-09 
-1.556904864865e-20 -1.100870699961e-17 -8.182636179453e-16 -2.189050814779e-14 -3.158205364220e-13 -2.891174078069e-12 -1.738368890802e-11 -6.069589401229e-11 -3.282009818789e-11 6.253268461898e-10 
-3.121045626435e-24 -5.988253696554e-21 -1.063319317767e-18 -6.436382377793e-17 -2.084377882462e-15 -4.484513873906e-14 -7.140457330468e-13 -8.662101873157e-12 -7.192813114289e-11 -1.090672502099e-11 
