2.858620900808e-09 6.633383189527e-09 8.809494452261e-09 1.022061904832e-08 1.124319090312e-08 1.205628176996e-08 1.275290803965e-08 1.339418387022e-08 1.404496383677e-08 1.493599138689e-08 
1.744786296160e-10 1.383720348214e-09 3.268412530531e-09 5.053268553680e-09 6.497766270530e-09 7.661623350541e-09 8.656302333096e-09 9.571141290843e-09 1.049945544677e-08 1.177059801567e-08 
1.024151203006e-11 2.098751937263e-10 9.662034639215e-10 2.302358806523e-09 3.806090991463e-09 5.150720131209e-09 6.309503867485e-09 7.370755256224e-09 8.446336564097e-09 9.919025870786e-09 
-4.302281009070e-13 3.450060568376e-12 1.326282825832e-10 7.124018235503e-10 1.842921505850e-09 3.194811596525e-09 4.482517770834e-09 5.673095164981e-09 6.873895444137e-09 8.516105894048e-09 
-1.839496766485e-13 -5.804984753181e-12 -1.678193756873e-11 9.317211732561e-11 6.020624694725e-10 1.607377715621e-09 2.888158775339e-09 4.200969733175e-09 5.529535509966e-09 7.334876033208e-09 
-1.752098322183e-14 -1.114769266832e-12 -9.878395587539e-12 -2.081602152999e-11 7.032933765808e-11 5.053405666891e-10 1.457750714802e-09 2.791035113131e-09 4.266673154515e-09 6.246690496971e-09 
-6.954869211808e-16 -9.116529164718e-14 -1.663728114759e-12 -1.121277020748e-11 -3.142938987910e-11 1.143737775815e-11 3.778879498924e-10 1.376811177072e-09 2.951559591585e-09 5.159455494335e-09 
-1.121131114446e-17 -3.363649959928e-15 -1.239565518649e-13 -1.719835953507e-12 -1.243249270470e-11 -4.998810524441e-11 -8.531469821510e-11 1.819395619758e-10 1.416266790457e-09 3.955605515889e-09 
-4.910246898456e-20 -3.535417448489e-17 -2.672860318598e-15 -7.280616308549e-14 -1.072073554853e-12 -1.005480642670e-11 -6.225192309137e-11 -2.258880032264e-10 -1.539166642227e-10 2.276261479821e-09 
-1.072307905148e-23 -2.089406625072e-20 -3.761921883588e-18 -2.306543487792e-16 -7.561130770772e-15 -1.647048297369e-13 -2.660983181704e-12 -3.299218794224e-11 -2.860013354736e-10 -9.214470022442e-11 
