z(iz=00)            wb(ip=00)           h(ip=01)           wm(ip=02)            ns(ip=03) 
1.4625000000e+00        0.022422555000000007        0.67        0.14364800000000003        0.96
   k(h/Mpc)      Pk/s8^2(Mpc/h)^3 
7.0355977186e-06 5.0403167678e+01
7.5206098700e-06 5.3734315285e+01
8.0390564108e-06 5.7285625502e+01
8.5932442744e-06 6.1071640157e+01
9.1856354629e-06 6.5107861819e+01
9.8188638731e-06 6.9410839067e+01
1.0495745300e-05 7.3998189229e+01
1.1219289263e-05 7.8888734822e+01
1.1992711734e-05 8.4102475123e+01
1.2819450603e-05 8.9660790830e+01
1.3703183868e-05 9.5586455424e+01
1.4647837816e-05 1.0190372613e+02
1.5657613403e-05 1.0863850309e+02
1.6736999896e-05 1.1581838055e+02
1.7890795789e-05 1.2347273776e+02
1.9124130631e-05 1.3163293232e+02
2.0442488676e-05 1.4033245934e+02
2.1851728889e-05 1.4960687182e+02
2.3358117687e-05 1.5949420135e+02
2.4968352591e-05 1.7003496951e+02
2.6689593142e-05 1.8127230152e+02
2.8529490010e-05 1.9325219912e+02
3.0496221370e-05 2.0602381347e+02
3.2598534744e-05 2.1963939966e+02
3.4845776099e-05 2.3415471461e+02
3.7247933506e-05 2.4962919907e+02
3.9815688069e-05 2.6612618217e+02
4.2560455768e-05 2.8371319986e+02
4.5494442020e-05 3.0246235868e+02
4.8630685342e-05 3.2245029033e+02
5.1983130106e-05 3.4375874286e+02
5.5566681112e-05 3.6647501271e+02
5.9397272707e-05 3.9069194474e+02
6.3491934270e-05 4.1650868263e+02
6.7868866609e-05 4.4403069158e+02
7.2547532909e-05 4.7337057697e+02
7.7548735135e-05 5.0464826625e+02
8.2894701336e-05 5.3799132731e+02
8.8609194791e-05 5.7353601446e+02
9.4717637694e-05 6.1142749588e+02
1.0124716937e-04 6.5182012641e+02
1.0822682816e-04 6.9487872104e+02
1.1568764603e-04 7.4077878225e+02
1.2366278679e-04 7.8970686385e+02
1.3218770619e-04 8.4186234467e+02
1.4130031923e-04 8.9745647349e+02
1.5104110935e-04 9.5671527966e+02
1.6145341215e-04 1.0198787091e+03
1.7258350272e-04 1.0872023522e+03
1.8448085757e-04 1.1589580811e+03
1.9719838747e-04 1.2354349587e+03
2.1079262660e-04 1.3169406940e+03
2.2532400908e-04 1.4038018246e+03
2.4085713085e-04 1.4963652623e+03
2.5746106985e-04 1.5950002036e+03
2.7520960430e-04 1.7000983113e+03
2.9418169288e-04 1.8120751704e+03
3.1446164940e-04 1.9313702874e+03
3.3613966662e-04 2.0584499104e+03
3.5931204911e-04 2.1938083025e+03
3.8408191176e-04 2.3379679234e+03
4.1055929614e-04 2.4914797936e+03
4.3886195635e-04 2.6549253135e+03
4.6911570826e-04 2.8289189918e+03
5.0145509886e-04 3.0141062630e+03
5.3602381376e-04 3.2111640326e+03
5.7297560852e-04 3.4208061351e+03
6.1247474514e-04 3.6437775124e+03
6.5469677793e-04 3.8808560328e+03
6.9982954301e-04 4.1328555841e+03
7.4807356577e-04 4.4006198880e+03
7.9964339966e-04 4.6850290491e+03
8.5476832464e-04 4.9869893679e+03
9.1369333677e-04 5.3074395257e+03
9.7668042872e-04 5.6473458550e+03
1.0440096958e-03 6.0076965178e+03
1.1159804417e-03 6.3895004148e+03
1.1929126922e-03 6.7937846378e+03
1.2751482427e-03 7.2215795535e+03
1.3630529866e-03 7.6739235324e+03
1.4570176136e-03 8.1518418476e+03
1.5574598219e-03 8.6563415803e+03
1.6648261808e-03 9.1883963395e+03
1.7795939930e-03 9.7489287979e+03
1.9022736233e-03 1.0338805599e+04
2.0334103610e-03 1.0958806793e+04
2.1735872142e-03 1.1609617837e+04
2.3234274704e-03 1.2291812127e+04
2.4835972581e-03 1.3005825530e+04
2.6548085734e-03 1.3751936013e+04
2.8378227726e-03 1.4530229440e+04
3.0334533658e-03 1.5340583563e+04
3.2425699755e-03 1.6182621456e+04
3.4661025274e-03 1.7055707143e+04
3.7050447427e-03 1.7958868470e+04
3.9604585618e-03 1.8890788374e+04
4.2334804311e-03 1.9849739389e+04
4.5253229327e-03 2.0833563275e+04
4.8372847959e-03 2.1840643174e+04
5.1707518287e-03 2.2865747209e+04
5.5272071622e-03 2.3906130647e+04
5.9082354419e-03 2.4957440627e+04
6.3155302778e-03 2.6014043606e+04
6.7509030923e-03 2.7071278193e+04
7.2162891738e-03 2.8122187960e+04
7.7137574553e-03 2.9159659304e+04
8.2455193624e-03 3.0175047623e+04
8.8139399886e-03 3.1159321204e+04
9.4215450808e-03 3.2102732313e+04
1.0071036406e-02 3.2994415533e+04
1.0765301995e-02 3.3822716661e+04
1.1507427320e-02 3.4574922024e+04
1.2300713919e-02 3.5237631035e+04
1.3148685917e-02 3.5796799859e+04
1.4055115171e-02 3.6237907313e+04
1.5024030581e-02 3.6546341986e+04
1.6059739515e-02 3.6707707854e+04
1.7166847363e-02 3.6708371480e+04
1.8350275233e-02 3.6536017947e+04
1.9615285099e-02 3.6180564799e+04
2.0967502147e-02 3.5635102178e+04
2.2412935272e-02 3.4896853333e+04
2.3958012462e-02 3.3968420376e+04
2.5609601289e-02 3.2858832112e+04
2.7375046164e-02 3.1584492905e+04
2.9262196273e-02 3.0169671672e+04
3.1279440969e-02 2.8646632852e+04
3.3435747027e-02 2.7054859274e+04
3.5740699619e-02 2.5439442570e+04
3.8204550743e-02 2.3848367546e+04
4.0838252753e-02 2.2328863698e+04
4.3653514236e-02 2.0922927192e+04
4.6478152275e-02 1.9732816079e+04
4.9302790314e-02 1.8743169458e+04
5.2127432078e-02 1.7924074683e+04
5.4952070117e-02 1.7240244614e+04
5.7776708156e-02 1.6654588968e+04
6.0601349920e-02 1.6130788783e+04
6.3425987959e-02 1.5636003311e+04
6.6250629723e-02 1.5142837609e+04
6.9075264037e-02 1.4631420741e+04
7.1899905801e-02 1.4088247338e+04
7.4724547565e-02 1.3508020036e+04
7.7549181879e-02 1.2895769875e+04
8.0373823643e-02 1.2257817310e+04
8.3198465407e-02 1.1606681002e+04
8.6023099720e-02 1.0959120415e+04
8.8847741485e-02 1.0332824234e+04
9.1672383249e-02 9.7420109349e+03
9.5292858779e-02 9.0513517774e+03
9.8913334310e-02 8.4480976763e+03
1.0253380984e-01 7.9417009342e+03
1.0615429282e-01 7.5315903380e+03
1.0977476835e-01 7.2056270647e+03
1.1339524388e-01 6.9467656802e+03
1.1701571941e-01 6.7371916139e+03
1.2063620240e-01 6.5576488008e+03
1.2425667793e-01 6.3889124656e+03
1.2787716091e-01 6.2152542385e+03
1.3149763644e-01 6.0256500715e+03
1.3511811197e-01 5.8125635906e+03
1.3873858750e-01 5.5756058617e+03
1.4235906303e-01 5.3203467577e+03
1.4597953856e-01 5.0555796851e+03
1.4960001409e-01 4.7905575677e+03
1.5322048962e-01 4.5344842123e+03
1.5684096515e-01 4.2961399273e+03
1.6046145558e-01 4.0823730845e+03
1.6408193111e-01 3.8968492706e+03
1.6770240664e-01 3.7401218711e+03
1.7132288217e-01 3.6103622765e+03
1.7494335771e-01 3.5038481425e+03
1.7856383324e-01 3.4153257643e+03
1.8218430877e-01 3.3386849814e+03
1.8580478430e-01 3.2678905822e+03
1.8942527473e-01 3.1976608471e+03
1.9304575026e-01 3.1237866273e+03
1.9666622579e-01 3.0433723818e+03
2.0028670132e-01 2.9551658080e+03
2.0390717685e-01 2.8596697189e+03
2.0752765238e-01 2.7587791228e+03
2.1114812791e-01 2.6551960030e+03
2.1476860344e-01 2.5519923578e+03
2.1838907898e-01 2.4522618336e+03
2.2200956941e-01 2.3586702124e+03
2.2563004494e-01 2.2731210527e+03
2.2925052047e-01 2.1967094826e+03
2.3287099600e-01 2.1296989151e+03
2.3649147153e-01 2.0714688382e+03
2.4011194706e-01 2.0207207427e+03
2.4373242259e-01 1.9758766979e+03
2.4735289812e-01 1.9352045095e+03
2.5097337365e-01 1.8967729680e+03
2.5459384918e-01 1.8587210831e+03
2.5821432471e-01 1.8197023200e+03
2.6183480024e-01 1.7789735560e+03
2.6545527577e-01 1.7362169858e+03
2.6907578111e-01 1.6914953698e+03
2.7269625664e-01 1.6452845978e+03
2.7631673217e-01 1.5983707244e+03
2.7993720770e-01 1.5516971607e+03
2.8355768323e-01 1.5062546157e+03
2.8717815876e-01 1.4629227392e+03
2.9079863429e-01 1.4223227711e+03
2.9441910982e-01 1.3847976210e+03
2.9803958535e-01 1.3504624411e+03
3.0166006088e-01 1.3192095377e+03
3.0528053641e-01 1.2907108272e+03
3.0890101194e-01 1.2644644061e+03
3.1252148747e-01 1.2398765040e+03
3.1614196301e-01 1.2163490752e+03
3.1976243854e-01 1.1933501095e+03
3.2338291407e-01 1.1704417374e+03
3.2700338960e-01 1.1473035157e+03
3.3062389493e-01 1.1237703567e+03
3.3424437046e-01 1.0998422601e+03
3.3786484599e-01 1.0756367433e+03
3.4148532152e-01 1.0513556407e+03
3.4510579705e-01 1.0272766457e+03
3.4872627258e-01 1.0037020100e+03
3.5234674811e-01 9.8088686938e+02
3.5596722364e-01 9.5902505421e+02
3.5958769917e-01 9.3826437045e+02
3.6320817471e-01 9.1868813515e+02
3.6682865024e-01 9.0028534245e+02
3.7044912577e-01 8.8296212423e+02
3.7406960130e-01 8.6657058360e+02
3.7769007683e-01 8.5093235293e+02
3.8131055236e-01 8.3586342519e+02
3.8493102789e-01 8.2119862160e+02
3.8855153322e-01 8.0679395642e+02
3.9217200875e-01 7.9252299877e+02
3.9579248428e-01 7.7829688316e+02
3.9941295981e-01 7.6408814043e+02
4.0303343535e-01 7.4992614985e+02
4.0665391088e-01 7.3586757794e+02
4.1027438641e-01 7.2197727739e+02
4.1389486194e-01 7.0832510355e+02
4.1751533747e-01 6.9498877960e+02
4.2113581300e-01 6.8204466437e+02
4.2475628853e-01 6.6955010654e+02
4.2837676406e-01 6.5753284815e+02
4.3199723959e-01 6.4599179770e+02
4.3561771512e-01 6.3490621690e+02
4.3923819065e-01 6.2424095068e+02
4.4285866618e-01 6.1395061123e+02
4.4647914171e-01 6.0398103338e+02
4.5009964704e-01 5.9427286737e+02
4.5372012258e-01 5.8476817326e+02
4.5734059811e-01 5.7542124493e+02
4.6096107364e-01 5.6620474963e+02
4.6458154917e-01 5.5710458898e+02
4.6820202470e-01 5.4811439592e+02
4.7182250023e-01 5.3923553484e+02
4.7544297576e-01 5.3048069430e+02
4.7906345129e-01 5.2187084001e+02
4.8268392682e-01 5.1343012117e+02
4.8630440235e-01 5.0518159551e+02
4.8992487788e-01 4.9714186277e+02
4.9354535341e-01 4.8931747190e+02
4.9716582894e-01 4.8170924150e+02
5.0078630447e-01 4.7431653489e+02
5.0440680981e-01 4.6713525896e+02
5.0802725554e-01 4.6015267968e+02
5.1164776087e-01 4.5334842256e+02
5.1526820660e-01 4.4670006658e+02
5.1888871193e-01 4.4019014791e+02
5.2250915766e-01 4.3380515935e+02
5.2612966299e-01 4.2753491366e+02
5.2975010872e-01 4.2136863240e+02
5.3337061405e-01 4.1529735623e+02
5.3699105978e-01 4.0931721946e+02
5.4061156511e-01 4.0343099631e+02
5.4423207045e-01 3.9764496284e+02
5.4785251617e-01 3.9196434910e+02
5.5147302151e-01 3.8639161095e+02
5.5509346724e-01 3.8092872670e+02
5.5871397257e-01 3.7557878893e+02
5.6233441830e-01 3.7034616358e+02
5.6595492363e-01 3.6523187392e+02
5.6957536936e-01 3.6023219071e+02
5.7319587469e-01 3.5534081513e+02
5.7681632042e-01 3.5055163029e+02
5.8043682575e-01 3.4586027024e+02
6.2843209505e-01 2.9094495719e+02
7.6756852865e-01 1.8683671706e+02
9.3751013279e-01 1.1878825637e+02
1.1450772285e+00 7.4847652619e+01
1.3986002207e+00 4.6775981858e+01
1.7082554102e+00 2.9015133033e+01
2.0864677429e+00 1.7875449581e+01
2.5484168529e+00 1.0944031044e+01
3.1126427650e+00 6.6620379746e+00
3.8017895222e+00 4.0341157831e+00
4.6435198784e+00 2.4309672436e+00
5.6716070175e+00 1.4583572693e+00
