6.739116492339e-10 1.713744620589e-09 2.351471894756e-09 2.768944317207e-09 3.071794128919e-09 3.312601700235e-09 3.518912732189e-09 3.708830950941e-09 3.901563883701e-09 4.165451252412e-09 
5.450051553002e-11 4.428838176178e-10 1.058262648207e-09 1.644213113974e-09 2.118493397925e-09 2.500441489484e-09 2.826846976283e-09 3.127059242092e-09 3.431695337120e-09 3.848834553238e-09 
3.336750870087e-12 6.928447741495e-11 3.203762132206e-10 7.624550724839e-10 1.256714444258e-09 1.696635482583e-09 2.075186949621e-09 2.421873827158e-09 2.773274312637e-09 3.254419307023e-09 
-1.398467497975e-13 1.298760871813e-12 4.462327344367e-11 2.349366318538e-10 6.003441526986e-10 1.031754012877e-09 1.439445008642e-09 1.815599611663e-09 2.195060213434e-09 2.714081050296e-09 
-5.956660657810e-14 -1.845308927062e-12 -5.023681253440e-12 3.118014638585e-11 1.928494238203e-10 5.048755275134e-10 8.952991865807e-10 1.291691215928e-09 1.692174736104e-09 2.236683972687e-09 
-5.582844286933e-15 -3.488252338258e-13 -3.014667749541e-12 -5.888795926463e-12 2.331761018667e-11 1.554175161903e-10 4.361408689286e-10 8.207625303341e-10 1.241974724350e-09 1.807237978223e-09 
-2.152923977790e-16 -2.757927613897e-14 -4.917853698353e-13 -3.219172608021e-12 -8.527132848768e-12 5.681135683862e-12 1.122309054985e-10 3.897941944977e-10 8.144136984492e-10 1.405500439950e-09 
-3.317126587797e-18 -9.726462748583e-16 -3.511394843474e-14 -4.765834790215e-13 -3.350844227721e-12 -1.291211788814e-11 -1.966571987216e-11 5.528155248699e-11 3.725795780611e-10 1.006053249767e-09 
-1.369472334008e-20 -9.651176844108e-18 -7.147763313130e-16 -1.906732902040e-14 -2.746745049722e-13 -2.514959704279e-12 -1.514033731433e-11 -5.270945340441e-11 -2.650764576527e-11 5.421042796895e-10 
-2.714188571936e-24 -5.211165776808e-21 -9.260680875432e-19 -5.606880763438e-17 -1.814000449693e-15 -3.891880499979e-14 -6.162869045345e-13 -7.409672899848e-12 -6.100451328058e-11 -9.262629442386e-12 
