8.123458506046e-10 2.043712765859e-09 2.791820440394e-09 3.280601114289e-09 3.635082040298e-09 3.916942476586e-09 4.158426717983e-09 4.380723602422e-09 4.606315257519e-09 4.915243063233e-09 
6.339073732021e-11 5.121754689403e-10 1.219649630376e-09 1.891406567321e-09 2.434628844336e-09 2.872029202279e-09 3.245830143961e-09 3.589638252427e-09 3.938513018043e-09 4.416274339619e-09 
3.847001047660e-12 7.946284323282e-11 3.661011382226e-10 8.695936726036e-10 1.431886613084e-09 1.932073646725e-09 2.362495631584e-09 2.756699422068e-09 3.156263318557e-09 3.703393386691e-09 
-1.575922712945e-13 1.504567335538e-12 5.084994367612e-11 2.671679011300e-10 6.816971831201e-10 1.170877900670e-09 1.633341622204e-09 2.060040027264e-09 2.490488036170e-09 3.079280445697e-09 
-6.764134646868e-14 -2.090378994098e-12 -5.657942977895e-12 3.538007343065e-11 2.184519248223e-10 5.723635947696e-10 1.015496919123e-09 1.465365807228e-09 1.919959604864e-09 2.538057888356e-09 
-6.324188852849e-15 -3.950451163947e-13 -3.419740397889e-12 -6.714161287373e-12 2.642091219681e-11 1.765309073170e-10 4.951622604567e-10 9.319850050108e-10 1.411010346901e-09 2.053842367213e-09 
-2.440451088097e-16 -3.131861102505e-14 -5.587020516639e-13 -3.654448602377e-12 -9.675424953816e-12 6.305118008319e-12 1.268253453204e-10 4.429421097724e-10 9.283950213321e-10 1.604190252365e-09 
-3.768739636214e-18 -1.104204571013e-15 -3.986920550024e-14 -5.422217316764e-13 -3.829221954976e-12 -1.486108572714e-11 -2.290451012948e-11 6.310667430348e-11 4.273764752573e-10 1.155211673175e-09 
-1.556831252255e-20 -1.100827569783e-17 -8.182325027373e-16 -2.188952363857e-14 -3.158025867551e-13 -2.890978522124e-12 -1.738256321426e-11 -6.069413911368e-11 -3.282673098634e-11 6.253102317576e-10 
-3.120879457300e-24 -5.987901947166e-21 -1.063258687321e-18 -6.436065839166e-17 -2.084301738905e-15 -4.484419761482e-14 -7.140421432680e-13 -8.662162924620e-12 -7.192894454608e-11 -1.090721053994e-11 
