2.090188804702e-10 5.599873844064e-10 7.862922263559e-10 9.362744581089e-10 1.045296330828e-09 1.131987971471e-09 1.206257429197e-09 1.274625230170e-09 1.344006267552e-09 1.439002677451e-09 
2.010120571010e-11 1.694529401029e-10 4.147526473527e-10 6.535437855083e-10 8.485874228778e-10 1.005910759880e-09 1.140332820466e-09 1.263955779112e-09 1.389398965764e-09 1.561168972856e-09 
1.296254934246e-12 2.800836920414e-11 1.333408615896e-10 3.236686640097e-10 5.396783099390e-10 7.330899147979e-10 8.996814250451e-10 1.052219580572e-09 1.206819285352e-09 1.418499109758e-09 
-6.727942676733e-14 3.854107582558e-13 1.888876922930e-11 1.032124028430e-10 2.679365346829e-10 4.643489091651e-10 6.506948798179e-10 8.227051463644e-10 9.961987530512e-10 1.233490652401e-09 
-2.690832283233e-14 -8.483619944254e-13 -2.427253589375e-12 1.376532280294e-11 8.795411724723e-11 2.328010938008e-10 4.150359015114e-10 6.003837910437e-10 7.876550242027e-10 1.042244189692e-09 
-2.552820036949e-15 -1.613885456218e-13 -1.411470231489e-12 -2.831276290523e-12 1.067743880938e-11 7.262492302073e-11 2.049389316187e-10 3.866744697764e-10 5.857378715941e-10 8.528051826359e-10 
-1.001175245828e-16 -1.292797718826e-14 -2.317257224116e-13 -1.523619021048e-12 -4.062004915430e-12 2.589220100989e-12 5.307585282056e-11 1.848574218365e-10 3.859508358736e-10 6.653956108236e-10 
-1.562657341559e-18 -4.597034424518e-16 -1.663228627900e-14 -2.260866247187e-13 -1.590220956921e-12 -6.110062170586e-12 -9.129202328980e-12 2.688110385554e-11 1.763926172878e-10 4.722009872497e-10 
-6.494564181556e-21 -4.579779426399e-18 -3.388971351783e-16 -9.018582627736e-15 -1.293729266769e-13 -1.177003558008e-12 -7.020870705094e-12 -2.408994674738e-11 -1.059480124285e-11 2.496278226721e-10 
-1.274506600707e-24 -2.436275063214e-21 -4.310827896015e-19 -2.598775495693e-17 -8.370128151568e-16 -1.786522013154e-14 -2.809413564250e-13 -3.338726910237e-12 -2.679023909790e-11 -7.501476665863e-13 
