2.253391371533e-10 6.022925439630e-10 8.447442571063e-10 1.005310145850e-09 1.122009657518e-09 1.214806033018e-09 1.294305718703e-09 1.367488180710e-09 1.441755291388e-09 1.543457747892e-09 
2.150086474121e-11 1.808553121736e-10 4.419865613915e-10 6.958053249599e-10 9.029790460629e-10 1.070068383606e-09 1.212835654030e-09 1.344134325926e-09 1.477366443885e-09 1.659819173979e-09 
1.382319440511e-12 2.979540080846e-11 1.415623500633e-10 3.430634358750e-10 5.715102815373e-10 7.759656246143e-10 9.520414898638e-10 1.113267171901e-09 1.276673162232e-09 1.500426454203e-09 
-7.057798747352e-14 4.237120860004e-13 2.001201550189e-11 1.090863797336e-10 2.829310884935e-10 4.899596305509e-10 6.862725073338e-10 8.674829805171e-10 1.050257498854e-09 1.300258045595e-09 
-2.839184421592e-14 -8.947274468879e-13 -2.550063715695e-12 1.457141087402e-11 9.272263848465e-11 2.450187667877e-10 4.365726903345e-10 6.313737210478e-10 8.281751785670e-10 1.095738878707e-09 
-2.692261673060e-15 -1.698646730436e-13 -1.482390007453e-12 -2.964871172430e-12 1.122656687509e-11 7.631350395518e-11 2.153507765659e-10 4.061242481797e-10 6.149979862879e-10 8.952645448881e-10 
-1.052509766495e-16 -1.357778136420e-14 -2.433899827159e-13 -1.600394520108e-12 -4.258369050586e-12 2.782716325067e-12 5.581091771407e-11 1.938267930501e-10 4.044453433247e-10 6.972002533023e-10 
-1.641387564896e-18 -4.828676022482e-16 -1.745451786275e-14 -2.369112669103e-13 -1.663717660606e-12 -6.388456773842e-12 -9.581046330333e-12 2.801714392181e-11 1.847679981383e-10 4.948040958839e-10 
-6.808363497691e-21 -4.794401954059e-18 -3.545723139355e-16 -9.438462073455e-15 -1.355307443456e-13 -1.234618062340e-12 -7.368413769708e-12 -2.522712406294e-11 -1.088168643283e-11 2.613835039734e-10 
-1.336231120570e-24 -2.556183856977e-21 -4.524057833315e-19 -2.726455119435e-17 -8.774310653714e-16 -1.870616678703e-14 -2.937870538751e-13 -3.489557228077e-12 -2.810177186934e-11 -1.035944184975e-12 
