4.495719808220e-07 1.540842233529e-07 2.863999933011e-08 3.646290963890e-09 3.332467519743e-10 2.014529442733e-11 6.899217308853e-13 1.010165517339e-14 3.474657381934e-17 4.478839031056e-21 
1.540842233529e-07 3.816363733980e-07 1.996830037448e-07 6.022712815796e-08 1.147235846567e-08 1.388500904546e-09 9.622701458444e-11 2.972935967248e-12 2.321015844037e-14 7.885152763902e-18 
2.863999933011e-08 1.996830037448e-07 3.202736869281e-07 1.916260432934e-07 7.079493339853e-08 1.554442428999e-08 1.910707004426e-09 1.071682425182e-10 1.631024593015e-12 1.286419265622e-15 
3.646290963890e-09 6.022712815796e-08 1.916260432934e-07 2.813259524781e-07 1.762167133439e-07 6.943161272080e-08 1.489990789708e-08 1.464004645096e-09 4.110159340992e-11 7.144603808423e-14 
3.332467519743e-10 1.147235846567e-08 7.079493339853e-08 1.762167133439e-07 2.533246297685e-07 1.593107584299e-07 6.073626691533e-08 1.063755905243e-08 5.541665581892e-10 2.116400778160e-12 
2.014529442733e-11 1.388500904546e-09 1.554442428999e-08 6.943161272080e-08 1.593107584299e-07 2.316902728315e-07 1.414338708680e-07 4.605755185888e-08 4.687683844691e-09 4.136572171741e-11 
6.899217308853e-13 9.622701458444e-11 1.910707004426e-09 1.489990789708e-08 6.073626691533e-08 1.414338708680e-07 2.133964260603e-07 1.192256527192e-07 2.592845945585e-08 5.901998089540e-10 
1.010165517339e-14 2.972935967248e-12 1.071682425182e-10 1.464004645096e-09 1.063755905243e-08 4.605755185888e-08 1.192256527192e-07 1.941059395147e-07 8.873620586264e-08 6.282494435714e-09 
3.474657381934e-17 2.321015844037e-14 1.631024593015e-12 4.110159340992e-11 5.541665581892e-10 4.687683844691e-09 2.592845945585e-08 8.873620586264e-08 1.752324898131e-07 4.576584341228e-08 
4.478839031056e-21 7.885152763902e-18 1.286419265622e-15 7.144603808423e-14 2.116400778160e-12 4.136572171741e-11 5.901998089540e-10 6.282494435714e-09 4.576584341228e-08 1.256186250709e-07 
