9.973958497032e-08 3.155209334410e-08 6.142874995336e-09 7.913214068705e-10 7.171657077247e-11 4.240504516007e-12 1.405816435129e-13 1.963440062301e-15 6.317950138009e-18 7.337421694182e-22 
3.155209334410e-08 1.035797330976e-07 4.329086263339e-08 1.301696087619e-08 2.437561574618e-09 2.871885319986e-10 1.918316326746e-11 5.640482207271e-13 4.125257297924e-15 1.268520472346e-18 
6.142874995336e-09 4.329086263339e-08 9.142653628501e-08 4.095433792813e-08 1.480803802256e-08 3.157428251193e-09 3.731172040087e-10 1.990147981131e-11 2.839618500123e-13 2.033648293195e-16 
7.913214068705e-10 1.301696087619e-08 4.095433792813e-08 8.134833009472e-08 3.613329443724e-08 1.380117416695e-08 2.845511068581e-09 2.660704019327e-10 7.011309058468e-12 1.109349149864e-14 
7.171657077247e-11 2.437561574618e-09 1.480803802256e-08 3.613329443724e-08 7.320629950072e-08 3.083940149043e-08 1.130602034212e-08 1.887592725484e-09 9.249468986998e-11 3.223142470744e-13 
4.240504516007e-12 2.871885319986e-10 3.157428251193e-09 1.380117416695e-08 3.083940149043e-08 6.637041157526e-08 2.554817286966e-08 7.946321665521e-09 7.628783775894e-10 6.161275051255e-12 
1.405816435129e-13 1.918316326746e-11 3.731172040087e-10 2.845511068581e-09 1.130602034212e-08 2.554817286966e-08 6.047632368335e-08 1.988412142602e-08 4.088596610473e-09 8.549567306799e-11 
1.963440062301e-15 5.640482207271e-13 1.990147981131e-11 2.660704019327e-10 1.887592725484e-09 7.946321665521e-09 1.988412142602e-08 5.472862260105e-08 1.341398092182e-08 8.757472484156e-10 
6.317950138009e-18 4.125257297924e-15 2.839618500123e-13 7.011309058468e-12 9.249468986998e-11 7.628783775894e-10 4.088596610473e-09 1.341398092182e-08 4.912173812989e-08 6.036013127394e-09 
7.337421694182e-22 1.268520472346e-18 2.033648293195e-16 1.109349149864e-14 3.223142470744e-13 6.161275051255e-12 8.549567306799e-11 8.757472484156e-10 6.036013127394e-09 4.013188440197e-08 
