9.654834630345e-08 3.030883493631e-08 5.917423372449e-09 7.637187123622e-10 6.932900446190e-11 4.102917511085e-12 1.360835505708e-13 1.903458355197e-15 6.115832380654e-18 7.116552358712e-22 
3.030883493631e-08 1.007795579066e-07 4.176339916572e-08 1.257622494387e-08 2.358066758684e-09 2.779053238789e-10 1.858572073036e-11 5.466336677863e-13 3.993509710929e-15 1.229841627404e-18 
5.917423372449e-09 4.176339916572e-08 8.927136303426e-08 3.960967826512e-08 1.432813236606e-08 3.056856257217e-09 3.616679819100e-10 1.927485475612e-11 2.750418400281e-13 1.969994878909e-16 
7.637187123622e-10 1.257622494387e-08 3.960967826512e-08 7.962518209197e-08 3.497137598373e-08 1.337225930741e-08 2.757949128023e-09 2.575838847776e-10 6.795618189016e-12 1.073429761848e-14 
6.932900446190e-11 2.358066758684e-09 1.432813236606e-08 3.497137598373e-08 7.179940922809e-08 2.989512963608e-08 1.095093588327e-08 1.827511601389e-09 8.969396007399e-11 3.115159109812e-13 
4.102917511085e-12 2.779053238789e-10 3.056856257217e-09 1.337225930741e-08 2.989512963608e-08 6.517975369158e-08 2.473160318691e-08 7.699029207858e-09 7.397353766278e-10 5.949324952568e-12 
1.360835505708e-13 1.858572073036e-11 3.616679819100e-10 2.757949128023e-09 1.095093588327e-08 2.473160318691e-08 5.946241847043e-08 1.928240478937e-08 3.959837462851e-09 8.252786169032e-11 
1.903458355197e-15 5.466336677863e-13 1.927485475612e-11 2.575838847776e-10 1.827511601389e-09 7.699029207858e-09 1.928240478937e-08 5.390965149481e-08 1.296213379089e-08 8.460132998554e-10 
6.115832380654e-18 3.993509710929e-15 2.750418400281e-13 6.795618189016e-12 8.969396007399e-11 7.397353766278e-10 3.959837462851e-09 1.296213379089e-08 4.840461002702e-08 5.839907218123e-09 
7.116552358712e-22 1.229841627404e-18 1.969994878909e-16 1.073429761848e-14 3.115159109812e-13 5.949324952568e-12 8.252786169032e-11 8.460132998554e-10 5.839907218123e-09 3.970001099014e-08 
