1.468383740081e-07 4.905675828821e-08 9.279065431324e-09 1.173093964814e-09 1.050170369334e-10 6.162547441602e-12 2.030273879208e-13 2.839758605088e-15 9.149002172350e-18 1.082181197425e-21 
4.905675828821e-08 1.425724735595e-07 6.446890692423e-08 1.912677307098e-08 3.552092549683e-09 4.156923900355e-10 2.770140770758e-11 8.167302401657e-13 5.979764291165e-15 1.878832214663e-18 
9.279065431324e-09 6.446890692423e-08 1.212501076671e-07 5.979483276795e-08 2.148725284846e-08 4.560434874440e-09 5.394480546370e-10 2.882063226160e-11 4.127356249352e-13 3.021571919850e-16 
1.173093964814e-09 1.912677307098e-08 5.979483276795e-08 1.053897373817e-07 5.223139922255e-08 1.993209572695e-08 4.118939311562e-09 3.853675356583e-10 1.023406930136e-11 1.652004601058e-14 
1.050170369334e-10 3.552092549683e-09 2.148725284846e-08 5.223139922255e-08 9.318186787411e-08 4.461207217214e-08 1.637322406540e-08 2.737450814034e-09 1.357455960856e-10 4.808112288982e-13 
6.162547441602e-12 4.156923900355e-10 4.560434874440e-09 1.993209572695e-08 4.461207217214e-08 8.347456943040e-08 3.700698538975e-08 1.157140215223e-08 1.126630677729e-09 9.208435874905e-12 
2.030273879208e-13 2.770140770758e-11 5.394480546370e-10 4.118939311562e-09 1.637322406540e-08 3.700698538975e-08 7.511079433415e-08 2.918931146872e-08 6.074550272688e-09 1.282348981862e-10 
2.839758605088e-15 8.167302401657e-13 2.882063226160e-11 3.853675356583e-10 2.737450814034e-09 1.157140215223e-08 2.918931146872e-08 6.752251970794e-08 2.002270014282e-08 1.325516533546e-09 
9.149002172350e-18 5.979764291165e-15 4.127356249352e-13 1.023406930136e-11 1.357455960856e-10 1.126630677729e-09 6.074550272688e-09 2.002270014282e-08 5.971453860039e-08 9.334011073642e-09 
1.082181197425e-21 1.878832214663e-18 3.021571919850e-16 1.652004601058e-14 4.808112288982e-13 9.208435874905e-12 1.282348981862e-10 1.325516533546e-09 9.334011073642e-09 4.714043622412e-08 
