2.714386831438e-07 9.188065076022e-08 1.695857672695e-08 2.124774073419e-09 1.900661784054e-10 1.122801581686e-11 3.741912142509e-13 5.295665833403e-15 1.751746161348e-17 2.163912975330e-21 
9.188065076022e-08 2.378975769899e-07 1.169404727481e-07 3.460739057441e-08 6.450457535987e-09 7.624094905081e-10 5.132869052007e-11 1.535575259005e-12 1.156557559307e-14 3.787988023801e-18 
1.695857672695e-08 1.169404727481e-07 1.965555384331e-07 1.083928590283e-07 3.924348754666e-08 8.410831084111e-09 1.004862998697e-09 5.466850583101e-11 8.051872497228e-13 6.144252175074e-16 
2.124774073419e-09 3.460739057441e-08 1.083928590283e-07 1.689690031254e-07 9.607200286242e-08 3.696057000643e-08 7.726821781238e-09 7.379854246256e-10 2.012862696913e-11 3.390460143071e-14 
1.900661784054e-10 6.450457535987e-09 3.924348754666e-08 9.607200286242e-08 1.485298296270e-07 8.330988543541e-08 3.102554874969e-08 5.297619226385e-09 2.693452241116e-10 9.967844467977e-13 
1.122801581686e-11 7.624094905081e-10 8.410831084111e-09 3.696057000643e-08 8.330988543541e-08 1.326018424797e-07 7.106305637164e-08 2.265580767614e-08 2.259900555595e-09 1.930562242320e-11 
3.741912142509e-13 5.132869052007e-11 1.004862998697e-09 7.726821781238e-09 3.102554874969e-08 7.106305637164e-08 1.196726989945e-07 5.793482722709e-08 1.236977789676e-08 2.723359459179e-10 
5.295665833403e-15 1.535575259005e-12 5.466850583101e-11 7.379854246256e-10 5.297619226385e-09 2.265580767614e-08 5.793482722709e-08 1.077286610730e-07 4.166007561096e-08 2.859148636543e-09 
1.751746161348e-17 1.156557559307e-14 8.051872497228e-13 2.012862696913e-11 2.693452241116e-10 2.259900555595e-09 1.236977789676e-08 4.166007561096e-08 9.560255011626e-08 2.057617466170e-08 
2.163912975330e-21 3.787988023801e-18 6.144252175074e-16 3.390460143071e-14 9.967844467977e-13 1.930562242320e-11 2.723359459179e-10 2.859148636543e-09 2.057617466170e-08 7.173047591154e-08 
