2.535915086358e-07 8.583347688194e-08 1.585686397360e-08 1.985358482892e-09 1.774329607174e-10 1.045026398431e-11 3.481722128693e-13 4.926106785294e-15 1.618122428846e-17 1.982828422763e-21 
8.583347688194e-08 2.242709367239e-07 1.092908523010e-07 3.232011613449e-08 6.011206395689e-09 7.091426003621e-10 4.778650628070e-11 1.425050323199e-12 1.066095741995e-14 3.466944654445e-18 
1.585686397360e-08 1.092908523010e-07 1.854503166265e-07 1.010960432120e-07 3.651293852985e-08 7.826695443289e-09 9.348703800141e-10 5.061249089383e-11 7.409577259815e-13 5.617249899175e-16 
1.985358482892e-09 3.232011613449e-08 1.010960432120e-07 1.592052290515e-07 8.936948646243e-08 3.440726484670e-08 7.175456106217e-09 6.816955957682e-10 1.849488721584e-11 3.096248203989e-14 
1.774329607174e-10 6.011206395689e-09 3.651293852985e-08 8.936948646243e-08 1.402207780738e-07 7.746322628475e-08 2.873156522846e-08 4.882746115584e-09 2.471118873749e-10 9.093098327916e-13 
1.045026398431e-11 7.091426003621e-10 7.826695443289e-09 3.440726484670e-08 7.746322628475e-08 1.249636444909e-07 6.560308116983e-08 2.083445841588e-08 2.069926662952e-09 1.759294884529e-11 
3.481722128693e-13 4.778650628070e-11 9.348703800141e-10 7.175456106217e-09 2.873156522846e-08 6.560308116983e-08 1.123834042733e-07 5.314988053406e-08 1.130743745844e-08 2.479026958559e-10 
4.926106785294e-15 1.425050323199e-12 5.061249089383e-11 6.816955957682e-10 4.882746115584e-09 2.083445841588e-08 5.314988053406e-08 1.009607602169e-07 3.799286564620e-08 2.598549631431e-09 
1.618122428846e-17 1.066095741995e-14 7.409577259815e-13 1.849488721584e-11 2.471118873749e-10 2.069926662952e-09 1.130743745844e-08 3.799286564620e-08 8.951240036293e-08 1.863501145039e-08 
1.982828422763e-21 3.466944654445e-18 5.617249899175e-16 3.096248203989e-14 9.093098327916e-13 1.759294884529e-11 2.479026958559e-10 2.598549631431e-09 1.863501145039e-08 6.747415188044e-08 
