2.2226050681742434e-07 7.5281632738374145e-08 1.3951667822204439e-08 1.7463763449277219e-09 1.5573596591110032e-10 9.1459395286322226e-12 3.0298496708910183e-13 4.2707717877892034e-15 1.4003699995165258e-17 1.7003805626374201e-21 
7.5281632738374145e-08 2.0066276100517930e-07 9.6166331205921742e-08 2.8389952811241176e-08 5.2675170747964771e-09 6.1872600887546926e-10 4.1482196329749298e-11 1.2350399913891602e-12 9.2122155033482866e-15 2.9674376444554119e-18 
1.3951667822204439e-08 9.6166331205921742e-08 1.6637464364650108e-07 8.8653348828011590e-08 3.1921211640329707e-08 6.8088303446483785e-09 8.1067912918747195e-10 4.3840380462135592e-11 6.3918248163138562e-13 4.7991904434639629e-16 
1.7463763449277219e-09 2.8389952811241176e-08 8.8653348828011590e-08 1.4280333095894494e-07 7.7859504360866818e-08 2.9862741594627638e-08 6.2191943408641293e-09 5.8989596981268385e-10 1.5924675318953370e-11 2.6404599688291037e-14 
1.5573596591110032e-10 5.2675170747964771e-09 3.1921211640329707e-08 7.7859504360866818e-08 1.2546700088182416e-07 6.7155436369756644e-08 2.4888820516776298e-08 4.2184958154590579e-09 2.1231425796610359e-10 7.7393786930140556e-13 
9.1459395286322226e-12 6.1872600887546926e-10 6.8088303446483785e-09 2.9862741594627638e-08 6.7155436369756644e-08 1.1204138857544056e-07 5.6749196315727326e-08 1.7957851795899136e-08 1.7738210837640838e-09 1.4940679767723348e-11 
3.0298496708910183e-13 4.1482196329749298e-11 8.1067912918747195e-10 6.2191943408641293e-09 2.4888820516776298e-08 5.6749196315727326e-08 1.0082549906432944e-07 4.5661691764185078e-08 9.6581997932817734e-09 2.0995501225952198e-10 
4.2707717877892034e-15 1.2350399913891602e-12 4.3840380462135592e-11 5.8989596981268385e-10 4.2184958154590579e-09 1.7957851795899136e-08 4.5661691764185078e-08 9.0437565105996634e-08 3.2312683947292420e-08 2.1927431542888246e-09 
1.4003699995165258e-17 9.2122155033482866e-15 6.3918248163138562e-13 1.5924675318953370e-11 2.1231425796610359e-10 1.7738210837640838e-09 9.6581997932817734e-09 3.2312683947292420e-08 8.0038105687178231e-08 1.5646901977772816e-08 
1.7003805626374201e-21 2.9674376444554119e-18 4.7991904434639629e-16 2.6404599688291037e-14 7.7393786930140556e-13 1.4940679767723348e-11 2.0995501225952198e-10 2.1927431542888246e-09 1.5646901977772816e-08 6.0913715898327129e-08 
