9.2838637632509024e-08 2.8915025493387704e-08 5.6677267335637695e-09 7.3347220161985314e-10 6.6686783850876638e-11 3.9543270720405724e-12 1.3119764946717799e-13 1.8363260802488473e-15 5.9061467142291612e-18 6.8573871173662042e-22 
2.8915025493387704e-08 9.7674331755080997e-08 4.0084321582140416e-08 1.2091227290519888e-08 2.2709177791850859e-09 2.6795486144239850e-10 1.7917634983584894e-11 5.2788488414801461e-13 3.8523595141265695e-15 1.1859277563243895e-18 
5.6677267335637695e-09 4.0084321582140416e-08 8.6904602663538541e-08 3.8125337953770001e-08 1.3812129493572666e-08 2.9470912261996195e-09 3.4886358298325350e-10 1.8619570436850971e-11 2.6505305350874608e-13 1.9008723534075777e-16 
7.3347220161985314e-10 1.2091227290519888e-08 3.8125337953770001e-08 7.7766271335663593e-08 3.3719028907200571e-08 1.2892449956826459e-08 2.6625837618414711e-09 2.4872100956934314e-10 6.5451632323686838e-12 1.0360651308550000e-14 
6.6686783850876638e-11 2.2709177791850859e-09 1.3812129493572666e-08 3.3719028907200571e-08 7.0231707455688610e-08 2.8846026008163992e-08 1.0578392676568322e-08 1.7627957476271851e-09 8.6390801848407749e-11 3.0058078400261511e-13 
3.9543270720405724e-12 2.6795486144239850e-10 2.9470912261996195e-09 1.2892449956826459e-08 2.8846026008163992e-08 6.3920250020836057e-08 2.3875564833821372e-08 7.4175243755732535e-09 7.1297368871746067e-10 5.7341131688680498e-12 
1.3119764946717799e-13 1.7917634983584894e-11 3.4886358298325350e-10 2.6625837618414711e-09 1.0578392676568322e-08 2.3875564833821372e-08 5.8329380250669668e-08 1.8572838686041205e-08 3.8203456537217186e-09 7.9374332626503015e-11 
1.8363260802488473e-15 5.2788488414801461e-13 1.8619570436850971e-11 2.4872100956934314e-10 1.7627957476271851e-09 7.4175243755732535e-09 1.8572838686041205e-08 5.2996274686679970e-08 1.2500355547180829e-08 8.1129007753098575e-10 
5.9061467142291612e-18 3.8523595141265695e-15 2.6505305350874608e-13 6.5451632323686838e-12 8.6390801848407749e-11 7.1297368871746067e-10 3.8203456537217186e-09 1.2500355547180829e-08 4.7605186509932954e-08 5.5912555971705773e-09 
6.8573871173662042e-22 1.1859277563243895e-18 1.9008723534075777e-16 1.0360651308550000e-14 3.0058078400261511e-13 5.7341131688680498e-12 7.9374332626503015e-11 8.1129007753098575e-10 5.5912555971705773e-09 3.9215793270569133e-08 
