6.5387319302920449e-07 2.3400219648824454e-07 4.4884937950910485e-08 5.8757699292442743e-09 5.4956797283026293e-10 3.3882311240781697e-11 1.1860720334406319e-12 1.7722108904555853e-14 6.1305784085742442e-17 8.1992302374317252e-21 
2.3400219648824454e-07 5.7893140114394061e-07 3.1949886748925098e-07 9.8605191579538043e-08 1.9155614759219664e-08 2.3640086238876348e-09 1.6732450854891653e-10 5.2344603034800026e-12 4.1072917558180944e-14 1.4557792619056551e-17 
4.4884937950910485e-08 3.1949886748925098e-07 5.0486611453211269e-07 3.1833802034218595e-07 1.1960507801726656e-07 2.6766184831768744e-08 3.3464624057343617e-09 1.8890719091786196e-10 2.9026793634226561e-12 2.3900614322848092e-15 
5.8757699292442743e-09 9.8605191579538043e-08 3.1833802034218595e-07 4.5471205768600777e-07 3.0170399793667254e-07 1.2086247825344192e-07 2.6210330175788070e-08 2.5839948363209529e-09 7.3751414185090418e-11 1.3326820891304845e-13 
5.4956797283026293e-10 1.9155614759219664e-08 1.1960507801726656e-07 3.0170399793667254e-07 4.1913491845476566e-07 2.7964276627892002e-07 1.0705308975968845e-07 1.8841166750024702e-08 1.0048746245972461e-09 3.9526940085543805e-12 
3.3882311240781697e-11 2.3640086238876348e-09 2.6766184831768744e-08 1.2086247825344192e-07 2.7964276627892002e-07 3.8673783133664594e-07 2.4975879864143260e-07 8.2267130612880800e-08 8.6051063411696451e-09 7.7104721076338148e-11 
1.1860720334406319e-12 1.6732450854891653e-10 3.3464624057343617e-09 2.6210330175788070e-08 1.0705308975968845e-07 2.4975879864143260e-07 3.5777089535052894e-07 2.1629853624859192e-07 4.8152761199041117e-08 1.0932117747191405e-09 
1.7722108904555853e-14 5.2344603034800026e-12 1.8890719091786196e-10 2.5839948363209529e-09 1.8841166750024702e-08 8.2267130612880800e-08 2.1629853624859192e-07 3.3503910896316853e-07 1.6549573195466523e-07 1.1495776319256775e-08 
6.1305784085742442e-17 4.1072917558180944e-14 2.9026793634226561e-12 7.3751414185090418e-11 1.0048746245972461e-09 8.6051063411696451e-09 4.8152761199041117e-08 1.6549573195466523e-07 2.9890311005762547e-07 8.2469497977961409e-08 
8.1992302374317252e-21 1.4557792619056551e-17 2.3900614322848092e-15 1.3326820891304845e-13 3.9526940085543805e-12 7.7104721076338148e-11 1.0932117747191405e-09 1.1495776319256775e-08 8.2469497977961409e-08 2.0474735874821896e-07 
