5.785554201556e-08 1.427778825972e-08 2.924248472038e-09 3.917637150230e-10 3.662285447630e-11 2.222478617253e-12 7.509098383279e-14 1.070181486555e-15 3.484488820567e-18 4.087580025014e-22 
1.427778825972e-08 6.378243860330e-08 2.122667810572e-08 6.581805053773e-09 1.265909423312e-09 1.522160337253e-10 1.034948323667e-11 3.095014428834e-13 2.277996893291e-15 7.073068033267e-19 
2.924248472038e-09 2.122667810572e-08 6.003584075653e-08 2.112460808308e-08 7.794477298967e-09 1.688913480916e-09 2.029676213592e-10 1.095600847489e-11 1.570748325760e-13 1.133359733553e-16 
3.917637150230e-10 6.581805053773e-09 2.112460808308e-08 5.610525462134e-08 1.923968089984e-08 7.454607395904e-09 1.558555118748e-09 1.467369827430e-10 3.887445406779e-12 6.170478443244e-15 
3.662285447630e-11 1.265909423312e-09 7.794477298967e-09 1.923968089984e-08 5.245334069389e-08 1.682744573884e-08 6.222205451375e-09 1.042587833993e-09 5.141913183243e-11 1.786809799289e-13 
2.222478617253e-12 1.522160337253e-10 1.688913480916e-09 7.454607395904e-09 1.682744573884e-08 4.918846810073e-08 1.409504946374e-08 4.400146962612e-09 4.249970698691e-10 3.399657409559e-12 
7.509098383279e-14 1.034948323667e-11 2.029676213592e-10 1.558555118748e-09 6.222205451375e-09 1.409504946374e-08 4.605591832185e-08 1.105536937541e-08 2.276854408007e-09 4.689621937281e-11 
1.070181486555e-15 3.095014428834e-13 1.095600847489e-11 1.467369827430e-10 1.042587833993e-09 4.400146962612e-09 1.105536937541e-08 4.298622307750e-08 7.423877223282e-09 4.772398019001e-10 
3.484488820567e-18 2.277996893291e-15 1.570748325760e-13 3.887445406779e-12 5.141913183243e-11 4.249970698691e-10 2.276854408007e-09 7.423877223282e-09 3.964470287755e-08 3.267647029873e-09 
4.087580025014e-22 7.073068033267e-19 1.133359733553e-16 6.170478443244e-15 1.786809799289e-13 3.399657409559e-12 4.689621937281e-11 4.772398019001e-10 3.267647029873e-09 3.449875496080e-08 
