9.621219889476e-07 3.670991923931e-07 7.262865839490e-08 9.702552928154e-09 9.215355344890e-10 5.815239602713e-11 2.059778858157e-12 3.043349522129e-14 1.053521858948e-16 1.442144816852e-20 
3.670991923931e-07 9.147730314654e-07 5.252956094118e-07 1.644372980837e-07 3.257686951374e-08 4.095375210193e-09 2.892862083510e-10 8.959419452526e-12 7.097695934775e-14 2.567115896956e-17 
7.262865839490e-08 5.252956094118e-07 8.213523153855e-07 5.380002734691e-07 2.060809419118e-07 4.643892839650e-08 5.754764451668e-09 3.236170943586e-10 5.042901959456e-12 4.224009634176e-15 
9.702552928154e-09 1.644372980837e-07 5.380002734691e-07 7.612804046928e-07 5.235799781947e-07 2.088115287260e-07 4.490127208946e-08 4.442340149777e-09 1.287464093935e-10 2.360445393582e-13 
9.215355344890e-10 3.257686951374e-08 2.060809419118e-07 5.235799781947e-07 7.046140668657e-07 4.799609872276e-07 1.833604294252e-07 3.257434495458e-08 1.761827535538e-09 7.017362585311e-12 
5.815239602713e-11 4.095375210193e-09 4.643892839650e-08 2.088115287260e-07 4.799609872276e-07 6.419553601919e-07 4.299265550358e-07 1.432343164610e-07 1.514912265962e-08 1.372445289005e-10 
2.059778858157e-12 2.892862083510e-10 5.754764451668e-09 4.490127208946e-08 1.833604294252e-07 4.299265550358e-07 6.006290055026e-07 3.792828991450e-07 8.512881820957e-08 1.951604902683e-09 
3.043349522129e-14 8.959419452526e-12 3.236170943586e-10 4.442340149777e-09 3.257434495458e-08 1.432343164610e-07 3.792828991450e-07 5.696956524894e-07 2.940722916318e-07 2.057592444936e-08 
1.053521858948e-16 7.097695934775e-14 5.042901959456e-12 1.287464093935e-10 1.761827535538e-09 1.514912265962e-08 8.512881820957e-08 2.940722916318e-07 5.120772436715e-07 1.472308802653e-07 
1.442144816852e-20 2.567115896956e-17 4.224009634176e-15 2.360445393582e-13 7.017362585311e-12 1.372445289005e-10 1.951604902683e-09 2.057592444936e-08 1.472308802653e-07 3.331086628500e-07 
