7.900224220591e-08 2.328087157366e-08 4.626971732591e-09 6.050340765716e-10 5.544872819756e-11 3.306969414237e-12 1.103820124575e-13 1.549335874024e-15 5.000811252513e-18 5.800242040661e-22 
2.328087157366e-08 8.478877146268e-08 3.297817721583e-08 1.002997841509e-08 1.895105106788e-09 2.248822409364e-10 1.510286140535e-11 4.457585421891e-13 3.266034721041e-15 1.002023094103e-18 
4.626971732591e-09 3.297817721583e-08 7.684574674407e-08 3.176925489779e-08 1.156606136956e-08 2.480004067696e-09 2.943001634577e-10 1.574253335429e-11 2.247980427599e-13 1.605017036686e-16 
6.050340765716e-10 1.002997841509e-08 3.176925489779e-08 6.967451666261e-08 2.833966302801e-08 1.086864187359e-08 2.247848404454e-09 2.105898267827e-10 5.548757579801e-12 8.746066150264e-15 
5.544872819756e-11 1.895105106788e-09 1.156606136956e-08 2.833966302801e-08 6.362381124266e-08 2.434109199498e-08 8.942452073324e-09 1.494368547683e-09 7.316062892500e-11 2.537741148281e-13 
3.306969414237e-12 2.248822409364e-10 2.480004067696e-09 1.086864187359e-08 2.434109199498e-08 5.838286216194e-08 2.022327411937e-08 6.289860970852e-09 6.028810654866e-10 4.842641474895e-12 
1.103820124575e-13 1.510286140535e-11 2.943001634577e-10 2.247848404454e-09 8.942452073324e-09 2.022327411937e-08 5.375235227414e-08 1.572741853908e-08 3.226221259440e-09 6.703283649562e-11 
1.549335874024e-15 4.457585421891e-13 1.574253335429e-11 2.105898267827e-10 1.494368547683e-09 6.289860970852e-09 1.572741853908e-08 4.914949246734e-08 1.055513184883e-08 6.839837134824e-10 
5.000811252513e-18 3.266034721041e-15 2.247980427599e-13 5.548757579801e-12 7.316062892500e-11 6.028810654866e-10 3.226221259440e-09 1.055513184883e-08 4.457555540191e-08 4.682744569428e-09 
5.800242040661e-22 1.002023094103e-18 1.605017036686e-16 8.746066150264e-15 2.537741148281e-13 4.842641474895e-12 6.703283649562e-11 6.839837134824e-10 4.682744569428e-09 3.733331708185e-08 
