7.170014266280e-08 2.025281729849e-08 4.061134275178e-09 5.347183524289e-10 4.927961561736e-11 2.954180601714e-12 9.878299107390e-14 1.394527033201e-15 4.501766528625e-18 5.246399280645e-22 
2.025281729849e-08 7.779352519197e-08 2.909950972715e-08 8.896446662004e-09 1.690174975082e-09 2.010966647107e-10 1.354937435497e-11 4.018359300709e-13 2.937442073478e-15 9.072151963830e-19 
4.061134275178e-09 2.909950972715e-08 7.131432594337e-08 2.829463546286e-08 1.033670572003e-08 2.220341283252e-09 2.647116758294e-10 1.418655288901e-11 2.022571810020e-13 1.452991297128e-16 
5.347183524289e-10 8.896446662004e-09 2.829463546286e-08 6.525662809505e-08 2.535423981608e-08 9.754055917141e-09 2.025523769065e-09 1.895828641524e-10 4.999575657760e-12 7.908334321488e-15 
4.927961561736e-11 1.690174975082e-09 1.033670572003e-08 2.535423981608e-08 5.996843559326e-08 2.191425139974e-08 8.059254418089e-09 1.344309124597e-09 6.605442926854e-11 2.289839365145e-13 
2.954180601714e-12 2.010966647107e-10 2.220341283252e-09 9.754055917141e-09 2.191425139974e-08 5.540798000586e-08 1.820026367794e-08 5.662761863916e-09 5.453728415565e-10 4.357571058441e-12 
9.878299107390e-14 1.354937435497e-11 2.647116758294e-10 2.025523769065e-09 8.059254418089e-09 1.820026367794e-08 5.119236569808e-08 1.420145536392e-08 2.919083392620e-09 6.015006921026e-11 
1.394527033201e-15 4.018359300709e-13 1.418655288901e-11 1.895828641524e-10 1.344309124597e-09 5.662761863916e-09 1.420145536392e-08 4.716151746036e-08 9.515073659597e-09 6.130978326158e-10 
4.501766528625e-18 2.937442073478e-15 2.022571810020e-13 4.999575657760e-12 6.605442926854e-11 5.453728415565e-10 2.919083392620e-09 9.515073659597e-09 4.288886993006e-08 4.212272368932e-09 
5.246399280645e-22 9.072151963830e-19 1.452991297128e-16 7.908334321488e-15 2.289839365145e-13 4.357571058441e-12 6.015006921026e-11 6.130978326158e-10 4.212272368932e-09 3.638597890407e-08 
