5.785554201556e-08 1.427778825972e-08 2.924248472038e-09 3.917637150230e-10 3.662285447630e-11 2.222478617253e-12 7.509098383280e-14 1.070181486608e-15 3.484488890703e-18 4.087613684507e-22 
1.427778825972e-08 6.378243860330e-08 2.122667810572e-08 6.581805053773e-09 1.265909423312e-09 1.522160337253e-10 1.034948323670e-11 3.095014430562e-13 2.277997128039e-15 7.073185586372e-19 
2.924248472038e-09 2.122667810572e-08 6.003584075653e-08 2.112460808308e-08 7.794477298967e-09 1.688913480917e-09 2.029676213668e-10 1.095600852134e-11 1.570748970031e-13 1.133393749794e-16 
3.917637150230e-10 6.581805053773e-09 2.112460808308e-08 5.610525462134e-08 1.923968089984e-08 7.454607395952e-09 1.558555119365e-09 1.467369865644e-10 3.887450846181e-12 6.170786023998e-15 
3.662285447630e-11 1.265909423312e-09 7.794477298967e-09 1.923968089984e-08 5.245334069397e-08 1.682744574067e-08 6.222205475259e-09 1.042587984128e-09 5.141935293158e-11 1.786946919009e-13 
2.222478617253e-12 1.522160337253e-10 1.688913480917e-09 7.454607395952e-09 1.682744574067e-08 4.918846814121e-08 1.409504999786e-08 4.400150393898e-09 4.250023686747e-10 3.400032446129e-12 
7.509098383280e-14 1.034948323670e-11 2.029676213668e-10 1.558555119365e-09 6.222205475259e-09 1.409504999786e-08 4.605592549777e-08 1.105541704157e-08 2.276933801910e-09 4.690317642917e-11 
1.070181486608e-15 3.095014430562e-13 1.095600852134e-11 1.467369865644e-10 1.042587984128e-09 4.400150393898e-09 1.105541704157e-08 4.298656047427e-08 7.424530828468e-09 4.773268139315e-10 
3.484488890703e-18 2.277997128039e-15 1.570748970031e-13 3.887450846181e-12 5.141935293158e-11 4.250023686747e-10 2.276933801910e-09 7.424530828468e-09 3.964657169524e-08 3.268294632204e-09 
4.087613684507e-22 7.073185586372e-19 1.133393749794e-16 6.170786023998e-15 1.786946919009e-13 3.400032446129e-12 4.690317642917e-11 4.773268139315e-10 3.268294632204e-09 3.450001371272e-08 
