1.238857105722e-07 4.070955503193e-08 7.791975203278e-09 9.921816248288e-10 8.922205774828e-11 5.245929501681e-12 1.732561355860e-13 2.417276161906e-15 7.774951203211e-18 9.101639874877e-22 
4.070955503193e-08 1.240724699484e-07 5.443196146196e-08 1.623103884299e-08 3.021655472984e-09 3.544022828680e-10 2.362642094285e-11 6.941255084091e-13 5.082051685026e-15 1.575454169370e-18 
7.791975203278e-09 5.443196146196e-08 1.071178970862e-07 5.084201878176e-08 1.830132146287e-08 3.891113156120e-09 4.593860510727e-10 2.448636292889e-11 3.503749838357e-13 2.528217510269e-16 
9.921816248288e-10 1.623103884299e-08 5.084201878176e-08 9.392410393287e-08 4.455403561568e-08 1.699684989498e-08 3.502157149986e-09 3.274773513651e-10 8.666870532554e-12 1.380519863534e-14 
8.922205774828e-11 3.021655472984e-09 1.830132146287e-08 4.455403561568e-08 8.363211790614e-08 3.796479352514e-08 1.391098165386e-08 2.325861966972e-09 1.145558928891e-10 4.016283439381e-13 
5.245929501681e-12 3.544022828680e-10 3.891113156120e-09 1.699684989498e-08 3.796479352514e-08 7.516525293683e-08 3.145014304824e-08 9.812702018135e-09 9.466870880436e-10 7.692998659878e-12 
1.732561355860e-13 2.362642094285e-11 4.593860510727e-10 3.502157149986e-09 1.391098165386e-08 3.145014304824e-08 6.802198582904e-08 2.462849522937e-08 5.083761027381e-09 1.071135082669e-10 
2.417276161906e-15 6.941255084091e-13 2.448636292889e-11 3.274773513651e-10 2.325861966972e-09 9.812702018135e-09 2.462849522937e-08 6.115646472489e-08 1.672816882719e-08 1.103686781483e-09 
7.774951203211e-18 5.082051685026e-15 3.503749838357e-13 8.666870532554e-12 1.145558928891e-10 9.466870880436e-10 5.083761027381e-09 1.672816882719e-08 5.448429897018e-08 7.680433055264e-09 
9.101639874877e-22 1.575454169370e-18 2.528217510269e-16 1.380519863534e-14 4.016283439381e-13 7.692998659878e-12 1.071135082669e-10 1.103686781483e-09 7.680433055264e-09 4.357206442899e-08 
