1.191518212307e-07 3.895146778946e-08 7.476115847728e-09 9.536427262921e-10 8.587071956691e-11 5.054090160809e-12 1.668653372826e-13 2.331286196090e-15 7.484321500857e-18 8.769072686365e-22 
3.895146778946e-08 1.201455588554e-07 5.229862146810e-08 1.561355550149e-08 2.910442953854e-09 3.413676943640e-10 2.276767847241e-11 6.694144389022e-13 4.887975080424e-15 1.518065192283e-18 
7.476115847728e-09 5.229862146810e-08 1.041011882974e-07 4.895678672095e-08 1.763099476562e-08 3.748012462522e-09 4.429608107801e-10 2.359590211210e-11 3.369724942960e-13 2.435010776817e-16 
9.536427262921e-10 1.561355550149e-08 4.895678672095e-08 9.151906046155e-08 4.291278153285e-08 1.638034876144e-08 3.377521706678e-09 3.152489555241e-10 8.339276575399e-12 1.328223439847e-14 
8.587071956691e-11 2.910442953854e-09 1.763099476562e-08 4.291278153285e-08 8.161187743713e-08 3.661377923337e-08 1.340658442060e-08 2.237265513277e-09 1.103032398783e-10 3.858055597746e-13 
5.054090160809e-12 3.413676943640e-10 3.748012462522e-09 1.638034876144e-08 3.661377923337e-08 7.347670070920e-08 3.026723480903e-08 9.439307382125e-09 9.120047618407e-10 7.376008858674e-12 
1.668653372826e-13 2.276767847241e-11 4.429608107801e-10 3.377521706678e-09 1.340658442060e-08 3.026723480903e-08 6.650078163885e-08 2.371530554461e-08 4.894588194290e-09 1.025217937955e-10 
2.331286196090e-15 6.694144389022e-13 2.359590211210e-11 3.152489555241e-10 2.237265513277e-09 9.439307382125e-09 2.371530554461e-08 5.994560967050e-08 1.605910854860e-08 1.055849875487e-09 
7.484321500857e-18 4.887975080424e-15 3.369724942960e-13 8.339276575399e-12 1.103032398783e-10 9.120047618407e-10 4.894588194290e-09 1.605910854860e-08 5.335363152018e-08 7.361589486218e-09 
8.769072686365e-22 1.518065192283e-18 2.435010776817e-16 1.328223439847e-14 3.858055597746e-13 7.376008858674e-12 1.025217937955e-10 1.055849875487e-09 7.361589486218e-09 4.289986834077e-08 
