5.985574014443e-08 1.516080928329e-08 3.094779414599e-09 4.133600856226e-10 3.856200000523e-11 2.333399527141e-12 7.876417272980e-14 1.120155347588e-15 3.638514316899e-18 4.265443128079e-22 
1.516080928329e-08 6.587948336422e-08 2.241282560579e-08 6.935099440797e-09 1.330562215728e-09 1.596893137531e-10 1.084939783930e-11 3.234248840162e-13 2.380275906489e-15 7.372664207244e-19 
3.094779414599e-09 2.241282560579e-08 6.175383004811e-08 2.222101363577e-08 8.180648316730e-09 1.771356753065e-09 2.125099411987e-10 1.144077833699e-11 1.642042726545e-13 1.180314568672e-16 
4.133600856226e-10 6.935099440797e-09 2.222101363577e-08 5.749417267344e-08 2.018106640792e-08 7.813450054010e-09 1.629416453300e-09 1.532396651756e-10 4.063519268088e-12 6.422761316610e-15 
3.856200000523e-11 1.330562215728e-09 8.180648316730e-09 2.018106640792e-08 5.362729973170e-08 1.760817365122e-08 6.497932022152e-09 1.089405070143e-09 5.370881241842e-11 1.859869845589e-13 
2.333399527141e-12 1.596893137531e-10 1.771356753065e-09 7.813450054010e-09 1.760817365122e-08 5.012221941057e-08 1.472126877264e-08 4.599711082482e-09 4.433278693335e-10 3.541082458775e-12 
7.876417272980e-14 1.084939783930e-11 2.125099411987e-10 1.629416453300e-09 6.497932022152e-09 1.472126877264e-08 4.686505343099e-08 1.154700893556e-08 2.371425392544e-09 4.891920411277e-11 
1.120155347588e-15 3.234248840162e-13 1.144077833699e-11 1.532396651756e-10 1.089405070143e-09 4.599711082482e-09 1.154700893556e-08 4.360843089164e-08 7.730324395742e-09 4.987337404940e-10 
3.638514316899e-18 2.380275906489e-15 1.642042726545e-13 4.063519268088e-12 5.370881241842e-11 4.433278693335e-10 2.371425392544e-09 7.730324395742e-09 4.014855267868e-08 3.413661679241e-09 
4.265443128079e-22 7.372664207244e-19 1.180314568672e-16 6.422761316610e-15 1.859869845589e-13 3.541082458775e-12 4.891920411277e-11 4.987337404940e-10 3.413661679241e-09 3.476946743752e-08 
