6.204305172375e-08 1.612032930369e-08 3.279246972570e-09 4.367424487586e-10 4.063636448382e-11 2.452823674142e-12 8.272638594200e-14 1.172595594546e-15 3.808802350481e-18 4.448892907104e-22 
1.612032930369e-08 6.815012162694e-08 2.369581156033e-08 7.315394246861e-09 1.399706026701e-09 1.677929749506e-10 1.137827383901e-11 3.383062980075e-13 2.492317357573e-15 7.685319016399e-19 
3.279246972570e-09 2.369581156033e-08 6.360719563748e-08 2.339146560132e-08 8.597813490616e-09 1.859986117122e-09 2.225447863383e-10 1.196985882290e-11 1.718481362066e-13 1.230377765797e-16 
4.367424487586e-10 7.315394246861e-09 2.339146560132e-08 5.899107847154e-08 2.119989938514e-08 8.192729245665e-09 1.704733455459e-09 1.604024031837e-10 4.248289736443e-12 6.699002765590e-15 
4.063636448382e-11 1.399706026701e-09 8.597813490616e-09 2.119989938514e-08 5.487261849988e-08 1.843032885054e-08 6.798092245594e-09 1.140514942982e-09 5.607883373597e-11 1.941863552265e-13 
2.452823674142e-12 1.677929749506e-10 1.859986117122e-09 8.192729245665e-09 1.843032885054e-08 5.113193612896e-08 1.541136518989e-08 4.811636527435e-09 4.623540898878e-10 3.701874610071e-12 
8.272638594200e-14 1.137827383901e-11 2.225447863383e-10 1.704733455459e-09 6.798092245594e-09 1.541136518989e-08 4.773320751150e-08 1.205575171648e-08 2.472657650930e-09 5.119399282843e-11 
1.172595594546e-15 3.383062980075e-13 1.196985882290e-11 1.604024031837e-10 1.140514942982e-09 4.811636527435e-09 1.205575171648e-08 4.426405907779e-08 8.074347527570e-09 5.218181667837e-10 
3.808802350481e-18 2.492317357573e-15 1.718481362066e-13 4.248289736443e-12 5.607883373597e-11 4.623540898878e-10 2.472657650930e-09 8.074347527570e-09 4.070173457368e-08 3.562639288493e-09 
4.448892907104e-22 7.685319016399e-19 1.230377765797e-16 6.699002765590e-15 1.941863552265e-13 3.701874610071e-12 5.119399282843e-11 5.218181667837e-10 3.562639288493e-09 3.506288109145e-08 
