1.468415233749e-07 4.906295741541e-08 9.280399074327e-09 1.173169509386e-09 1.050181564434e-10 6.162550378498e-12 2.030273885903e-13 2.839758605234e-15 9.149002362199e-18 1.082190327553e-21 
4.906295741541e-08 1.425896369321e-07 6.447459095715e-08 1.912721226341e-08 3.552100239879e-09 4.156924120953e-10 2.770140771296e-11 8.167302406330e-13 5.979764926815e-15 1.878864113743e-18 
9.280399074327e-09 6.447459095715e-08 1.212528461057e-07 5.979509736961e-08 2.148725808918e-08 4.560434890601e-09 5.394480546616e-10 2.882063238728e-11 4.127357994653e-13 3.021664245490e-16 
1.173169509386e-09 1.912721226341e-08 5.979509736961e-08 1.053897666888e-07 5.223139985363e-08 1.993209572913e-08 4.118939313233e-09 3.853675460015e-10 1.023408404415e-11 1.652088049744e-14 
1.050181564434e-10 3.552100239879e-09 2.148725808918e-08 5.223139985363e-08 9.318186788871e-08 4.461207217714e-08 1.637322413002e-08 2.737451220581e-09 1.357461957119e-10 4.808483474687e-13 
6.162550378498e-12 4.156924120953e-10 4.560434890601e-09 1.993209572913e-08 4.461207217714e-08 8.347456953992e-08 3.700698683556e-08 1.157141144926e-08 1.126645056599e-09 9.209443368516e-12 
2.030273885903e-13 2.770140771296e-11 5.394480546616e-10 4.118939313233e-09 1.637322413002e-08 3.700698683556e-08 7.511081377147e-08 2.918944073003e-08 6.074765681655e-09 1.282531155668e-10 
2.839758605234e-15 8.167302406330e-13 2.882063238728e-11 3.853675460015e-10 2.737451220581e-09 1.157141144926e-08 2.918944073003e-08 6.752343556913e-08 2.002446164399e-08 1.325722652394e-09 
9.149002362199e-18 5.979764926815e-15 4.127357994653e-13 1.023408404415e-11 1.357461957119e-10 1.126645056599e-09 6.074765681655e-09 2.002446164399e-08 5.971919108214e-08 9.334957638475e-09 
1.082190327553e-21 1.878864113743e-18 3.021664245490e-16 1.652088049744e-14 4.808483474687e-13 9.209443368516e-12 1.282531155668e-10 1.325722652394e-09 9.334957638475e-09 4.714078058298e-08 
