8.108543679229e-08 2.413753167828e-08 4.785961828545e-09 6.247322553438e-10 5.715632352553e-11 3.406364030822e-12 1.135631111308e-13 1.592446698367e-15 5.142252854179e-18 5.955099437642e-22 
2.413753167828e-08 8.675654752237e-08 3.406691746930e-08 1.034457868211e-08 1.952394928138e-09 2.315160839226e-10 1.552599040460e-11 4.583475206377e-13 3.356159729674e-15 1.029494575065e-18 
4.785961828545e-09 3.406691746930e-08 7.838360305929e-08 3.273525179973e-08 1.191160737258e-08 2.551195465521e-09 3.025000746749e-10 1.619010756499e-11 2.308404452003e-13 1.650307056386e-16 
6.247322553438e-10 1.034457868211e-08 3.273525179973e-08 7.091746668928e-08 2.916542057342e-08 1.117279569354e-08 2.311043286057e-09 2.165274789714e-10 5.695329177141e-12 8.998836056493e-15 
5.715632352553e-11 1.952394928138e-09 1.191160737258e-08 2.916542057342e-08 6.461911613382e-08 2.502045255497e-08 9.196530396956e-09 1.535510298470e-09 7.509101846281e-11 2.612074811779e-13 
3.406364030822e-12 2.315160839226e-10 2.551195465521e-09 1.117279569354e-08 2.502045255497e-08 5.923928741423e-08 2.079093696037e-08 6.457585796000e-09 6.191461394066e-10 4.984373278649e-12 
1.135631111308e-13 1.552599040460e-11 3.025000746749e-10 2.311043286057e-09 9.196530396956e-09 2.079093696037e-08 5.444012274680e-08 1.614265429800e-08 3.317254837606e-09 6.895831722428e-11 
1.592446698367e-15 4.583475206377e-13 1.619010756499e-11 2.165274789714e-10 1.535510298470e-09 6.457585796000e-09 1.614265429800e-08 4.972967856390e-08 1.086300157041e-08 7.029263328556e-10 
5.142252854179e-18 3.356159729674e-15 2.308404452003e-13 5.695329177141e-12 7.509101846281e-11 6.191461394066e-10 3.317254837606e-09 1.086300157041e-08 4.503713297557e-08 4.811754728080e-09 
5.955099437642e-22 1.029494575065e-18 1.650307056386e-16 8.998836056493e-15 2.612074811779e-13 4.984373278649e-12 6.895831722428e-11 7.029263328556e-10 4.811754728080e-09 3.762173504254e-08 
