4.481960161167e-09 2.966990865429e-09 3.346457192795e-09 3.575234516679e-09 3.739455107735e-09 3.870013056770e-09 3.981892310183e-09 4.084885033932e-09 4.189404241325e-09 4.332482648161e-09 
2.966990865429e-09 7.756447384716e-09 6.272677340387e-09 6.934482994639e-09 7.409661634612e-09 7.786874315943e-09 8.110132534717e-09 8.407736976201e-09 8.709755244502e-09 9.123239904438e-09 
3.346457192795e-09 6.272677340387e-09 1.042539622449e-08 8.981815397516e-09 9.780482305114e-09 1.041215007600e-08 1.095264130194e-08 1.145026187361e-08 1.195529723860e-08 1.264676818017e-08 
3.575234516679e-09 6.934482994639e-09 8.981815397516e-09 1.303873981523e-08 1.166661693112e-08 1.259590720234e-08 1.338705870992e-08 1.411420003356e-08 1.485220558880e-08 1.586275697006e-08 
3.739455107735e-09 7.409661634612e-09 9.780482305114e-09 1.166661693112e-08 1.576139678077e-08 1.450848953370e-08 1.560445552781e-08 1.660593993245e-08 1.762099198984e-08 1.901128023916e-08 
3.870013056770e-09 7.786874315943e-09 1.041215007600e-08 1.259590720234e-08 1.450848953370e-08 1.871597125552e-08 1.763701304633e-08 1.896702066333e-08 2.030601294521e-08 2.213941629833e-08 
3.981892310183e-09 8.110132534717e-09 1.095264130194e-08 1.338705870992e-08 1.560445552781e-08 1.763701304633e-08 2.204109734403e-08 2.123970570900e-08 2.296899174499e-08 2.531987235180e-08 
4.084885033932e-09 8.407736976201e-09 1.145026187361e-08 1.411420003356e-08 1.660593993245e-08 1.896702066333e-08 2.123970570900e-08 2.601425823355e-08 2.573426751579e-08 2.871289548671e-08 
4.189404241325e-09 8.709755244502e-09 1.195529723860e-08 1.485220558880e-08 1.762099198984e-08 2.030601294521e-08 2.296899174499e-08 2.573426751579e-08 3.131403519734e-08 3.270698620615e-08 
4.332482648161e-09 9.123239904438e-09 1.264676818017e-08 1.586275697006e-08 1.901128023916e-08 2.213941629833e-08 2.531987235180e-08 2.871289548671e-08 3.270698620615e-08 4.149695557843e-08 
