2.541340968806e-09 4.928564705403e-12 5.762947626437e-12 6.268358769918e-12 6.631045475404e-12 6.919367492182e-12 7.166444251612e-12 7.393896684040e-12 7.624720360014e-12 7.940721276479e-12 
4.928564705403e-12 2.548581885667e-09 1.284891167434e-11 1.460279519176e-11 1.586168915750e-11 1.686025496886e-11 1.771601366250e-11 1.850389149350e-11 1.930345872199e-11 2.039817433851e-11 
5.762947626437e-12 1.284891167434e-11 2.555873163396e-09 2.059326726665e-11 2.293720288614e-11 2.478746820603e-11 2.636976801010e-11 2.782662493614e-11 2.930523495755e-11 3.132976347078e-11 
6.268358769918e-12 1.460279519176e-11 2.059326726665e-11 2.563762478710e-09 2.894824493393e-11 3.186911451450e-11 3.435117081144e-11 3.663129971389e-11 3.894557312027e-11 4.211469425997e-11 
6.631045475404e-12 1.586168915750e-11 2.293720288614e-11 2.894824493393e-11 2.572537201632e-09 3.831516681523e-11 4.194006536520e-11 4.524663535258e-11 4.859689948918e-11 5.318617608575e-11 
6.919367492182e-12 1.686025496886e-11 2.478746820603e-11 3.186911451450e-11 3.831516681523e-11 2.582517398173e-09 4.906474455238e-11 5.363558178746e-11 5.822957006660e-11 6.452000751027e-11 
7.166444251612e-12 1.771601366250e-11 2.636976801010e-11 3.435117081144e-11 4.194006536520e-11 4.906474455238e-11 2.594158108917e-09 6.185059207368e-11 6.797361942031e-11 7.628718436995e-11 
7.393896684040e-12 1.850389149350e-11 2.782662493614e-11 3.663129971389e-11 4.524663535258e-11 5.363558178746e-11 6.185059207368e-11 2.608489298539e-09 7.824888920230e-11 8.905380524435e-11 
7.624720360014e-12 1.930345872199e-11 2.930523495755e-11 3.894557312027e-11 4.859689948918e-11 5.822957006660e-11 6.797361942031e-11 7.824888920230e-11 2.628138962060e-09 1.043101804417e-10 
7.940721276479e-12 2.039817433851e-11 3.132976347078e-11 4.211469425997e-11 5.318617608575e-11 6.452000751027e-11 7.628718436995e-11 8.905380524435e-11 1.043101804417e-10 2.666950052724e-09 
