2.619993372218e-09 1.239144159292e-10 1.393407945557e-10 1.486359541212e-10 1.553083331215e-10 1.606130013328e-10 1.651587327925e-10 1.693433985915e-10 1.735900929131e-10 1.794052995665e-10 
1.239144159292e-10 2.752979098458e-09 2.560317842472e-10 2.820350324700e-10 3.007035951509e-10 3.155235058875e-10 3.282235145402e-10 3.399156395687e-10 3.517811901910e-10 3.680296853660e-10 
1.393407945557e-10 2.560317842472e-10 2.857355889379e-09 3.613108444077e-10 3.922396292768e-10 4.166982420545e-10 4.376245081366e-10 4.568906168457e-10 4.764439139786e-10 5.032204795457e-10 
1.486359541212e-10 2.820350324700e-10 3.613108444077e-10 2.958220281658e-09 4.645648188845e-10 5.002687797796e-10 5.306523134013e-10 5.585711987664e-10 5.869070578307e-10 6.257142493354e-10 
1.553083331215e-10 3.007035951509e-10 3.922396292768e-10 4.645648188845e-10 3.062684391178e-09 5.735197934572e-10 6.155437787766e-10 6.539050518099e-10 6.927727632232e-10 7.460195058458e-10 
1.606130013328e-10 3.155235058875e-10 4.166982420545e-10 5.002687797796e-10 5.735197934572e-10 3.176182737045e-09 6.939557678822e-10 7.451334862458e-10 7.965460447898e-10 8.669401583092e-10 
1.651587327925e-10 3.282235145402e-10 4.376245081366e-10 5.306523134013e-10 6.155437787766e-10 6.939557678822e-10 3.305000318051e-09 8.342350498930e-10 9.012486037573e-10 9.920685572194e-10 
1.693433985915e-10 3.399156395687e-10 4.568906168457e-10 5.585711987664e-10 6.539050518099e-10 7.451334862458e-10 8.342350498930e-10 3.461567001559e-09 1.012635157777e-09 1.128744468538e-09 
1.735900929131e-10 3.517811901910e-10 4.764439139786e-10 5.869070578307e-10 6.927727632232e-10 7.965460447898e-10 9.012486037573e-10 1.012635157777e-09 3.676902850865e-09 1.296537505996e-09 
1.794052995665e-10 3.680296853660e-10 5.032204795457e-10 6.257142493354e-10 7.460195058458e-10 8.669401583092e-10 9.920685572194e-10 1.128744468538e-09 1.296537505996e-09 4.113514377332e-09 
