2.541141747901e-09 4.589015877670e-12 5.367634320190e-12 5.839314346320e-12 6.177790984624e-12 6.446866052275e-12 6.677449385583e-12 6.889718485790e-12 7.105134058343e-12 7.400118304503e-12 
4.589015877670e-12 2.547899279796e-09 1.198996206809e-11 1.363199340056e-11 1.481055593317e-11 1.574536305682e-11 1.654648316010e-11 1.728405811426e-11 1.803257703624e-11 1.905759976630e-11 
5.367634320190e-12 1.198996206809e-11 2.554729943773e-09 1.925353270844e-11 2.145372036535e-11 2.319033629970e-11 2.467540408700e-11 2.604273852420e-11 2.743049302000e-11 2.933092839320e-11 
5.839314346320e-12 1.363199340056e-11 1.925353270844e-11 2.562142202044e-09 2.711134810077e-11 2.985968390487e-11 3.219484479992e-11 3.433995151539e-11 3.651718917652e-11 3.949907473168e-11 
6.177790984624e-12 1.481055593317e-11 2.145372036535e-11 2.711134810077e-11 2.570407168697e-09 3.594290899490e-11 3.936116490590e-11 4.247889209168e-11 4.563775691386e-11 4.996539392752e-11 
6.446866052275e-12 1.574536305682e-11 2.319033629970e-11 2.985968390487e-11 3.594290899490e-11 2.579828317430e-09 4.609873889546e-11 5.041735680242e-11 5.475727758871e-11 6.070042757103e-11 
6.677449385583e-12 1.654648316010e-11 2.467540408700e-11 3.219484479992e-11 3.936116490590e-11 4.609873889546e-11 2.590838261935e-09 5.820182922848e-11 6.399660868651e-11 7.186440744667e-11 
6.889718485790e-12 1.728405811426e-11 2.604273852420e-11 3.433995151539e-11 4.247889209168e-11 5.041735680242e-11 5.820182922848e-11 2.604418129315e-09 7.374998725013e-11 8.399096855269e-11 
7.105134058343e-12 1.803257703624e-11 2.743049302000e-11 3.651718917652e-11 4.563775691386e-11 5.475727758871e-11 6.399660868651e-11 7.374998725013e-11 2.623070120369e-09 9.850617129276e-11 
7.400118304503e-12 1.905759976630e-11 2.933092839320e-11 3.949907473168e-11 4.996539392752e-11 6.070042757103e-11 7.186440744667e-11 8.399096855269e-11 9.850617129276e-11 2.659989300259e-09 
