2.563488746318e-09 4.024350241609e-11 4.600934244383e-11 4.948828136237e-11 5.198554124372e-11 5.397090014477e-11 5.567221765230e-11 5.723840017814e-11 5.882779571163e-11 6.100361587556e-11 
4.024350241609e-11 2.613329228060e-09 9.147668148086e-11 1.019281847897e-10 1.094335478883e-10 1.153918279260e-10 1.204978595577e-10 1.251986626716e-10 1.299691829304e-10 1.365004687985e-10 
4.600934244383e-11 9.147668148086e-11 2.655690450433e-09 1.346887842590e-10 1.474358951665e-10 1.575198125729e-10 1.661487025164e-10 1.740930859527e-10 1.821558160510e-10 1.931950453252e-10 
4.948828136237e-11 1.019281847897e-10 1.346887842590e-10 2.697440138162e-09 1.775705855741e-10 1.923956160646e-10 2.050198868088e-10 2.166231682996e-10 2.283997051208e-10 2.445254142962e-10 
5.198554124372e-11 1.094335478883e-10 1.474358951665e-10 1.775705855741e-10 2.740800192334e-09 2.227341945440e-10 2.401370409941e-10 2.560419784762e-10 2.721622480718e-10 2.942417120748e-10 
5.397090014477e-11 1.153918279260e-10 1.575198125729e-10 1.923956160646e-10 2.227341945440e-10 2.787593224926e-09 2.721666320177e-10 2.931751572640e-10 3.143232953699e-10 3.432788178558e-10 
5.567221765230e-11 1.204978595577e-10 1.661487025164e-10 2.050198868088e-10 2.401370409941e-10 2.721666320177e-10 2.839999467989e-09 3.288535498439e-10 3.560462017136e-10 3.929909750312e-10 
5.723840017814e-11 1.251986626716e-10 1.740930859527e-10 2.166231682996e-10 2.560419784762e-10 2.931751572640e-10 3.288535498439e-10 2.902462983590e-09 3.994513465753e-10 4.460446921357e-10 
5.882779571163e-11 1.299691829304e-10 1.821558160510e-10 2.283997051208e-10 2.721622480718e-10 3.143232953699e-10 3.560462017136e-10 3.994513465753e-10 2.985915125174e-09 5.089305612816e-10 
6.100361587556e-11 1.365004687985e-10 1.931950453252e-10 2.445254142962e-10 2.942417120748e-10 3.432788178558e-10 3.929909750312e-10 4.460446921357e-10 5.089305612816e-10 3.147720479733e-09 
