2.575833018414e-09 5.901361247834e-11 6.708895347012e-11 7.195830740641e-11 7.545371019634e-11 7.823262204357e-11 8.061395696789e-11 8.280614274505e-11 8.503081963983e-11 8.807627920275e-11 
5.901361247834e-11 2.645571206178e-09 1.297366067905e-10 1.439396475493e-10 1.541385426855e-10 1.622355219096e-10 1.691743205886e-10 1.755624219431e-10 1.820452630056e-10 1.909208027833e-10 
6.708895347012e-11 1.297366067905e-10 2.702878089331e-09 1.878413731586e-10 2.049302054002e-10 2.184498365544e-10 2.300188398907e-10 2.406700582630e-10 2.514799382678e-10 2.662803801908e-10 
7.195830740641e-11 1.439396475493e-10 1.878413731586e-10 2.758667052607e-09 2.449578587730e-10 2.646896212791e-10 2.814924894470e-10 2.969361962805e-10 3.126104292238e-10 3.340732030881e-10 
7.545371019634e-11 1.541385426855e-10 2.049302054002e-10 2.449578587730e-10 2.816260766171e-09 3.048483987329e-10 3.279237806693e-10 3.490106730345e-10 3.703817959094e-10 3.996533016377e-10 
7.823262204357e-11 1.622355219096e-10 2.184498365544e-10 2.646896212791e-10 3.048483987329e-10 2.878247212497e-09 3.702886796077e-10 3.980957374769e-10 4.260772993118e-10 4.643877723046e-10 
8.061395696789e-11 1.691743205886e-10 2.300188398907e-10 2.814924894470e-10 3.279237806693e-10 3.702886796077e-10 2.947626436781e-09 4.453376897816e-10 4.813041882990e-10 5.301402512720e-10 
8.280614274505e-11 1.755624219431e-10 2.406700582630e-10 2.969361962805e-10 3.490106730345e-10 3.980957374769e-10 4.453376897816e-10 3.030435617995e-09 5.390070242906e-10 6.006092464442e-10 
8.503081963983e-11 1.820452630056e-10 2.514799382678e-10 3.126104292238e-10 3.703817959094e-10 4.260772993118e-10 4.813041882990e-10 5.390070242906e-10 3.141627989958e-09 6.848617706936e-10 
8.807627920275e-11 1.909208027833e-10 2.662803801908e-10 3.340732030881e-10 3.996533016377e-10 4.643877723046e-10 5.301402512720e-10 6.006092464442e-10 6.848617706936e-10 3.359385437813e-09 
