-1.1173286404637417e-08 2.0806265951830239e-08 2.9107513532322189e-08 3.4053532699012217e-08 3.7592319527041266e-08 4.0401268354188407e-08 4.2807404427687751e-08 4.5022339823485885e-08 4.7270111350445725e-08 5.0348439309150085e-08 
-5.5762366731275278e-08 -2.9424558782680526e-09 1.0755262686980869e-08 1.9150462552942901e-08 2.5178208762418325e-08 2.9899142321289186e-08 3.3912645439330218e-08 3.7601461102328686e-08 4.1344423398794231e-08 4.6470362308824608e-08 
-8.6615999706544548e-08 -1.9409604471041205e-08 -2.4882160549523679e-09 8.0166797945905949e-09 1.5954308606675163e-08 2.2182227852828343e-08 2.7357022462404390e-08 3.2060826717918202e-08 3.6823675923160237e-08 4.3345302544736555e-08 
-1.1469465855915158e-07 -3.4613955913212528e-08 -1.4538391479846136e-08 -2.6296573754847648e-09 6.5590805218556555e-09 1.4195610573752618e-08 2.0570466990092995e-08 2.6233739493677882e-08 3.1901947045813348e-08 3.9649318521164770e-08 
-1.4435501935472997e-07 -5.0379099084313950e-08 -2.6447514959938346e-08 -1.2572539829356678e-08 -2.5171836256682706e-09 6.0710376420630199e-09 1.3749299075552363e-08 2.0633459242471940e-08 2.7347484261324896e-08 3.6428352644831505e-08 
-1.7322487111329780e-07 -6.6183291528099673e-08 -3.8659760877542677e-08 -2.2486157605343776e-08 -1.1248302848337430e-08 -2.2546393762886487e-09 6.1154031744891030e-09 1.4259712388020646e-08 2.2199796928521502e-08 3.2592279548863140e-08 
-1.9783953104509344e-07 -8.0784538166626584e-08 -5.0610064436029495e-08 -3.2651291530683051e-08 -2.0039755056021814e-08 -1.0455689937009551e-08 -2.2219537515859002e-09 6.2812491026931091e-09 1.5511221377647790e-08 2.7203225357052542e-08 
-2.2104665278879135e-07 -9.5355076884768987e-08 -6.2942718611461761e-08 -4.3574590200966759e-08 -2.9741198765323082e-08 -1.9040980919466111e-08 -1.0491770519348909e-08 -2.7992513661312133e-09 6.7216418257075266e-09 2.0430683024173888e-08 
-2.5932979018203867e-07 -1.1768202698625105e-07 -8.1154046821016603e-08 -5.9315110273421396e-08 -4.3638642539216042e-08 -3.1225382471438791e-08 -2.0887820047416518e-08 -1.2404944403930479e-08 -4.6033278400826374e-09 1.1297471773466145e-08 
-3.5521606270397716e-07 -1.7090842424025792e-07 -1.2337914909669952e-07 -9.4962356607387045e-08 -7.4556765437893698e-08 -5.8333246591532171e-08 -4.4443878236821861e-08 -3.1815023251245816e-08 -2.0355250972354472e-08 -6.1485420277529962e-09 
