6.739290479674e-10 1.713755376208e-09 2.351476300864e-09 2.768946692191e-09 3.071796141669e-09 3.312603789648e-09 3.518914960550e-09 3.708833339282e-09 3.901566584508e-09 4.165497799442e-09 
5.451027491894e-11 4.429169246129e-10 1.058293706991e-09 1.644227723022e-09 2.118497012399e-09 2.500441854905e-09 2.826846869102e-09 3.127059119672e-09 3.431695367216e-09 3.848874931631e-09 
3.339714709003e-12 6.931560468783e-11 3.204434709471e-10 7.625138868785e-10 1.256739473271e-09 1.696641074006e-09 2.075187575150e-09 2.421873807847e-09 2.773274376337e-09 3.254453494971e-09 
-1.391914622314e-13 1.313472497549e-12 4.468212274604e-11 2.350252897768e-10 6.004082935851e-10 1.031779248005e-09 1.439450588868e-09 1.815600200071e-09 2.195060311598e-09 2.714109607090e-09 
-5.947438246722e-14 -1.841570900481e-12 -4.998596140235e-12 3.124430869805e-11 1.929312936720e-10 5.049344468579e-10 8.953233175009e-10 1.291696070974e-09 1.692175331106e-09 2.236707998949e-09 
-5.575836732048e-15 -3.483226686901e-13 -3.009006585439e-12 -5.863525347692e-12 2.337654335445e-11 1.554969906663e-10 4.362016967824e-10 8.207857907304e-10 1.241979923631e-09 1.807262055456e-09 
-2.150410556436e-16 -2.754429433314e-14 -4.910841333454e-13 -3.213550265500e-12 -8.502989541077e-12 5.741900165810e-12 1.123193786259e-10 3.898631100504e-10 8.144435727421e-10 1.405541519113e-09 
-3.313416278632e-18 -9.715133614289e-16 -3.507111430696e-14 -4.759649308445e-13 -3.346042798613e-12 -1.288949953244e-11 -1.959934014633e-11 5.539764735661e-11 3.726802306287e-10 1.006122700602e-09 
-1.368009268119e-20 -9.640768236238e-18 -7.140001494618e-16 -1.904646908540e-14 -2.743699292730e-13 -2.512081243524e-12 -1.512156815819e-11 -5.262807508490e-11 -2.632478142099e-11 5.422022358498e-10 
-2.711584448033e-24 -5.206172720484e-21 -9.251759210310e-19 -5.601410710489e-17 -1.812197449758e-15 -3.887919911265e-14 -6.156416164864e-13 -7.401626820333e-12 -6.093314146118e-11 -9.057951043057e-12 
