-2.2830662920855790e-09 4.6824654046871458e-09 6.4892735644402017e-09 7.5652018615914516e-09 8.3353066060731385e-09 8.9467928284001006e-09 9.4706367713453644e-09 9.9528591357663695e-09 1.0442230651213792e-08 1.1112426120289993e-08 
-1.0229984243058360e-08 -3.4849185150035216e-10 2.2185024895373176e-09 3.7872170093649716e-09 4.9118722711850470e-09 5.7937197689921112e-09 6.5441544127517495e-09 7.2340702504838449e-09 7.9341368883533672e-09 8.8928707911158544e-09 
-1.4424560639621509e-08 -3.1412745773727627e-09 -2.9714106919353228e-10 1.4706488469388322e-09 2.8032683811327753e-09 3.8465288375557609e-09 4.7139887529865155e-09 5.5034948737901432e-09 6.3032153566132199e-09 7.3982861948115217e-09 
-1.7646083793439288e-08 -5.2545302749800287e-09 -2.1515220782238197e-09 -3.0549105980950409e-10 1.1243520070766108e-09 2.3071416483457683e-09 3.2904257529355929e-09 4.1651969478412483e-09 5.0421741009865269e-09 6.2411903047674816e-09 
-2.0479147722677957e-08 -7.0918537011044917e-09 -3.6865632527973626e-09 -1.7125913741964526e-09 -2.7359861825193412e-10 9.5689878499751385e-10 2.0495644767644047e-09 3.0269659932953487e-09 3.9824651761927484e-09 5.2760976334496091e-09 
-2.3207148808453384e-08 -8.8428106920599258e-09 -5.1503439627503409e-09 -2.9820643453487052e-09 -1.4735660886326569e-09 -2.6224951518287837e-10 8.6293792240330033e-10 1.9538082384502344e-09 3.0180521994056465e-09 4.4125493692603263e-09 
-2.6023525988608508e-08 -1.0624666372693943e-08 -6.6552196076010598e-09 -4.2929741933980250e-09 -2.6340106583883359e-09 -1.3723584574169984e-09 -2.8862540918473905e-10 8.2884075982137343e-10 2.0428578957913934e-09 3.5813840169981165e-09 
-2.9201649927604319e-08 -1.2598989785809837e-08 -8.3176261172077940e-09 -5.7592725813535339e-09 -3.9319189845711467e-09 -2.5181847396170891e-09 -1.3888199934276228e-09 -3.7409838523502602e-10 8.8347037491872751e-10 2.6954411375967790e-09 
-3.3985028405530105e-08 -1.5415769861761533e-08 -1.0627148602048256e-08 -7.7641818482596039e-09 -5.7090851851747445e-09 -4.0818361765084293e-09 -2.7271797874336029e-09 -1.6171700571033249e-09 -5.9283915194172390e-10 1.4969670580959026e-09 
-4.4390171906286072e-08 -2.1346004947567694e-08 -1.5403372748851769e-08 -1.1850393136069088e-08 -9.2990622253463536e-09 -7.2706259593709324e-09 -5.5341185622465991e-09 -3.9560862928267644e-09 -2.5283598779467219e-09 -7.4620058896279214e-10 
