4.495817623023e-07 1.541034069370e-07 2.864415821920e-08 3.646593869193e-09 3.332756131739e-10 2.014778542638e-11 6.899731003662e-13 1.010176334316e-14 3.474657689303e-17 4.478839031057e-21 
1.541034069370e-07 3.816896878715e-07 1.997028609664e-07 6.023170552829e-08 1.147366076128e-08 1.388644924097e-09 9.623050010005e-11 2.972944329581e-12 2.321015869921e-14 7.885152763902e-18 
2.864415821920e-08 1.997028609664e-07 3.202951530777e-07 1.916457389657e-07 7.080330828057e-08 1.554549746450e-08 1.910736395633e-09 1.071683198459e-10 1.631024595556e-12 1.286419265622e-15 
3.646593869193e-09 6.023170552829e-08 1.916457389657e-07 2.813565606365e-07 1.762322220765e-07 6.943390220517e-08 1.489997836624e-08 1.464004846675e-09 4.110159341692e-11 7.144603808423e-14 
3.332756131739e-10 1.147366076128e-08 7.080330828057e-08 1.762322220765e-07 2.533337500144e-07 1.593122917451e-07 6.073631911131e-08 1.063755921294e-08 5.541665581951e-10 2.116400778160e-12 
2.014778542638e-11 1.388644924097e-09 1.554549746450e-08 6.943390220517e-08 1.593122917451e-07 2.316905593317e-07 1.414338814336e-07 4.605755189336e-08 4.687683844693e-09 4.136572171741e-11 
6.899731003662e-13 9.623050010005e-11 1.910736395633e-09 1.489997836624e-08 6.073631911131e-08 1.414338814336e-07 2.133964264750e-07 1.192256527206e-07 2.592845945585e-08 5.901998089540e-10 
1.010176334316e-14 2.972944329581e-12 1.071683198459e-10 1.464004846675e-09 1.063755921294e-08 4.605755189336e-08 1.192256527206e-07 1.941059395147e-07 8.873620586264e-08 6.282494435714e-09 
3.474657689303e-17 2.321015869921e-14 1.631024595556e-12 4.110159341692e-11 5.541665581951e-10 4.687683844693e-09 2.592845945585e-08 8.873620586264e-08 1.752324898131e-07 4.576584341228e-08 
4.478839031057e-21 7.885152763902e-18 1.286419265622e-15 7.144603808423e-14 2.116400778160e-12 4.136572171741e-11 5.901998089540e-10 6.282494435714e-09 4.576584341228e-08 1.256186250709e-07 
