6.447413587516e-08 1.717024213527e-08 3.479710117043e-09 4.620936786891e-10 4.286172408068e-11 2.582857437449e-12 8.694335045942e-14 1.228823084292e-15 3.993934898138e-18 4.645247530868e-22 
1.717024213527e-08 7.061976452310e-08 2.508934006294e-08 7.724360976586e-09 1.474502088968e-09 1.765423398763e-10 1.193681763749e-11 3.546217186466e-13 2.611073730759e-15 8.029033632507e-19 
3.479710117043e-09 2.508934006294e-08 6.560333730755e-08 2.465172199646e-08 9.051163167050e-09 1.954260228852e-09 2.332685855658e-10 1.255167134448e-11 1.798073254193e-13 1.286612192085e-16 
4.620936786891e-10 7.724360976586e-09 2.465172199646e-08 6.061909558213e-08 2.229211484938e-08 8.593770248744e-09 1.786776802429e-09 1.681731896635e-10 4.439870030446e-12 7.012345269716e-15 
4.286172408068e-11 1.474502088968e-09 9.051163167050e-09 2.229211484938e-08 5.618788595462e-08 1.931547014167e-08 7.128186525866e-09 1.194672399275e-09 5.856543946434e-11 2.034297836485e-13 
2.582857437449e-12 1.765423398763e-10 1.954260228852e-09 8.593770248744e-09 1.931547014167e-08 5.224290028172e-08 1.615584212786e-08 5.031842130773e-09 4.829074752889e-10 3.879084250285e-12 
8.694335045942e-14 1.193681763749e-11 2.332685855658e-10 1.786776802429e-09 7.128186525866e-09 1.615584212786e-08 4.863871376603e-08 1.259015723713e-08 2.585953397849e-09 5.361187280097e-11 
1.228823084292e-15 3.546217186466e-13 1.255167134448e-11 1.681731896635e-10 1.194672399275e-09 5.031842130773e-09 1.259015723713e-08 4.498933476195e-08 8.458102583746e-09 5.454923525671e-10 
3.993934898138e-18 2.611073730759e-15 1.798073254193e-13 4.439870030446e-12 5.856543946434e-11 4.829074752889e-10 2.585953397849e-09 8.458102583746e-09 4.128026477092e-08 3.717894061852e-09 
4.645247530868e-22 8.029033632507e-19 1.286612192085e-16 7.012345269716e-15 2.034297836485e-13 3.879084250285e-12 5.361187280097e-11 5.454923525671e-10 3.717894061852e-09 3.539497618875e-08 
