2.553611079454e-09 2.486567067529e-11 2.861837912514e-11 3.088471476883e-11 3.251146769461e-11 3.380474745578e-11 3.491300342570e-11 3.593323165528e-11 3.696858116953e-11 3.838595256701e-11 
2.486567067529e-11 2.586086326460e-09 5.882247918320e-11 6.589672356307e-11 7.097681021602e-11 7.500927581330e-11 7.846497174120e-11 8.164643367695e-11 8.487508182582e-11 8.929544360437e-11 
2.861837912514e-11 5.882247918320e-11 2.614939699854e-09 8.852500747563e-11 9.733235768006e-11 1.042977556697e-10 1.102576807235e-10 1.157448823055e-10 1.213138458046e-10 1.289387538433e-10 
3.088471476883e-11 6.589672356307e-11 8.852500747563e-11 2.643945055779e-09 1.184943887637e-10 1.288740109372e-10 1.377110073350e-10 1.458331039489e-10 1.540765124691e-10 1.653643720149e-10 
3.251146769461e-11 7.097681021602e-11 9.733235768006e-11 1.184943887637e-10 2.674441562059e-09 1.503859777219e-10 1.626817511326e-10 1.739181520168e-10 1.853066589902e-10 2.009053049879e-10 
3.380474745578e-11 7.500927581330e-11 1.042977556697e-10 1.288740109372e-10 1.503859777219e-10 2.707610264426e-09 1.855167310566e-10 2.004476490166e-10 2.154789041509e-10 2.360599631151e-10 
3.491300342570e-11 7.846497174120e-11 1.102576807235e-10 1.377110073350e-10 1.626817511326e-10 1.855167310566e-10 2.744927657489e-09 2.259351605754e-10 2.453295723993e-10 2.716871072521e-10 
3.593323165528e-11 8.164643367695e-11 1.157448823055e-10 1.458331039489e-10 1.739181520168e-10 2.004476490166e-10 2.259351605754e-10 2.789488052845e-09 2.763313923301e-10 3.096535105661e-10 
3.696858116953e-11 8.487508182582e-11 1.213138458046e-10 1.540765124691e-10 1.853066589902e-10 2.154789041509e-10 2.453295723993e-10 2.763313923301e-10 2.848989739950e-09 3.544642189742e-10 
3.838595256701e-11 8.929544360437e-11 1.289387538433e-10 1.653643720149e-10 2.009053049879e-10 2.360599631151e-10 2.716871072521e-10 3.096535105661e-10 3.544642189742e-10 2.963865931087e-09 
