2.714922363630e-09 2.605291283937e-10 2.909951787906e-10 3.093621781392e-10 3.225455055966e-10 3.330262870156e-10 3.420076281293e-10 3.502755949373e-10 3.586661168840e-10 3.701556227493e-10 
2.605291283937e-10 2.977386269000e-09 5.215524898744e-10 5.735291164014e-10 6.108324975775e-10 6.404338492044e-10 6.658009720283e-10 6.891554390331e-10 7.128563830116e-10 7.453120502326e-10 
2.909951787906e-10 5.215524898744e-10 3.187113332620e-09 7.355425337669e-10 7.989830399976e-10 8.490872361325e-10 8.919394909202e-10 9.313933837989e-10 9.714362145568e-10 1.026271604007e-09 
3.093621781392e-10 5.735291164014e-10 7.355425337669e-10 3.396137434592e-09 9.521476476082e-10 1.027429460003e-09 1.091409769976e-09 1.150178123899e-09 1.209825117527e-09 1.291516101540e-09 
3.225455055966e-10 6.108324975775e-10 7.989830399976e-10 9.521476476082e-10 3.619300704753e-09 1.187954394586e-09 1.279197103100e-09 1.362357854267e-09 1.446585285488e-09 1.561980891453e-09 
3.330262870156e-10 6.404338492044e-10 8.490872361325e-10 1.027429460003e-09 1.187954394586e-09 3.869282129240e-09 1.456470861571e-09 1.570568797382e-09 1.684966075512e-09 1.841585365404e-09 
3.420076281293e-10 6.658009720283e-10 8.919394909202e-10 1.091409769976e-09 1.279197103100e-09 1.456470861571e-09 4.160660030823e-09 1.777002385001e-09 1.929545515757e-09 2.135831813933e-09 
3.502755949373e-10 6.891554390331e-10 9.313933837989e-10 1.150178123899e-09 1.362357854267e-09 1.570568797382e-09 1.777002385001e-09 4.523232811579e-09 2.193824518465e-09 2.462143457955e-09 
3.586661168840e-10 7.128563830116e-10 9.714362145568e-10 1.209825117527e-09 1.446585285488e-09 1.684966075512e-09 1.929545515757e-09 2.193824518465e-09 5.035043335265e-09 2.872131634869e-09 
3.701556227493e-10 7.453120502326e-10 1.026271604007e-09 1.291516101540e-09 1.561980891453e-09 1.841585365404e-09 2.135831813933e-09 2.462143457955e-09 2.872131634869e-09 6.106430638742e-09 
