2.543207709021e-09 8.042000583093e-12 9.365174189913e-12 1.016602004897e-11 1.074076395663e-11 1.119767232038e-11 1.158921672081e-11 1.194966197311e-11 1.231545009173e-11 1.281634981556e-11 
8.042000583093e-12 2.554682325347e-09 2.045574103394e-11 2.316232717578e-11 2.510546864495e-11 2.664717298975e-11 2.796838619971e-11 2.918478182863e-11 3.041922353416e-11 3.210966740708e-11 
9.365174189913e-12 2.045574103394e-11 2.565878348719e-09 3.224564097172e-11 3.579277522961e-11 3.859468495531e-11 4.099130694241e-11 4.319790160223e-11 4.543741987239e-11 4.850427892220e-11 
1.016602004897e-11 2.316232717578e-11 3.224564097172e-11 2.577741070801e-09 4.471600062104e-11 4.906240917732e-11 5.275848938530e-11 5.615454668085e-11 5.960141614132e-11 6.432209040863e-11 
1.074076395663e-11 2.510546864495e-11 3.579277522961e-11 4.471600062104e-11 2.590706341811e-09 5.846520557673e-11 6.377913326972e-11 6.862990710198e-11 7.354550004135e-11 8.027956743010e-11 
1.119767232038e-11 2.664717298975e-11 3.859468495531e-11 4.906240917732e-11 5.846520557673e-11 2.605236250880e-09 7.402565447405e-11 8.064091920733e-11 8.729483972598e-11 9.640685223727e-11 
1.158921672081e-11 2.796838619971e-11 4.099130694241e-11 5.275848938530e-11 6.377913326972e-11 7.402565447405e-11 2.621967956095e-09 9.231020185623e-11 1.010761177403e-10 1.129858826799e-10 
1.194966197311e-11 2.918478182863e-11 4.319790160223e-11 5.615454668085e-11 6.862990710198e-11 8.064091920733e-11 9.231020185623e-11 2.642329094714e-09 1.155032588234e-10 1.308247281237e-10 
1.231545009173e-11 3.041922353416e-11 4.543741987239e-11 5.960141614132e-11 7.354550004135e-11 8.729483972598e-11 1.010761177403e-10 1.155032588234e-10 2.669927638913e-09 1.519798520140e-10 
1.281634981556e-11 3.210966740708e-11 4.850427892220e-11 6.432209040863e-11 8.027956743010e-11 9.640685223727e-11 1.129858826799e-10 1.308247281237e-10 1.519798520140e-10 2.723812429054e-09 
