2.542446699110e-09 6.769302356824e-12 7.892461595129e-12 8.572447707735e-12 9.060439223660e-12 9.448378594388e-12 9.780821108833e-12 1.008685880899e-11 1.039743250589e-11 1.082261053291e-11 
6.769302356824e-12 2.552189283600e-09 1.735131936069e-11 1.967176076054e-11 2.133754388340e-11 2.265907064151e-11 2.379160081924e-11 2.483428700200e-11 2.589244179934e-11 2.734119401542e-11 
7.892461595129e-12 1.735131936069e-11 2.561805665539e-09 2.750990707368e-11 3.057275403963e-11 3.299158651885e-11 3.506040538729e-11 3.696519321344e-11 3.889840790650e-11 4.154537543814e-11 
8.572447707735e-12 1.967176076054e-11 2.750990707368e-11 2.572072820595e-09 3.833161764204e-11 4.210761034012e-11 4.531777882549e-11 4.826716153804e-11 5.126069042216e-11 5.535992845832e-11 
9.060439223660e-12 2.133754388340e-11 3.057275403963e-11 3.833161764204e-11 2.583365117463e-09 5.033514412247e-11 5.497613572087e-11 5.921167470374e-11 6.350362302468e-11 6.938267278615e-11 
9.448378594388e-12 2.265907064151e-11 3.299158651885e-11 4.210761034012e-11 5.033514412247e-11 2.596085865800e-09 6.398501642770e-11 6.978881147911e-11 7.562495330335e-11 8.361617870703e-11 
9.780821108833e-12 2.379160081924e-11 3.506040538729e-11 4.531777882549e-11 5.497613572087e-11 6.398501642770e-11 2.610799840758e-09 8.009376577991e-11 8.781314148494e-11 9.829828860286e-11 
1.008685880899e-11 2.483428700200e-11 3.696519321344e-11 4.826716153804e-11 5.921167470374e-11 6.978881147911e-11 8.009376577991e-11 2.628776511256e-09 1.005995659555e-10 1.141356726242e-10 
1.039743250589e-11 2.589244179934e-11 3.889840790650e-11 5.126069042216e-11 6.350362302468e-11 7.562495330335e-11 8.781314148494e-11 1.005995659555e-10 2.653234846544e-09 1.329720624011e-10 
1.082261053291e-11 2.734119401542e-11 4.154537543814e-11 5.535992845832e-11 6.938267278615e-11 8.361617870703e-11 9.829828860286e-11 1.141356726242e-10 1.329720624011e-10 2.701166717685e-09 
