2.557646357325e-09 3.120492002788e-11 3.580562963753e-11 3.858284789327e-11 4.057635384489e-11 4.216121305038e-11 4.351933163849e-11 4.476957605522e-11 4.603835263447e-11 4.777576857678e-11 
3.120492002788e-11 2.597439592002e-09 7.247807388365e-11 8.098998865257e-11 8.710249061779e-11 9.195476846132e-11 9.611301052814e-11 9.994125424181e-11 1.038262794564e-10 1.091464055231e-10 
3.580562963753e-11 7.247807388365e-11 2.632051491990e-09 1.079488011552e-10 1.184388632555e-10 1.267363755313e-10 1.338364041393e-10 1.403732394613e-10 1.470074696114e-10 1.560925098832e-10 
3.858284789327e-11 8.098998865257e-11 1.079488011552e-10 2.666503174856e-09 1.434383875414e-10 1.557183937938e-10 1.661744746125e-10 1.757848978705e-10 1.855388499273e-10 1.988971388653e-10 
4.057635384489e-11 8.710249061779e-11 1.184388632555e-10 1.434383875414e-10 2.702497853028e-09 1.809996518816e-10 1.954761137947e-10 2.087066273401e-10 2.221162824134e-10 2.404856361841e-10 
4.216121305038e-11 9.195476846132e-11 1.267363755313e-10 1.557183937938e-10 1.809996518816e-10 2.741477780203e-09 2.222254149948e-10 2.397473575114e-10 2.573862692728e-10 2.815403342772e-10 
4.351933163849e-11 9.611301052814e-11 1.338364041393e-10 1.661744746125e-10 1.954761137947e-10 2.222254149948e-10 2.785217728818e-09 2.695582836945e-10 2.922638437946e-10 3.231218834510e-10 
4.476957605522e-11 9.994125424181e-11 1.403732394613e-10 1.757848978705e-10 2.087066273401e-10 2.397473575114e-10 2.695582836945e-10 2.837363080905e-09 3.284944988266e-10 3.674454580829e-10 
4.603835263447e-11 1.038262794564e-10 1.470074696114e-10 1.855388499273e-10 2.221162824134e-10 2.573862692728e-10 2.922638437946e-10 3.284944988266e-10 2.906976554984e-09 4.199033876683e-10 
4.777576857678e-11 1.091464055231e-10 1.560925098832e-10 1.988971388653e-10 2.404856361841e-10 2.815403342772e-10 3.231218834510e-10 3.674454580829e-10 4.199033876683e-10 3.041613392024e-09 
