1.807038765987e-10 4.866497370958e-10 6.848992996248e-10 8.164666044964e-10 9.121262778712e-10 9.881933331668e-10 1.053360208040e-09 1.113348694548e-09 1.174226275501e-09 1.257592945087e-09 
1.766678516903e-11 1.495058570657e-10 3.669447273429e-10 5.791999504010e-10 7.527967619609e-10 8.928573808509e-10 1.012525190754e-09 1.122577736344e-09 1.234250531511e-09 1.387179160354e-09 
1.144697271561e-12 2.486226864971e-11 1.187815192977e-10 2.891362857758e-10 4.830236081708e-10 6.567737543086e-10 8.064537700424e-10 9.435062994186e-10 1.082408747800e-09 1.272608722161e-09 
-6.112439527896e-14 3.142732948098e-13 1.682302535661e-11 9.270205257369e-11 2.413098545611e-10 4.187105339154e-10 5.872008983347e-10 7.427578773663e-10 8.996481804023e-10 1.114241151201e-09 
-2.432101067222e-14 -7.687604127714e-13 -2.209644872333e-12 1.238483583111e-11 7.941374634905e-11 2.107060758738e-10 3.762650781118e-10 5.447055064920e-10 7.148988231193e-10 9.462778464999e-10 
-2.308366129356e-15 -1.460660004080e-13 -1.281233795434e-12 -2.597302768680e-12 9.619826001488e-12 6.602954196940e-11 1.865989188853e-10 3.521771344035e-10 5.336676711485e-10 7.771681030617e-10 
-9.071975007826e-17 -1.175507221332e-14 -2.112003767344e-13 -1.389673312696e-12 -3.699549478599e-12 2.361864243351e-12 4.826655909878e-11 1.684249927307e-10 3.522879547888e-10 6.077602848464e-10 
-1.424318441121e-18 -4.191042229623e-16 -1.515509334626e-14 -2.060517090594e-13 -1.452126804587e-12 -5.606068443474e-12 -8.464906909755e-12 2.455370035174e-11 1.617765569238e-10 4.326624109653e-10 
-5.917568318073e-21 -4.178394482959e-18 -3.098832566234e-16 -8.265074312103e-15 -1.187430497247e-13 -1.080179268459e-12 -6.425635848903e-12 -2.194374553995e-11 -9.644295288860e-12 2.281294814962e-10 
-1.170155765139e-24 -2.235232374706e-21 -3.949352528234e-19 -2.376660583746e-17 -7.642652142794e-16 -1.629845939858e-14 -2.564446636696e-13 -3.056415421245e-12 -2.462091486158e-11 -3.265844490425e-13 
