-9.7193946428987770e-10 1.3582943048004296e-09 1.9635712334485548e-09 2.3239792592175683e-09 2.5818318793944091e-09 2.7865309372696657e-09 2.9618831312938819e-09 3.1233021769340079e-09 3.2871143030356403e-09 3.5114552448583689e-09 
-3.8959053063678748e-09 -1.5752877053743005e-10 8.1339158400887379e-10 1.4072666932257901e-09 1.8330595671848401e-09 2.1667851201529208e-09 2.4507310247229576e-09 2.7117742085800224e-09 2.9766584615767830e-09 3.3394147032215827e-09 
-5.5589213672921074e-09 -1.2107652691732011e-09 -1.1497401513242380e-10 5.6653098401913362e-10 1.0803841174132672e-09 1.4824211518364476e-09 1.8166456143543772e-09 2.1208778752475813e-09 2.4290684763084786e-09 2.8510830670052301e-09 
-6.7155156308922518e-09 -1.9931101620171397e-09 -8.1102346950113451e-10 -1.0732023255454192e-10 4.3843786929445109e-10 8.8949187242067670e-10 1.2639850584833085e-09 1.5971786601522086e-09 1.9313650655611957e-09 2.3883272685545406e-09 
-7.5838331184255226e-09 -2.6174080844507529e-09 -1.3546691161190829e-09 -6.2291707762685974e-10 -8.8384596454683114e-11 3.6934202259352999e-10 7.7491962146670787e-10 1.1370147054352121e-09 1.4912120916291830e-09 1.9711020759278371e-09 
-8.2731446618976478e-09 -3.1431583413777009e-09 -1.8246907586282116e-09 -1.0509892716375419e-09 -5.1265759348108723e-10 -7.9062296830801095e-11 3.2427451262339570e-10 7.1385479199564675e-10 1.0930773479976049e-09 1.5908340809329029e-09 
-8.8431292701199434e-09 -3.6017051922674591e-09 -2.2506393794042005e-09 -1.4468495344253904e-09 -8.8285715939113329e-10 -4.5385726154488761e-10 -8.3657087619863512e-11 2.9872939352396987e-10 7.1134615270801122e-10 1.2337980050414373e-09 
-9.3476344666265161e-09 -4.0251863194983422e-09 -2.6526789789072754e-09 -1.8325708726736609e-09 -1.2470190173801733e-09 -7.9456924834543006e-10 -4.3316337206393024e-10 -1.0583794095303133e-10 3.0018190330579964e-10 8.7857420331654281e-10 
-1.0053136493635179e-08 -4.5531299125109309e-09 -3.1347941090914318e-09 -2.2868176082521075e-09 -1.6781475608397144e-09 -1.1963731341268456e-09 -7.9600375473438147e-10 -4.6865307728992935e-10 -1.6209638931522849e-10 4.5966310564874495e-10 
-1.1495744998824175e-08 -5.5168938832551173e-09 -3.9750673573368447e-09 -3.0532404665643574e-09 -2.3912933652080114e-09 -1.8650169309186635e-09 -1.4145466854356291e-09 -1.0058200455545651e-09 -6.3928693041394201e-10 -1.7365910796434381e-10 
