-1.0973717416968070e-09 1.6048708639550770e-09 2.3066448146531498e-09 2.7245011558046636e-09 3.0234753285302895e-09 3.2608289966055120e-09 3.4641562890065304e-09 3.6513277816810189e-09 3.8412741501250606e-09 4.1014059972217735e-09 
-4.4163422790044946e-09 -1.7121531566747920e-10 9.3145087511561275e-10 1.6057537741718709e-09 2.0891578831004548e-09 2.4680764935643584e-09 2.7904988565645561e-09 3.0869199182782326e-09 3.3877030400638820e-09 3.7996224355291656e-09 
-6.2586076101777269e-09 -1.3607164778434401e-09 -1.2625893187745455e-10 6.4151264325407049e-10 1.2202744477124557e-09 1.6730703212431800e-09 2.0495298206864309e-09 2.3922253436702376e-09 2.7393827216065198e-09 3.2147559049914002e-09 
-7.5367331505103473e-09 -2.2360699981269377e-09 -9.0924133562421273e-10 -1.1929025980006122e-10 4.9333841937385443e-10 9.9959069341791198e-10 1.4199136794027636e-09 1.7939032117970997e-09 2.1690129845594540e-09 2.6819330433524488e-09 
-8.5039237601151956e-09 -2.9349561669797300e-09 -1.5190238970744783e-09 -6.9847392687427048e-10 -9.9066133303078677e-11 4.1417415315245393e-10 8.6893159373926403e-10 1.2749614770058919e-09 1.6721418092619166e-09 2.2102558460421468e-09 
-9.2856387780919844e-09 -3.5282517918484029e-09 -2.0485289713134618e-09 -1.1801785846598306e-09 -5.7597841769224705e-10 -8.9382504055059821e-11 3.6319795722731908e-10 8.0040568710403733e-10 1.2260580055488713e-09 1.7847097827530020e-09 
-9.9525957984715738e-09 -4.0542494030543673e-09 -2.5338482284128435e-09 -1.6293002501456822e-09 -9.9457151599728993e-10 -5.1176216877362001e-10 -9.5259844757113157e-11 3.3487977361928084e-10 7.9925451882364203e-10 1.3872931570397033e-09 
-1.0570530282951194e-08 -4.5525576772774139e-09 -3.0006941217693481e-09 -2.0734124270728486e-09 -1.4113184767094028e-09 -8.9967131343865381e-10 -4.9097258587812444e-10 -1.2106427542230756e-10 3.3771399918875585e-10 9.9193593083629392e-10 
-1.1459566279311707e-08 -5.1910098194999415e-09 -3.5744811694200032e-09 -2.6080114242814241e-09 -1.9142850824774651e-09 -1.3651658404098515e-09 -9.0874377705605995e-10 -5.3545884748285835e-10 -1.8646456813812585e-10 5.2179998862179546e-10 
-1.3332744999241190e-08 -6.4004362950406663e-09 -4.6127320221931130e-09 -3.5438997989993047e-09 -2.7763908068301887e-09 -2.1661873716138153e-09 -1.6438687321937003e-09 -1.1698496920262735e-09 -7.4422039796768172e-10 -2.0475579184766657e-10 
