3.584340460573e-10 9.407414590785e-10 1.308496990782e-09 1.550876533363e-09 1.726892646052e-09 1.866852971498e-09 1.986760732437e-09 2.097140647832e-09 2.209156452001e-09 2.362527779475e-09 
3.219075084424e-11 2.669647853019e-10 6.461657653491e-10 1.011323728391e-09 1.308204797511e-09 1.547469237145e-09 1.751918933298e-09 1.939953535463e-09 2.130757992148e-09 2.392027363643e-09 
2.030350882620e-12 4.304562708771e-11 2.019380223548e-10 4.851584126860e-10 8.041142946837e-10 1.088727746909e-09 1.333712002148e-09 1.558056206424e-09 1.785442910342e-09 2.096784917075e-09 
-9.457987265335e-14 7.077452071942e-13 2.834739197837e-11 1.520231050355e-10 3.912957237358e-10 6.747468491266e-10 9.430062839756e-10 1.190551401669e-09 1.440250424879e-09 1.781781992087e-09 
-3.908575324202e-14 -1.220422937859e-12 -3.385385699058e-12 2.028867507078e-11 1.268415643012e-10 3.333438266631e-10 5.923116931428e-10 8.552601319085e-10 1.120876065926e-09 1.482017487136e-09 
-3.678915006986e-15 -2.305970844358e-13 -2.000488780425e-12 -3.949050234728e-12 1.536226975335e-11 1.032535744983e-10 2.900685085468e-10 5.455980452922e-10 8.252473423827e-10 1.200520684447e-09 
-1.425234464973e-16 -1.831729010409e-14 -3.272574674585e-13 -2.141971071928e-12 -5.646694702779e-12 3.922483971369e-12 7.477409395436e-11 2.587319514903e-10 5.396184993213e-10 9.300525343493e-10 
-2.207480285043e-18 -6.469977008147e-16 -2.331269913607e-14 -3.156876628544e-13 -2.214638141480e-12 -8.513034726052e-12 -1.282939072889e-11 3.727165772919e-11 2.464352806961e-10 6.600874419346e-10 
-9.076667498269e-21 -6.384940084028e-18 -4.723301568513e-16 -1.258414820659e-14 -1.808626622574e-13 -1.648231810424e-12 -9.832308323713e-12 -3.365649831257e-11 -1.503267743586e-11 3.490207556598e-10 
-1.783788003152e-24 -3.412308471404e-21 -6.037397130158e-19 -3.637174701469e-17 -1.170375965120e-15 -2.496471025452e-14 -3.928792556917e-13 -4.692383982006e-12 -3.822038669611e-11 -2.728567277758e-12 
