3.269382971440e-10 8.615629361742e-10 1.200535926509e-09 1.424169028510e-09 1.586598669110e-09 1.715756051819e-09 1.826408263912e-09 1.928268021141e-09 2.031637391285e-09 2.173170178983e-09 
2.975874916357e-11 2.475214325198e-10 6.002882845517e-10 9.406314233562e-10 1.217545258187e-09 1.440746067978e-09 1.631468557812e-09 1.806876518272e-09 1.984868159066e-09 2.228592919157e-09 
1.884869238957e-12 4.008796823794e-11 1.885556721934e-10 4.537816029823e-10 7.527714012179e-10 1.019728935021e-09 1.249542665838e-09 1.459987963162e-09 1.673286067557e-09 1.965337524623e-09 
-8.942934847717e-14 6.472954048497e-13 2.653648350422e-11 1.425665105697e-10 3.674131293231e-10 6.341291582503e-10 8.866076354355e-10 1.119592035094e-09 1.354604008343e-09 1.676045098508e-09 
-3.670140689913e-14 -1.147837899887e-12 -3.205677235772e-12 1.900952886067e-11 1.193937560420e-10 3.140721017637e-10 5.581873647797e-10 8.061408094213e-10 1.056623414569e-09 1.397178506455e-09 
-3.461468607248e-15 -2.174048149079e-13 -1.887922796170e-12 -3.726113428005e-12 1.448333377330e-11 9.728420173163e-11 2.734718825772e-10 5.147790090276e-10 7.788446246904e-10 1.133179359391e-09 
-1.344396141306e-16 -1.727481931012e-14 -3.085907725735e-13 -2.021784120798e-12 -5.351044958419e-12 3.623672223662e-12 7.063358844167e-11 2.446618195234e-10 5.099784018029e-10 8.787697252169e-10 
-2.081348892570e-18 -6.106189347369e-16 -2.203402005876e-14 -2.986835776431e-13 -2.095076533097e-12 -8.033692876123e-12 -1.201398067567e-11 3.529214507823e-11 2.324041084369e-10 6.227412477675e-10 
-8.586436681707e-21 -6.040871931211e-18 -4.464379279552e-16 -1.187684657138e-14 -1.704764769514e-13 -1.552983211796e-12 -9.277227865683e-12 -3.185721678135e-11 -1.417978540037e-11 3.297523245595e-10 
-1.680582060354e-24 -3.215468236551e-21 -5.693477978261e-19 -3.433662570695e-17 -1.106088861951e-15 -2.361049413950e-14 -3.714349550337e-13 -4.422606922790e-12 -3.577394075921e-11 -2.391586138830e-12 
