2.544218925154e-09 9.714552697897e-12 1.129396559266e-11 1.224957857807e-11 1.293541444693e-11 1.348063923454e-11 1.394786214815e-11 1.437797169228e-11 1.481445249073e-11 1.541214523418e-11 
9.714552697897e-12 2.557911452476e-09 2.445572558541e-11 2.764847831150e-11 2.994079837025e-11 3.175969395813e-11 3.331844440140e-11 3.475351485718e-11 3.620986052091e-11 3.820414155662e-11 
1.129396559266e-11 2.445572558541e-11 2.571090670343e-09 3.828533808977e-11 4.243618502405e-11 4.571579368632e-11 4.852121433302e-11 5.110415538782e-11 5.372559944730e-11 5.731540848983e-11 
1.224957857807e-11 2.764847831150e-11 3.828533808977e-11 2.584937334125e-09 5.279918177226e-11 5.785251863619e-11 6.215073485124e-11 6.610026355609e-11 7.010883229045e-11 7.559865850534e-11 
1.293541444693e-11 2.994079837025e-11 4.243618502405e-11 5.279918177226e-11 2.599971103374e-09 6.870321013573e-11 7.484685451666e-11 8.045650721908e-11 8.614134599134e-11 9.392896949030e-11 
1.348063923454e-11 3.175969395813e-11 4.571579368632e-11 5.785251863619e-11 6.870321013573e-11 2.616727293405e-09 8.661005229182e-11 9.422334222557e-11 1.018827925687e-10 1.123714746639e-10 
1.394786214815e-11 3.331844440140e-11 4.852121433302e-11 6.215073485124e-11 7.484685451666e-11 8.661005229182e-11 2.635936348264e-09 1.075663127276e-10 1.176155767201e-10 1.312710439833e-10 
1.437797169228e-11 3.475351485718e-11 5.110415538782e-11 6.610026355609e-11 8.045650721908e-11 9.422334222557e-11 1.075663127276e-10 2.659219768778e-09 1.340434031988e-10 1.515488764472e-10 
1.481445249073e-11 3.620986052091e-11 5.372559944730e-11 7.010883229045e-11 8.614134599134e-11 1.018827925687e-10 1.176155767201e-10 1.340434031988e-10 2.690659966902e-09 1.755607734635e-10 
1.541214523418e-11 3.820414155662e-11 5.731540848983e-11 7.559865850534e-11 9.392896949030e-11 1.123714746639e-10 1.312710439833e-10 1.515488764472e-10 1.755607734635e-10 2.751837737750e-09 
