2.545952020789e-09 1.255805290404e-11 1.456422145770e-11 1.577745398977e-11 1.664821720005e-11 1.734046186930e-11 1.793366992531e-11 1.847975668926e-11 1.903393195110e-11 1.979258213814e-11 
1.255805290404e-11 2.563336471645e-09 3.114146789169e-11 3.512737512836e-11 3.798940000947e-11 4.026061168155e-11 4.220697553749e-11 4.399889279405e-11 4.581737243392e-11 4.830704492216e-11 
1.456422145770e-11 3.114146789169e-11 2.579739455291e-09 4.826690928960e-11 5.338995337808e-11 5.743890290918e-11 6.090272883007e-11 6.409184369813e-11 6.732847852762e-11 7.175997720598e-11 
1.577745398977e-11 3.512737512836e-11 4.826690928960e-11 2.596768493534e-09 6.604498784249e-11 7.222512957372e-11 7.748349001280e-11 8.231567380033e-11 8.722005137245e-11 9.393569735662e-11 
1.664821720005e-11 3.798940000947e-11 5.338995337808e-11 6.604498784249e-11 2.615087461588e-09 8.535871991866e-11 9.281536680367e-11 9.962581077779e-11 1.065278774002e-10 1.159816397488e-10 
1.734046186930e-11 4.026061168155e-11 5.743890290918e-11 7.222512957372e-11 8.535871991866e-11 2.635356470286e-09 1.069601873611e-10 1.161429390579e-10 1.253840640297e-10 1.380372030745e-10 
1.793366992531e-11 4.220697553749e-11 6.090272883007e-11 7.748349001280e-11 9.281536680367e-11 1.069601873611e-10 2.658453616110e-09 1.320986385432e-10 1.441586158375e-10 1.605470462019e-10 
1.847975668926e-11 4.399889279405e-11 6.409184369813e-11 8.231567380033e-11 9.962581077779e-11 1.161429390579e-10 1.320986385432e-10 2.686308867049e-09 1.637160879780e-10 1.846285716008e-10 
1.903393195110e-11 4.581737243392e-11 6.732847852762e-11 8.722005137245e-11 1.065278774002e-10 1.253840640297e-10 1.441586158375e-10 1.637160879780e-10 2.723754565310e-09 2.130691496357e-10 
1.979258213814e-11 4.830704492216e-11 7.175997720598e-11 9.393569735662e-11 1.159816397488e-10 1.380372030745e-10 1.605470462019e-10 1.846285716008e-10 2.130691496357e-10 2.796328792361e-09 
