2.9631043807450237e-08 1.3307987205892097e-08 9.7554724872129313e-09 7.6326545663428219e-09 6.1083361757779593e-09 4.8974027860681486e-09 3.8626208109541728e-09 2.9162218202110323e-09 1.9697056766465705e-09 7.0811266883078181e-10 
1.3307987205892097e-08 9.1557317337692663e-09 4.8925727488620541e-09 3.8619736653623991e-09 3.1221541435829380e-09 2.5344766839500916e-09 2.0321921742460134e-09 1.5727003201700861e-09 1.1131615989020751e-09 5.0217123141127552e-10 
9.7554724872129313e-09 4.8925727488620541e-09 6.1773606177959245e-09 2.8897181407869687e-09 2.3520191636723964e-09 1.9249179809668311e-09 1.5598342617103962e-09 1.2257991218125300e-09 8.9173423990399850e-10 4.4837354430885647e-10 
7.6326545663428219e-09 3.8619736653623991e-09 2.8897181407869687e-09 4.8472281570977070e-09 1.8918450096151068e-09 1.5606866483352956e-09 1.2775756879591511e-09 1.0185027679458319e-09 7.5941328768606237e-10 4.1621718402848589e-10 
6.1083361757779593e-09 3.1221541435829380e-09 2.3520191636723964e-09 1.8918450096151068e-09 4.1002156944528751e-09 1.2995219494327908e-09 1.0752854457147448e-09 8.7004247629355640e-10 6.6480048341968086e-10 3.9354949687784576e-10 
4.8974027860681486e-09 2.5344766839500916e-09 1.9249179809668311e-09 1.5606866483352956e-09 1.2995219494327908e-09 3.6305929453751956e-09 9.1468525010041984e-10 7.5219908100265580e-10 5.8971543176150450e-10 3.7561388456848660e-10 
3.8626208109541728e-09 2.0321921742460134e-09 1.5598342617103962e-09 1.2775756879591511e-09 1.0752854457147448e-09 9.1468525010041984e-10 3.3157749851877371e-09 6.5139685791968245e-10 5.2541212500311165e-10 3.6009085892003185e-10 
2.9162218202110323e-09 1.5727003201700861e-09 1.2257991218125300e-09 1.0185027679458319e-09 8.7004247629355640e-10 7.5219908100265580e-10 6.5139685791968245e-10 3.0975570997769037e-09 4.6657829471852306e-10 3.4569211745661065e-10 
1.9697056766465705e-09 1.1131615989020751e-09 8.9173423990399850e-10 7.5941328768606237e-10 6.6480048341968086e-10 5.8971543176150450e-10 5.2541212500311165e-10 4.6657829471852306e-10 2.9465015362171028e-09 3.3160952619763728e-10 
7.0811266883078181e-10 5.0217123141127552e-10 4.4837354430885647e-10 4.1621718402848589e-10 3.9354949687784576e-10 3.7561388456848660e-10 3.6009085892003185e-10 3.4569211745661065e-10 3.3160952619763728e-10 2.8548376286120162e-09 
