1.7237215202849180e-08 7.1791819376020005e-09 5.2414028055568436e-09 4.0835945013459587e-09 3.2522734879083299e-09 2.5919668175914370e-09 2.0279303872247114e-09 1.5124863165459677e-09 9.9767145403504966e-10 3.1025435326484681e-10 
7.1791819376020005e-09 6.0891013922166771e-09 2.6153266190722890e-09 2.0564813809130886e-09 1.6553492068205447e-09 1.3367639396963747e-09 1.0645769528755856e-09 8.1578714386050642e-10 5.6733933383895478e-10 2.3654118578796243e-10 
5.2414028055568436e-09 2.6153266190722890e-09 4.4768027137815099e-09 1.5338020872679592e-09 1.2434943000416164e-09 1.0129417738027117e-09 8.1594423747843787e-10 6.3585429033629536e-10 4.5603167340063485e-10 2.1710868061404711e-10 
4.0835945013459587e-09 2.0564813809130886e-09 1.5338020872679592e-09 3.7599779542257149e-09 9.9741746575768755e-10 8.1945705530243728e-10 6.6737669550945577e-10 5.2833082911686615e-10 3.8950944136971919e-10 2.0547843920000499e-10 
3.2522734879083299e-09 1.6553492068205447e-09 1.2434943000416164e-09 9.9741746575768755e-10 3.3593999178951358e-09 6.8075272392161052e-10 5.6093072311509865e-10 4.5135582013428359e-10 3.4197959486890748e-10 1.9737353782196059e-10 
2.5919668175914370e-09 1.3367639396963747e-09 1.0129417738027117e-09 8.1945705530243728e-10 6.8075272392161052e-10 3.1091040151968042e-09 4.7644883448900662e-10 3.9027847537471344e-10 3.0427852878061617e-10 1.9098448527683253e-10 
2.0279303872247114e-09 1.0645769528755856e-09 8.1594423747843787e-10 6.6737669550945577e-10 5.6093072311509865e-10 4.7644883448900662e-10 2.9426838630907131e-09 3.3805860045520451e-10 2.7200245562003046e-10 1.8542128598872715e-10 
1.5124863165459677e-09 8.1578714386050642e-10 6.3585429033629536e-10 5.2833082911686615e-10 4.5135582013428359e-10 3.9027847537471344e-10 3.3805860045520451e-10 2.8287644256270470e-09 2.4251988820213197e-10 1.8024062043696238e-10 
9.9767145403504966e-10 5.6733933383895478e-10 4.5603167340063485e-10 3.8950944136971919e-10 3.4197959486890748e-10 3.0427852878061617e-10 2.7200245562003046e-10 2.4251988820213197e-10 2.7517829816470868e-09 1.7531947470046183e-10 
3.1025435326484681e-10 2.3654118578796243e-10 2.1710868061404711e-10 2.0547843920000499e-10 1.9737353782196059e-10 1.9098448527683253e-10 1.8542128598872715e-10 1.8024062043696238e-10 1.7531947470046183e-10 2.7093900920612002e-09 
