4.0587585863973695e-08 1.8755666908300030e-08 1.3783136355333101e-08 1.0811609156226058e-08 8.6778429071901529e-09 6.9826477080761222e-09 5.5337633458634633e-09 4.2081138585745446e-09 2.8815423311939146e-09 1.1154960116585653e-09 
1.8755666908300030e-08 1.1891808062250724e-08 6.9295789585609782e-09 5.4811623941056723e-09 4.4413733321118658e-09 3.6153485740615043e-09 2.9092107499139657e-09 2.2629704579946508e-09 1.6162439383244726e-09 7.5721499624264483e-10 
1.3783136355333101e-08 6.9295789585609782e-09 7.7011142629116357e-09 4.1067117352649213e-09 3.3488011243806847e-09 2.7467288201572568e-09 2.2319785508579401e-09 1.7608085898834670e-09 1.2892635192571346e-09 6.6394865655841807e-10 
1.0811609156226058e-08 5.4811623941056723e-09 4.1067117352649213e-09 5.8238449198115530e-09 2.6959244518625867e-09 2.2276709070119210e-09 1.8272764908427215e-09 1.4607205282286744e-09 1.0938596435192689e-09 6.0820592093214397e-10 
8.6778429071901529e-09 4.4413733321118658e-09 3.3488011243806847e-09 2.6959244518625867e-09 4.7660084441130529e-09 1.8554315827437336e-09 1.5371691653159913e-09 1.2457364945653669e-09 9.5405953987092708e-10 5.6871868095150285e-10 
6.9826477080761222e-09 3.6153485740615043e-09 2.7467288201572568e-09 2.2276709070119210e-09 1.8554315827437336e-09 4.0982519188505013e-09 1.3068081779101405e-09 1.0750498011095508e-09 8.4307943168919876e-10 5.3742687918280918e-10 
5.5337633458634633e-09 2.9092107499139657e-09 2.2319785508579401e-09 1.8272764908427215e-09 1.5371691653159913e-09 1.3068081779101405e-09 3.6481836996132464e-09 9.2901299718042368e-10 7.4802275455278029e-10 5.1040678918579027e-10 
4.2081138585745446e-09 2.2629704579946508e-09 1.7608085898834670e-09 1.4607205282286744e-09 1.2457364945653669e-09 1.0750498011095508e-09 9.2901299718042368e-10 3.3336745996807256e-09 6.6098189038319108e-10 4.8538168601325571e-10 
2.8815423311939146e-09 1.6162439383244726e-09 1.2892635192571346e-09 1.0938596435192689e-09 9.5405953987092708e-10 8.4307943168919876e-10 7.4802275455278029e-10 6.6098189038319108e-10 3.1126471049333030e-09 4.6066422992341570e-10 
1.1154960116585653e-09 7.5721499624264483e-10 6.6394865655841807e-10 6.0820592093214397e-10 5.6871868095150285e-10 5.3742687918280918e-10 5.1040678918579027e-10 4.8538168601325571e-10 4.6066422992341570e-10 2.9708038517098304e-09 
