2.542622080735e-09 7.065959616840e-12 8.236943433995e-12 8.945838805665e-12 9.454580016974e-12 9.859015451907e-12 1.020559407808e-11 1.052464514897e-11 1.084842550711e-11 1.129180117992e-11 
7.065959616840e-12 2.552779106842e-09 1.808971241703e-11 2.050414710200e-11 2.223742393961e-11 2.361252456738e-11 2.479096598465e-11 2.587592032445e-11 2.697697123996e-11 2.848475036813e-11 
8.236943433995e-12 1.808971241703e-11 2.562781191653e-09 2.864846094992e-11 3.183042413760e-11 3.434345325459e-11 3.649286513491e-11 3.847185546892e-11 4.048038005489e-11 4.323091182281e-11 
8.945838805665e-12 2.050414710200e-11 2.864846094992e-11 2.573442301724e-09 3.987900919704e-11 4.379666802277e-11 4.712744160427e-11 5.018768688422e-11 5.329373588831e-11 5.754765062764e-11 
9.454580016974e-12 2.223742393961e-11 3.183042413760e-11 3.987900919704e-11 2.585151965063e-09 5.231949504880e-11 5.712893054593e-11 6.151843518277e-11 6.596643428259e-11 7.205997832931e-11 
9.859015451907e-12 2.361252456738e-11 3.434345325459e-11 4.379666802277e-11 5.231949504880e-11 2.598327323271e-09 6.645121008182e-11 7.245970053423e-11 7.850196895221e-11 8.677637663374e-11 
1.020559407808e-11 2.479096598465e-11 3.649286513491e-11 4.712744160427e-11 5.712893054593e-11 6.645121008182e-11 2.613552566582e-09 8.311258137216e-11 9.109721187405e-11 1.019442643293e-10 
1.052464514897e-11 2.587592032445e-11 3.847185546892e-11 5.018768688422e-11 6.151843518277e-11 7.245970053423e-11 8.311258137216e-11 2.632136227430e-09 1.043044403037e-10 1.182972538592e-10 
1.084842550711e-11 2.697697123996e-11 4.048038005489e-11 5.329373588831e-11 6.596643428259e-11 7.850196895221e-11 9.109721187405e-11 1.043044403037e-10 2.657401509584e-09 1.377334514065e-10 
1.129180117992e-11 2.848475036813e-11 4.323091182281e-11 5.754765062764e-11 7.205997832931e-11 8.677637663374e-11 1.019442643293e-10 1.182972538592e-10 1.377334514065e-10 2.706869496094e-09 
