2.580233963892e-09 6.562157017172e-11 7.448476779314e-11 7.982840110132e-11 8.366426989593e-11 8.671386268722e-11 8.932715177429e-11 9.173286808617e-11 9.417424385510e-11 9.751735680949e-11 
6.562157017172e-11 2.656756054637e-09 1.429550100151e-10 1.584261092501e-10 1.695354618530e-10 1.783553457942e-10 1.859136310365e-10 1.928720512835e-10 1.999336770898e-10 2.096037831433e-10 
7.448476779314e-11 1.429550100151e-10 2.719112585362e-09 2.060957547254e-10 2.246562371143e-10 2.393401527623e-10 2.519053253034e-10 2.634736649384e-10 2.752143434418e-10 2.912922065462e-10 
7.982840110132e-11 1.584261092501e-10 2.060957547254e-10 2.779667463501e-09 2.680576918350e-10 2.894605469214e-10 3.076857947688e-10 3.244365318076e-10 3.414373183140e-10 3.647203477322e-10 
8.366426989593e-11 1.695354618530e-10 2.246562371143e-10 2.680576918350e-10 2.842120250906e-09 3.329824745820e-10 3.579964652335e-10 3.808529073146e-10 4.040168363912e-10 4.357486005388e-10 
8.671386268722e-11 1.783553457942e-10 2.393401527623e-10 2.894605469214e-10 3.329824745820e-10 2.909314636311e-09 4.039274474664e-10 4.340731253481e-10 4.644028599094e-10 5.059331946825e-10 
8.932715177429e-11 1.859136310365e-10 2.519053253034e-10 3.076857947688e-10 3.579964652335e-10 4.039274474664e-10 2.984570428289e-09 4.853682402853e-10 5.243849225611e-10 5.773557578334e-10 
9.173286808617e-11 1.928720512835e-10 2.634736649384e-10 3.244365318076e-10 3.808529073146e-10 4.340731253481e-10 4.853682402853e-10 3.074527424951e-09 5.871888707340e-10 6.540677500327e-10 
9.417424385510e-11 1.999336770898e-10 2.752143434418e-10 3.414373183140e-10 4.040168363912e-10 4.644028599094e-10 5.243849225611e-10 5.871888707340e-10 3.195609612267e-09 7.460769965238e-10 
9.751735680949e-11 2.096037831433e-10 2.912922065462e-10 3.647203477322e-10 4.357486005388e-10 5.059331946825e-10 5.773557578334e-10 6.540677500327e-10 7.460769965238e-10 3.433710294072e-09 
