1.2461378022879911e-07 6.0740280181473153e-08 4.4929887248305379e-08 3.5480620366588345e-08 2.8695862982719324e-08 2.3305144958175957e-08 1.8695735422630877e-08 1.4474993377943724e-08 1.0247219113410521e-08 4.6394183788130454e-09 
6.0740280181473153e-08 3.3029838940418541e-08 2.2693014313184819e-08 1.8032168107720908e-08 1.4686135376572897e-08 1.2027630483078085e-08 9.7540219052268397e-09 7.6715222355114864e-09 5.5850105386658605e-09 2.8220431901963572e-09 
4.4929887248305379e-08 2.2693014313184819e-08 1.9498208851088548e-08 1.3533063043038923e-08 1.1073270803020051e-08 9.1189184369477601e-09 7.4473191462736014e-09 5.9159190154821613e-09 4.3812830230826286e-09 2.3515134204244444e-09 
3.5480620366588345e-08 1.8032168107720908e-08 1.3533063043038923e-08 1.3382552390520943e-08 8.9139945849916246e-09 7.3804556871753953e-09 6.0686174392000877e-09 4.8665716559957159e-09 3.6617623610066058e-09 2.0701836159299231e-09 
2.8695862982719324e-08 1.4686135376572897e-08 1.1073270803020051e-08 8.9139945849916246e-09 9.9028952182847719e-09 6.1331648434047465e-09 5.0796733849811992e-09 4.1141115161542108e-09 3.1461478011761690e-09 1.8692491820199002e-09 
2.3305144958175957e-08 1.2027630483078085e-08 9.1189184369477601e-09 7.3804556871753953e-09 6.1331648434047465e-09 7.6806712352326883e-09 4.2940666095700462e-09 3.5163751666778669e-09 2.7365299386986857e-09 1.7096298886931154e-09 
1.8695735422630877e-08 9.7540219052268397e-09 7.4473191462736014e-09 6.0686174392000877e-09 5.0796733849811992e-09 4.2940666095700462e-09 6.1601368304162765e-09 3.0047525757635534e-09 2.3856315978262813e-09 1.5723027490976668e-09 
1.4474993377943724e-08 7.6715222355114864e-09 5.9159190154821613e-09 4.8665716559957159e-09 4.1141115161542108e-09 3.5163751666778669e-09 3.0047525757635534e-09 5.0739208424192611e-09 2.0638197872659076e-09 1.4454264400635241e-09 
1.0247219113410521e-08 5.5850105386658605e-09 4.3812830230826286e-09 3.6617623610066058e-09 3.1461478011761690e-09 2.7365299386986857e-09 2.3856315978262813e-09 2.0638197872659076e-09 4.2799612301679198e-09 1.3183970504985370e-09 
4.6394183788130454e-09 2.8220431901963572e-09 2.3515134204244444e-09 2.0701836159299231e-09 1.8692491820199002e-09 1.7096298886931154e-09 1.5723027490976668e-09 1.4454264400635241e-09 1.3183970504985370e-09 3.6998021541841900e-09 
