2.545556349484e-09 1.191620390966e-11 1.382850902342e-11 1.498509659667e-11 1.581519968898e-11 1.647512225998e-11 1.704063614298e-11 1.756123259284e-11 1.808954580047e-11 1.881300179017e-11 
1.191620390966e-11 2.562129419315e-09 2.966113938784e-11 3.347527353915e-11 3.621389460325e-11 3.838713772396e-11 4.024955868864e-11 4.196420913442e-11 4.370429546851e-11 4.608716620567e-11 
1.382850902342e-11 2.966113938784e-11 2.577836118784e-09 4.607693382595e-11 5.099092825389e-11 5.487441528135e-11 5.819664076645e-11 6.125541535778e-11 6.435980412378e-11 6.861103264067e-11 
1.498509659667e-11 3.347527353915e-11 4.607693382595e-11 2.594182587149e-09 6.315664961764e-11 6.909567013206e-11 7.414853339310e-11 7.879185077889e-11 8.350459675521e-11 8.995890552031e-11 
1.581519968898e-11 3.621389460325e-11 5.099092825389e-11 6.315664961764e-11 2.611800409299e-09 8.174336334865e-11 8.891999589238e-11 9.547433769438e-11 1.021168358972e-10 1.112164372192e-10 
1.647512225998e-11 3.838713772396e-11 5.487441528135e-11 6.909567013206e-11 8.174336334865e-11 2.631321548400e-09 1.025596502192e-10 1.114085186861e-10 1.203131130366e-10 1.325071787044e-10 
1.704063614298e-11 4.024955868864e-11 5.819664076645e-11 7.414853339310e-11 8.891999589238e-11 1.025596502192e-10 2.653593260353e-09 1.268096742707e-10 1.384420927516e-10 1.542512132242e-10 
1.756123259284e-11 4.196420913442e-11 6.125541535778e-11 7.879185077889e-11 9.547433769438e-11 1.114085186861e-10 1.268096742707e-10 2.680477062060e-09 1.573372645167e-10 1.775290830658e-10 
1.808954580047e-11 4.370429546851e-11 6.435980412378e-11 8.350459675521e-11 1.021168358972e-10 1.203131130366e-10 1.384420927516e-10 1.573372645167e-10 2.716652524391e-09 2.050268229658e-10 
1.881300179017e-11 4.608716620567e-11 6.861103264067e-11 8.995890552031e-11 1.112164372192e-10 1.325071787044e-10 1.542512132242e-10 1.775290830658e-10 2.050268229658e-10 2.786804584354e-09 
