3.120275923286e-09 8.741494207642e-10 9.842338413174e-10 1.050702067576e-09 1.098404449164e-09 1.136326987277e-09 1.168824367110e-09 1.198740574465e-09 1.229100228482e-09 1.270673246024e-09 
8.741494207642e-10 4.070840906291e-09 1.854199044927e-09 2.057675701622e-09 2.203665026989e-09 2.319478499695e-09 2.418728450704e-09 2.510105228426e-09 2.602837767427e-09 2.729824714268e-09 
9.842338413174e-10 1.854199044927e-09 4.902238159989e-09 2.716408735827e-09 2.974349454428e-09 3.177950763638e-09 3.352061390856e-09 3.512368685711e-09 3.675070141429e-09 3.897877397752e-09 
1.050702067576e-09 2.057675701622e-09 2.716408735827e-09 5.761424245897e-09 3.618050338723e-09 3.933018657957e-09 4.200593355777e-09 4.446370993807e-09 4.695829991813e-09 5.037482495078e-09 
1.098404449164e-09 2.203665026989e-09 2.974349454428e-09 3.618050338723e-09 6.704535349768e-09 4.623371073140e-09 5.012750767422e-09 5.367738766433e-09 5.727368697006e-09 6.220069500085e-09 
1.136326987277e-09 2.319478499695e-09 3.177950763638e-09 3.933018657957e-09 4.623371073140e-09 7.777838500632e-09 5.780962775290e-09 6.273163516834e-09 6.767442974113e-09 7.444272205252e-09 
1.168824367110e-09 2.418728450704e-09 3.352061390856e-09 4.200593355777e-09 5.012750767422e-09 5.780962775290e-09 9.035699440949e-09 7.165987183507e-09 7.828105344337e-09 8.726034539630e-09 
1.198740574465e-09 2.510105228426e-09 3.512368685711e-09 4.446370993807e-09 5.367738766433e-09 6.273163516834e-09 7.165987183507e-09 1.059570262267e-08 8.956078735475e-09 1.012708705556e-08 
1.229100228482e-09 2.602837767427e-09 3.675070141429e-09 4.695829991813e-09 5.727368697006e-09 6.767442974113e-09 7.828105344337e-09 8.956078735475e-09 1.275902582023e-08 1.182429043187e-08 
1.270673246024e-09 2.729824714268e-09 3.897877397752e-09 5.037482495078e-09 6.220069500085e-09 7.444272205252e-09 8.726034539630e-09 1.012708705556e-08 1.182429043187e-08 1.711731974886e-08 
