4.2930501985325997e-08 1.9920355213483706e-08 1.4644309264691631e-08 1.1491435296429958e-08 9.2274792598637982e-09 7.4288586377388435e-09 5.8915521364578211e-09 4.4849448785266402e-09 3.0772859980423540e-09 1.2037226477981133e-09 
1.9920355213483706e-08 1.2476472454097755e-08 7.3648047109808763e-09 5.8270996635391907e-09 4.7232221134359104e-09 3.8462850819115337e-09 3.0966121783468034e-09 2.4105003519543201e-09 1.7238285527257648e-09 8.1192585075407762e-10 
1.4644309264691631e-08 7.3648047109808763e-09 8.0265875506081644e-09 4.3666081090489765e-09 3.5616333905992860e-09 2.9221735101937825e-09 2.3754492316942348e-09 1.8749900316196290e-09 1.3740963165042450e-09 7.0998143265543074e-10 
1.1491435296429958e-08 5.8270996635391907e-09 4.3666081090489765e-09 6.0323331234525814e-09 2.8675213936357502e-09 2.3699605172665070e-09 1.9444989786072657e-09 1.5549762841309020e-09 1.1650980113379707e-09 6.4905296550320708e-10 
9.2274792598637982e-09 4.7232221134359104e-09 3.5616333905992860e-09 2.8675213936357502e-09 4.9080206866317414e-09 1.9739402583460816e-09 1.6355699250706817e-09 1.3257095734392328e-09 1.0155610349510186e-09 6.0586664848229590e-10 
7.4288586377388435e-09 3.8462850819115337e-09 2.9221735101937825e-09 2.3699605172665070e-09 1.9739402583460816e-09 4.1978698161529535e-09 1.3902599488876107e-09 1.1436793387550370e-09 8.9684741157583707e-10 5.7163741234345049e-10 
5.8915521364578211e-09 3.0966121783468034e-09 2.3754492316942348e-09 1.9444989786072657e-09 1.6355699250706817e-09 1.3902599488876107e-09 3.7188417184793068e-09 9.8793413653503198e-10 7.9516609080130424e-10 5.4208917563360224e-10 
4.4849448785266402e-09 2.4105003519543201e-09 1.8749900316196290e-09 1.5549762841309020e-09 1.3257095734392328e-09 1.1436793387550370e-09 9.8793413653503198e-10 3.3836911415696877e-09 7.0205062702518874e-10 5.1472778141894425e-10 
3.0772859980423540e-09 1.7238285527257648e-09 1.3740963165042450e-09 1.1650980113379707e-09 1.0155610349510186e-09 8.9684741157583707e-10 7.9516609080130424e-10 7.0205062702518874e-10 3.1476332442480127e-09 4.8767307279021499e-10 
1.2037226477981133e-09 8.1192585075407762e-10 7.0998143265543074e-10 6.4905296550320708e-10 6.0586664848229590e-10 5.7163741234345049e-10 5.4208917563360224e-10 5.1472778141894425e-10 4.8767307279021499e-10 2.9949389654998494e-09 
