8.2267534407852409e-08 2.4638386004060940e-08 4.8785798537309943e-09 6.3615154196384398e-10 5.8196149272723765e-11 3.4684045531396992e-12 1.1550324166366772e-13 1.6208367075572223e-15 5.2207986871300625e-18 6.0588898335823607e-22 
2.4638386004060940e-08 8.7902501020888236e-08 3.4700010809939286e-08 1.0531127162107145e-08 1.9882768539501587e-09 2.3555840728477159e-10 1.5796565434757442e-11 4.6627756635187993e-13 3.4059043378392555e-15 1.0474100928209889e-18 
4.8785798537309943e-09 3.4700010809939286e-08 7.9287352175184592e-08 3.3336074299068545e-08 1.2125341428263028e-08 2.5950149859123714e-09 3.0785825090041016e-10 1.6453811058161058e-11 2.3434071509246330e-13 1.6780618705575429e-16 
6.3615154196384398e-10 1.0531127162107145e-08 3.3336074299068545e-08 7.1690811461316119e-08 2.9667925033001083e-08 1.1367874426001302e-08 2.3513859170136858e-09 2.1985532273165185e-10 5.7861603560624142e-12 9.1412463797770228e-15 
5.8196149272723765e-11 1.9882768539501587e-09 1.2125341428263028e-08 2.9667925033001083e-08 6.5250808525564884e-08 2.5463959327793352e-08 9.3475268155404573e-09 1.5584784530545757e-09 7.6353675567232392e-11 2.6503366014902954e-13 
3.4684045531396992e-12 2.3555840728477159e-10 2.5950149859123714e-09 1.1367874426001302e-08 2.5463959327793352e-08 5.9760110777628698e-08 2.1106017830242798e-08 6.5577592040499169e-09 6.2984898669042607e-10 5.0519882048653798e-12 
1.1550324166366772e-13 1.5796565434757442e-11 3.0785825090041016e-10 2.3513859170136858e-09 9.3475268155404573e-09 2.1106017830242798e-08 5.4838611394395736e-08 1.6414802480390076e-08 3.3722287182512245e-09 6.9856862132923236e-11 
1.6208367075572223e-15 4.6627756635187993e-13 1.6453811058161058e-11 2.1985532273165185e-10 1.5584784530545757e-09 6.5577592040499169e-09 1.6414802480390076e-08 5.0096640138326892e-08 1.1019088941482770e-08 7.1279828371238705e-10 
5.2207986871300625e-18 3.4059043378392555e-15 2.3434071509246330e-13 5.7861603560624142e-12 7.6353675567232392e-11 6.2984898669042607e-10 3.3722287182512245e-09 1.1019088941482770e-08 4.5265593737388075e-08 4.8967022088975601e-09 
6.0588898335823607e-22 1.0474100928209889e-18 1.6780618705575429e-16 9.1412463797770228e-15 2.6503366014902954e-13 5.0519882048653798e-12 6.9856862132923236e-11 7.1279828371238705e-10 4.8967022088975601e-09 3.7781628806920320e-08 
