6.5007858655904472e-08 1.7417087286934212e-08 3.5274200185172162e-09 4.6816142141781836e-10 4.3430469081615725e-11 2.6180312858220906e-12 8.8021879958442961e-14 1.2453077081822108e-15 4.0380167268780873e-18 4.7039533227865716e-22 
1.7417087286934212e-08 7.1205398532713389e-08 2.5424092715890416e-08 7.8250140016687311e-09 1.4946569621824546e-09 1.7881071364087960e-10 1.2089437124660319e-11 3.5927575882311310e-13 2.6380295193185493e-15 8.1317550393511240e-19 
3.5274200185172162e-09 2.5424092715890416e-08 6.6088692305600486e-08 2.4985806010721433e-08 9.1720185033535973e-09 1.9787036303040253e-09 2.3636003903271218e-10 1.2704183648916251e-11 1.8168321911706567e-13 1.3025539738502230e-16 
4.6816142141781836e-10 7.8250140016687311e-09 2.4985806010721433e-08 6.1056979825747398e-08 2.2572730702463779e-08 8.7041201562366597e-09 1.8103834667090914e-09 1.7004101548159467e-10 4.4890626856091057e-12 7.0931266720735800e-15 
4.3430469081615725e-11 1.4946569621824546e-09 9.1720185033535973e-09 2.2572730702463779e-08 5.6543064539997122e-08 1.9573421315913863e-08 7.2157262586552518e-09 1.2071498444214359e-09 5.9264628037955318e-11 2.0553703203403937e-13 
2.6180312858220906e-12 1.7881071364087960e-10 1.9787036303040253e-09 8.7041201562366597e-09 1.9573421315913863e-08 5.2546858768130751e-08 1.6330931646019535e-08 5.0857777349281525e-09 4.8897515243676769e-10 3.9145702947822175e-12 
8.8021879958442961e-14 1.2089437124660319e-11 2.3636003903271218e-10 1.8103834667090914e-09 7.2157262586552518e-09 1.6330931646019535e-08 4.8852739769335019e-08 1.2741089965735400e-08 2.6173217192269179e-09 5.4056073240619337e-11 
1.2453077081822108e-15 3.5927575882311310e-13 1.2704183648916251e-11 1.7004101548159467e-10 1.2071498444214359e-09 5.0857777349281525e-09 1.2741089965735400e-08 4.5199152257469113e-08 8.5427368229522383e-09 5.5023796750814830e-10 
4.0380167268780873e-18 2.6380295193185493e-15 1.8168321911706567e-13 4.4890626856091057e-12 5.9264628037955318e-11 4.8897515243676769e-10 2.6173217192269179e-09 8.5427368229522383e-09 4.1391885219198029e-08 3.7613805435945187e-09 
4.7039533227865716e-22 8.1317550393511240e-19 1.3025539738502230e-16 7.0931266720735800e-15 2.0553703203403937e-13 3.9145702947822175e-12 5.4056073240619337e-11 5.5023796750814830e-10 3.7613805435945187e-09 3.5476551063897426e-08 
