9.283353548205e-10 2.315802177015e-09 3.153083086422e-09 3.699415937342e-09 4.095565216309e-09 4.410556870499e-09 4.680427420080e-09 4.928855268939e-09 5.180965193326e-09 5.526207308281e-09 
7.050291877136e-11 5.674584717621e-10 1.348324125424e-09 2.088561238964e-09 2.686796551551e-09 3.168466150799e-09 3.580109054565e-09 3.958724066340e-09 4.342918867255e-09 4.869048672537e-09 
4.252998737313e-12 8.757001054179e-11 4.027321320560e-10 9.553671006468e-10 1.572028528994e-09 2.120619318110e-09 2.592695244036e-09 3.025049310759e-09 3.463283600858e-09 4.063365460545e-09 
-1.714890826939e-13 1.693664373706e-12 5.587143522156e-11 2.927758643630e-10 7.469920845279e-10 1.283184382691e-09 1.790021353982e-09 2.257723774135e-09 2.729543311128e-09 3.374920973718e-09 
-7.396498043226e-14 -2.288316950758e-12 -6.215253836611e-12 3.875079509785e-11 2.395342085271e-10 6.273429398868e-10 1.113071599677e-09 1.606651930197e-09 2.105443166596e-09 2.783608262011e-09 
-6.930890514409e-15 -4.332004807414e-13 -3.747440950178e-12 -7.346793105500e-12 2.886852664832e-11 1.931344447679e-10 5.431296988725e-10 1.023922891085e-09 1.551171369117e-09 2.258762835396e-09 
-2.675263886772e-16 -3.431076391613e-14 -6.127963973100e-13 -4.022245010580e-12 -1.072711299902e-11 6.735963820010e-12 1.397649419253e-10 4.883602083692e-10 1.023727684646e-09 1.769925114574e-09 
-4.133278841239e-18 -1.214723199236e-15 -4.396732266395e-14 -5.985482050040e-13 -4.224355880040e-12 -1.636995862705e-11 -2.534101552550e-11 6.850789228076e-11 4.711133236270e-10 1.280103760366e-09 
-1.718529073602e-20 -1.214707634825e-17 -9.020883566511e-16 -2.413069844083e-14 -3.487063805826e-13 -3.205752122324e-12 -1.941398656994e-11 -6.828735287928e-11 -3.698986138442e-11 6.994646033365e-10 
-3.452444287075e-24 -6.646625829710e-21 -1.184492420319e-18 -7.193311936374e-17 -2.335015789078e-15 -5.028621039169e-14 -7.998902992679e-13 -9.670855089325e-12 -8.008582237131e-11 -1.388624972310e-11 
