-1.6554062622695829e-09 2.8937021428290376e-09 4.0742113107321367e-09 4.7770955870602518e-09 5.2801068698326636e-09 5.6794838988192951e-09 6.0216109987151686e-09 6.3365505631278119e-09 6.6561567031738181e-09 7.0938596196220596e-09 
-6.9222295473403681e-09 -2.3837155365102230e-10 1.4980243563039235e-09 2.5592062799521719e-09 3.3198133774756959e-09 3.9161650603139676e-09 4.4236719533809553e-09 4.8902585291151222e-09 5.3637082965050682e-09 6.0120953854162815e-09 
-9.6763583983056100e-09 -2.0978285477974128e-09 -1.8752033586210349e-10 1.0004314619508599e-09 1.8955761831234134e-09 2.5959413250177753e-09 3.1783298750365007e-09 3.7084932193624892e-09 4.2455496235350950e-09 4.9809585059088663e-09 
-1.1638455049487975e-08 -3.4543681359540883e-09 -1.4057576921460373e-09 -1.8618747907682319e-10 7.5925907388475936e-10 1.5406107909096182e-09 2.1895612863423068e-09 2.7669803480265551e-09 3.3460500651371129e-09 4.1378332875360212e-09 
-1.3222634230223374e-08 -4.5678984227761839e-09 -2.3673129440268881e-09 -1.0919666459478962e-09 -1.6090575202173414e-10 6.3592953976046143e-10 1.3424388931798936e-09 1.9736529294356516e-09 2.5909708509610735e-09 3.4271132920759757e-09 
-1.4626724321128200e-08 -5.5632945254383047e-09 -3.2339166499063881e-09 -1.8667057794087436e-09 -9.1547554439135341e-10 -1.5025244346965567e-10 5.6112104933670025e-10 1.2493101917406969e-09 1.9198837735386963e-09 2.7993575613649928e-09 
-1.5973115587008223e-08 -6.5127222009939527e-09 -4.0742945641369710e-09 -2.6234670907518202e-09 -1.6051097702463051e-09 -8.3060749615674663e-10 -1.6374449052763591e-10 5.2452089150863630e-10 1.2697811616661710e-09 2.2137664558193372e-09 
-1.7403108523925630e-08 -7.5011445503513410e-09 -4.9478984959416002e-09 -3.4222851282907750e-09 -2.3328297576194390e-09 -1.4905339459736099e-09 -8.1780705623007155e-10 -2.1112985872181172e-10 5.4132630129575174e-10 1.6199036791695285e-09 
-1.9564930092725426e-08 -8.8685236492884917e-09 -6.1103519436606180e-09 -4.4613875657988565e-09 -3.2777801736690613e-09 -2.3407632970908636e-09 -1.5613521386768684e-09 -9.2343017363383102e-10 -3.3145417694065874e-10 8.7466277542942359e-10 
-2.4306441254365587e-08 -1.1679618080899017e-08 -8.4236553820020860e-09 -6.4770499669498854e-09 -5.0792645367386291e-09 -3.9679817380315952e-09 -3.0167007785629440e-09 -2.1527614997948307e-09 -1.3738886230997416e-09 -3.9551717884837030e-10 
