-4.4227803839941674e-10 5.0048801421980402e-10 7.4557312368256288e-10 8.9154698394653886e-10 9.9594239155510273e-10 1.0787937066386204e-09 1.1497607518581953e-09 1.2150875610712492e-09 1.2813823084798533e-09 1.3721733672367878e-09 
-1.7971865765801387e-09 -9.2822428943580009e-11 3.4935040951986173e-10 6.2023808558896456e-10 8.1465363813051697e-10 9.6691974863146352e-10 1.0963902206797042e-09 1.2153985589808557e-09 1.3361553138728291e-09 1.5015309619141675e-09 
-2.7085111480583645e-09 -5.9924237787152681e-10 -6.8161099956960606e-11 2.6192121343397411e-10 5.1131279297037289e-10 7.0659306155278564e-10 8.6879760534916661e-10 1.0163592425139011e-09 1.1658210885666171e-09 1.3704824627870999e-09 
-3.3884097125540902e-09 -1.0104189113959686e-09 -4.1509740836914775e-10 -6.1161083845488327e-11 2.1323226292419034e-10 4.4040117327803849e-10 6.2913339685297919e-10 7.9695120643491312e-10 9.6519947134777506e-10 1.1952454910435594e-09 
-3.9126277052783078e-09 -1.3527675025402261e-09 -7.0178960755271723e-10 -3.2461083025227665e-10 -4.9444479111630479e-11 1.8619404959889315e-10 3.9527848483559561e-10 5.8201637689753682e-10 7.6458521373030715e-10 1.0118872241439337e-09 
-4.3229522331711450e-09 -1.6432784250991726e-09 -9.5457999416679183e-10 -5.5039960841584604e-10 -2.6926842387693162e-10 -4.3000786581022217e-11 1.6755790104066822e-10 3.7111974475274900e-10 5.6924308203201432e-10 8.2920368948673369e-10 
-4.6395191990103779e-09 -1.8894869783526769e-09 -1.1806696334780199e-09 -7.5897940726561589e-10 -4.6311070907950491e-10 -2.3812640945387397e-10 -4.3997321133812078e-11 1.5667689253303292e-10 3.7321177007398854e-10 6.4723618075464077e-10 
-4.8750774011868475e-09 -2.0983964711161734e-09 -1.3824234573373027e-09 -9.5462834149248331e-10 -6.4920877589990850e-10 -4.1327880639758931e-10 -2.2489919966119289e-10 -5.4085265807651186e-11 1.5807466541956377e-10 4.5960430283142483e-10 
-5.1282479378363100e-09 -2.3211405832495697e-09 -1.5973009438556409e-09 -1.1645565220501289e-09 -8.5394826430120843e-10 -6.0813009719658097e-10 -4.0398692142543723e-10 -2.3731200450426251e-10 -8.0489254372072244e-11 2.3756196572651575e-10 
-5.4529583066879091e-09 -2.6128890626207336e-09 -1.8805466922703465e-09 -1.4427094870720462e-09 -1.1283149085163357e-09 -8.7836423729525291e-10 -6.6444012446068700e-10 -4.7054120829780315e-10 -2.9781015549055088e-10 -7.6127981109057137e-11 
