-3.9285942240104763e-10 4.3510700261648553e-10 6.5036798450237013e-10 7.7858505768256068e-10 8.7027765296262428e-10 9.4304499601646384e-10 1.0053738838467575e-09 1.0627490007654710e-09 1.1209742335055601e-09 1.2007140395081039e-09 
-1.6034214784189169e-09 -8.5224475101292269e-11 3.0858992779110694e-10 5.4990503214334595e-10 7.2312620602918258e-10 8.5877964953392405e-10 9.7411323588071812e-10 1.0801244123815169e-09 1.1876927812155219e-09 1.3350069970812932e-09 
-2.4367472723057543e-09 -5.4047651223076698e-10 -6.3084179155070366e-11 2.3359067733459597e-10 4.5781516813907835e-10 6.3341827840107441e-10 7.7925978823094858e-10 9.1192189550439515e-10 1.0462891361787000e-09 1.2302807654950370e-09 
-3.0674678053315373e-09 -9.1554727278959811e-10 -3.7679466464408993e-10 -5.6564911292516527e-11 1.9166895177812267e-10 3.9724689711647666e-10 5.6806860954712730e-10 7.1994566918198644e-10 8.7219945917008827e-10 1.0803728885588046e-09 
-3.5586770857259851e-09 -1.2309187534262015e-09 -6.3892982433427112e-10 -2.9593170919778799e-10 -4.5772087683265400e-11 1.6844154675952041e-10 3.5857374168943073e-10 5.2840905137321344e-10 6.9443512133187153e-10 9.1931440940702503e-10 
-3.9459226650285867e-09 -1.5002830850275944e-09 -8.7172278968009026e-10 -5.0281772632154461e-10 -2.4623490857681176e-10 -3.9774309516770917e-11 1.5235244516792263e-10 3.3814977317234909e-10 5.1899553346382441e-10 7.5625743386298812e-10 
-4.2460125272362843e-09 -1.7294016882799970e-09 -1.0807470692944602e-09 -6.9484272619644882e-10 -4.2407311601508460e-10 -2.1818429856401013e-10 -4.0566794596757129e-11 1.4304637182234413e-10 3.4122265822730459e-10 5.9200486508131142e-10 
-4.4689869956214247e-09 -1.9236672663334858e-09 -1.2673511574164701e-09 -8.7520050425850869e-10 -5.9522606878359657e-10 -3.7894723503548766e-10 -2.0626415478588155e-10 -4.9708054754861068e-11 1.4476511240426527e-10 4.2119246507604860e-10 
-4.7020484534011816e-09 -2.1282018046632165e-09 -1.4645106826464404e-09 -1.0677257844798702e-09 -7.8292789936606600e-10 -5.5753617681113888e-10 -3.7035834402109205e-10 -2.1754656428257345e-10 -7.3754984945071258e-11 2.1790766839807296e-10 
-4.9743985737002508e-09 -2.3832583693858981e-09 -1.7151050331718835e-09 -1.3156437960180491e-09 -1.0288055738370090e-09 -8.0076290201837904e-10 -6.0559035604266499e-10 -4.2870142883369456e-10 -2.7120851605755960e-10 -6.8919987969391757e-11 
