-5.0058776009754318e-10 5.8049307803839567e-10 8.6150533793981712e-10 1.0288686147662031e-09 1.1485666058532322e-09 1.2435662481094683e-09 1.3249399435983700e-09 1.3998464093183298e-09 1.4758627580838415e-09 1.5799676139965235e-09 
-2.0250537495474103e-09 -1.0127615565739615e-10 3.9790055578874658e-10 7.0363724716282811e-10 9.2302485132661177e-10 1.0948672734539781e-09 1.2409983513824784e-09 1.3753244471461857e-09 1.5116243565920454e-09 1.6982862828969537e-09 
-3.0250895308414732e-09 -6.6751813902202206e-10 -7.3839622311046938e-11 2.9519593494073335e-10 5.7392143506119348e-10 7.9213503095440896e-10 9.7341326594575573e-10 1.1383439689294866e-09 1.3054025482534543e-09 1.5341599692905273e-09 
-3.7604140825436336e-09 -1.1203191345067843e-09 -4.5941228245714719e-10 -6.6390827988113727e-11 2.3833464103499887e-10 4.9053445540135016e-10 7.0002977163515959e-10 8.8632852251565611e-10 1.0731207755905833e-09 1.3285259398340945e-09 
-4.3220136195906809e-09 -1.4936820391012306e-09 -7.7447315350756569e-10 -3.5775795513474162e-10 -5.3663351322872363e-11 2.0675921618880481e-10 4.3776348166510308e-10 6.4405180675668775e-10 8.4575590478878309e-10 1.1189942902056517e-09 
-4.7590398939135431e-09 -1.8086854006138496e-09 -1.0504321447467254e-09 -6.0545235496627353e-10 -2.9592683525073576e-10 -4.6751038339345513e-11 1.8512137567134387e-10 4.0922930297659478e-10 6.2733751824943017e-10 9.1355174853388208e-10 
-5.0956285095855530e-09 -2.0750637504949762e-09 -1.2965184503802220e-09 -8.3335214750052746e-10 -5.0839202130404097e-10 -2.6127554837442846e-10 -4.8013288817904967e-11 1.7243032451055425e-10 4.1024248332235936e-10 7.1120835268643112e-10 
-5.3477725307283995e-09 -2.3018212024364144e-09 -1.5164163154014682e-09 -1.0471361402507064e-09 -7.1210129810357952e-10 -4.5329729849316808e-10 -2.4664467273397964e-10 -5.9243788222600206e-11 1.7348115165972899e-10 5.0424029351901064e-10 
-5.6289568584860085e-09 -2.5478513904822929e-09 -1.7533586999127534e-09 -1.2783746539280372e-09 -9.3744825547268811e-10 -6.6763501616882792e-10 -4.4355783772072813e-10 -2.6059096603638207e-10 -8.8485129569507088e-11 2.6055432741974568e-10 
-6.0253271212414053e-09 -2.8876213809631252e-09 -2.0785302323758152e-09 -1.5948081076627839e-09 -1.2474652719582892e-09 -9.7131987042348272e-10 -7.3497462821330181e-10 -5.2073256771896622e-10 -3.2975034993044417e-10 -8.4901436253549638e-11 
