-4.8507859451695464e-10 5.5889531274316345e-10 8.3026970590365325e-10 9.9189511878058175e-10 1.1074879744800581e-09 1.1992286001563410e-09 1.2778105048354873e-09 1.3501470361612059e-09 1.4235553709415127e-09 1.5240885344026935e-09 
-1.9644780829831172e-09 -9.9076098950358913e-11 3.8493365729717887e-10 6.8139912762482014e-10 8.9414355825477558e-10 1.0607779348586707e-09 1.2024764933328917e-09 1.3327273007133986e-09 1.4648919520529658e-09 1.6458906613500887e-09 
-2.9412158154921592e-09 -6.4944606573785081e-10 -7.2357117004920877e-11 2.8635491840383630e-10 5.5730723488444731e-10 7.6944381021661378e-10 9.4566754513950321e-10 1.1059953507097345e-09 1.2683906767405706e-09 1.4907624808799866e-09 
-3.6620207368698680e-09 -1.0912567064502086e-09 -4.4769825915085109e-10 -6.5015871696289103e-11 2.3168589613973770e-10 4.7726472282455678e-10 6.8126809013064112e-10 8.6267836275745444e-10 1.0445654093280000e-09 1.2932626384032950e-09 
-4.2138014079117792e-09 -1.4564352808891402e-09 -7.5526187382884658e-10 -3.4899743113810360e-10 -5.2549849567378503e-11 2.0132156553699700e-10 4.2653197708707769e-10 6.2765245773413630e-10 8.2429846201598515e-10 1.0906810350744909e-09 
-4.6437385788798666e-09 -1.7649500283843849e-09 -1.0250865628711658e-09 -5.9089396723113503e-10 -2.8887587511539171e-10 -4.5756525541904588e-11 1.8048102784376593e-10 3.9915664563799623e-10 6.1198087811199208e-10 8.9125376423092109e-10 
-4.9749281374297946e-09 -2.0259518313467300e-09 -1.2658579881920760e-09 -8.1366717350400061e-10 -4.9640538862332929e-10 -2.5514565060441596e-10 -4.6946298377964431e-11 1.6826667634383765e-10 4.0044855866773235e-10 6.9428454883945537e-10 
-5.2224199760853774e-09 -2.2478709173504396e-09 -1.4808772399090236e-09 -1.0225976510991570e-09 -6.9541599564952001e-10 -4.4267794433305318e-10 -2.4087133013863397e-10 -5.7867338467932522e-11 1.6940627479910581e-10 4.9241282140617407e-10 
-5.4957292734449453e-09 -2.4875250097125129e-09 -1.7118305965686295e-09 -1.2480850215637369e-09 -9.1522522463538838e-10 -6.5179634686334512e-10 -4.3302335467437996e-10 -2.5439164227434938e-10 -8.6350788923072256e-11 2.5444519697389911e-10 
-5.8719421886529863e-09 -2.8139889756746628e-09 -2.0254628759438539e-09 -1.5540357431998615e-09 -1.2155214849304623e-09 -9.4639503784055877e-10 -7.1605765096822357e-10 -5.0726715627130256e-10 -3.2117889822586657e-10 -8.2534146604270612e-11 
