1.807042497988e-10 4.866500039600e-10 6.848993430415e-10 8.164668207047e-10 9.121267497766e-10 9.881940333256e-10 1.053361106363e-09 1.113349767960e-09 1.174227481456e-09 1.257581223812e-09 
1.766729699879e-11 1.495083814268e-10 3.669504508638e-10 5.792103429474e-10 7.528116379151e-10 8.928762270167e-10 1.012547619203e-09 1.122603491854e-09 1.234279618433e-09 1.387198342819e-09 
1.144883955448e-12 2.486500906191e-11 1.187919954007e-10 2.891565043246e-10 4.830509705237e-10 6.568072496858e-10 8.064935090415e-10 9.435521679041e-10 1.082460862493e-09 1.272656119593e-09 
-6.107967909846e-14 3.155723196526e-13 1.682988284641e-11 9.271624568875e-11 2.413266647451e-10 4.187272373788e-10 5.872185868051e-10 7.427778037110e-10 8.996708510003e-10 1.114256048204e-09 
-2.431385116062e-14 -7.684215544570e-13 -2.207108051702e-12 1.239192182477e-11 7.942368765543e-11 2.107144182989e-10 3.762700194247e-10 5.447085034201e-10 7.149015636592e-10 9.462711030717e-10 
-2.307730171805e-15 -1.460166981125e-13 -1.280647286283e-12 -2.594552924442e-12 9.626559251412e-12 6.603908198015e-11 1.866066444024e-10 3.521802778121e-10 5.336681536717e-10 7.771600236001e-10 
-9.069404139278e-17 -1.175131160474e-14 -2.111218642279e-13 -1.389019704876e-12 -3.696633234247e-12 2.369530253801e-12 4.827833565092e-11 1.684344589628e-10 3.522907624175e-10 6.077539884167e-10 
-1.423898281379e-18 -4.189712201390e-16 -1.514990230010e-14 -2.059743211542e-13 -1.451503431453e-12 -5.602994678991e-12 -8.455442126936e-12 2.457039468837e-11 1.617886866614e-10 4.326591010641e-10 
-5.915735758770e-21 -4.177047782343e-18 -3.097792315639e-16 -8.262176425969e-15 -1.186992314333e-13 -1.079752709623e-12 -6.422813618128e-12 -2.193160619129e-11 -9.617451974651e-12 2.281383695219e-10 
-1.169752063944e-24 -2.234446685543e-21 -3.947936642147e-19 -2.375791136400e-17 -7.639794256891e-16 -1.629220545735e-14 -2.563428434922e-13 -3.055135239838e-12 -2.460935203334e-11 -2.938094291436e-13 
