4.907085193431e-09 1.116585149498e-08 1.477822296315e-08 1.712838022101e-08 1.883275060688e-08 2.018801320174e-08 2.134912994958e-08 2.241798675271e-08 2.350268452747e-08 2.498781746528e-08 
2.887858868106e-10 2.321369730102e-09 5.548571723987e-09 8.650111152812e-09 1.117780450986e-08 1.321729284629e-08 1.496016015552e-08 1.656300150063e-08 1.818943269449e-08 2.041650996535e-08 
1.720075094432e-11 3.612826863936e-10 1.699822461376e-09 4.117092429994e-09 6.875285071602e-09 9.357083152123e-09 1.149902043602e-08 1.346042407255e-08 1.544810554188e-08 1.816961791016e-08 
-8.545645115127e-13 4.246791392376e-12 2.355902089680e-10 1.310804425437e-09 3.445181786915e-09 6.029611190042e-09 8.507199406075e-09 1.080031817955e-08 1.311260383678e-08 1.627464389779e-08 
-3.475291349122e-13 -1.116977008397e-11 -3.405006030976e-11 1.704365444902e-10 1.149835910647e-09 3.121540239194e-09 5.659950983823e-09 8.271064591198e-09 1.091493637902e-08 1.450693424965e-08 
-3.357532584901e-14 -2.170565270934e-12 -1.960368503802e-11 -4.317532705604e-11 1.335703862937e-10 1.001934594052e-09 2.921263058385e-09 5.623385378531e-09 8.626040227804e-09 1.265591722574e-08 
-1.365898963965e-15 -1.817335244744e-13 -3.351412195501e-12 -2.278459008424e-11 -6.466500061348e-11 1.877662960938e-11 7.573694523655e-10 2.801974519323e-09 6.070239315943e-09 1.066981562949e-08 
-2.257897784584e-17 -6.818076612117e-15 -2.524603973874e-13 -3.524124964718e-12 -2.572753840587e-11 -1.053530011764e-10 -1.890765878935e-10 3.517385255107e-10 2.973239760407e-09 8.427873117475e-09 
-1.004197850849e-19 -7.283511533228e-17 -5.554495527897e-15 -1.528010582923e-13 -2.274932415629e-12 -2.159720916184e-11 -1.354039906996e-10 -4.962073483456e-10 -3.338038004858e-10 4.957685067170e-09 
-2.289873832017e-23 -4.495386772426e-20 -8.143233615230e-18 -5.016835401446e-16 -1.649974996630e-14 -3.598549547760e-13 -5.800973777376e-12 -7.126977052909e-11 -6.046406905125e-10 -1.903397091318e-10 
