8.7548255994720271e-08 2.6813377373524130e-08 5.2839389793983943e-09 6.8646834001741417e-10 6.2594428212022092e-11 3.7199103184809010e-12 1.2363647491771532e-13 1.7327264674454468e-15 5.5771277143206618e-18 6.4732485438169597e-22 
2.6813377373524130e-08 9.2913772107359653e-08 3.7479822268508735e-08 1.1339143166992014e-08 2.1346137049565604e-09 2.5233401986865175e-10 1.6896938227415584e-11 4.9828421719950213e-13 3.6380604623003039e-15 1.1192352039757318e-18 
5.2839389793983943e-09 3.7479822268508735e-08 8.3231841485812590e-08 3.5816364942397142e-08 1.2998492996732185e-08 2.7774962920044908e-09 3.2914627402841557e-10 1.7579455121089265e-11 2.5030845229877040e-13 1.7935138968282688e-16 
6.8646834001741417e-10 1.1339143166992014e-08 3.5816364942397142e-08 7.4835565788081075e-08 3.1766539516160839e-08 1.2158881125800923e-08 2.5130372868560850e-09 2.3486284771984695e-10 6.1805981665330377e-12 9.7726764593800057e-15 
6.2594428212022092e-11 2.1346137049565604e-09 1.2998492996732185e-08 3.1766539516160839e-08 6.7834491168618430e-08 2.7220204110189081e-08 9.9872339468603182e-09 1.6647173841153591e-09 8.1565998970278463e-11 2.8342829670496300e-13 
3.7199103184809010e-12 2.5233401986865175e-10 2.7774962920044908e-09 1.2158881125800923e-08 2.7220204110189081e-08 6.1921918655084519e-08 2.2546029425946692e-08 7.0046751242689832e-09 6.7297267631215550e-10 5.4046950005334973e-12 
1.2363647491771532e-13 1.6896938227415584e-11 3.2914627402841557e-10 2.5130372868560850e-09 9.9872339468603182e-09 2.2546029425946692e-08 5.6653484409571816e-08 1.7535440728707301e-08 3.6044103835782725e-09 7.4772506708046445e-11 
1.7327264674454468e-15 4.9828421719950213e-13 1.7579455121089265e-11 2.3486284771984695e-10 1.6647173841153591e-09 7.0046751242689832e-09 1.7535440728707301e-08 5.1599824433635866e-08 1.1785405460572838e-08 7.6355774185088069e-10 
5.5771277143206618e-18 3.6380604623003039e-15 2.5030845229877040e-13 6.1805981665330377e-12 8.1565998970278463e-11 6.7297267631215550e-10 3.6044103835782725e-09 1.1785405460572838e-08 4.6472728634235548e-08 5.2529580116689226e-09 
6.4732485438169597e-22 1.1192352039757318e-18 1.7935138968282688e-16 9.7726764593800057e-15 2.8342829670496300e-13 5.4046950005334973e-12 7.4772506708046445e-11 7.6355774185088069e-10 5.2529580116689226e-09 3.8511561612269557e-08 
