1.378554233792e-08 3.266567737012e-08 4.414736432334e-08 5.170510006538e-08 5.719747195696e-08 6.156499707856e-08 6.530668111458e-08 6.875103864803e-08 7.224644528347e-08 7.703309235668e-08 
9.658124294290e-10 8.011680055117e-09 1.956439163661e-08 3.094300210392e-08 4.030597342882e-08 4.786729354110e-08 5.432687564621e-08 6.026712893703e-08 6.629479304590e-08 7.454928343094e-08 
5.943300417157e-11 1.304783302561e-09 6.377960974911e-09 1.579977588351e-08 2.663358283719e-08 3.637042272614e-08 4.476448361619e-08 5.245123205995e-08 6.024134098409e-08 7.090823352434e-08 
-3.705022029693e-12 1.059789378974e-11 9.249375251779e-10 5.216161404886e-09 1.366832059893e-08 2.380097859087e-08 3.347127732055e-08 4.242254032812e-08 5.145108012943e-08 6.379819181135e-08 
-1.388822373111e-12 -4.406020930189e-11 -1.285248196342e-10 6.952786047060e-10 4.517355625075e-09 1.209555984871e-08 2.181888241934e-08 3.184769881179e-08 4.201194354678e-08 5.581879914312e-08 
-1.319573185688e-13 -8.401216171494e-12 -7.474801194556e-11 -1.612776201390e-10 5.106783982364e-10 3.796662465527e-09 1.113543419517e-08 2.158754640009e-08 3.324572476291e-08 4.888364431494e-08 
-5.247826213024e-15 -6.927618285978e-13 -1.279181225708e-11 -8.790298870020e-11 -2.570334200790e-10 3.735266470623e-11 2.892292798721e-09 1.095344795789e-08 2.388621921539e-08 4.207272690041e-08 
-8.614704151897e-17 -2.626345110882e-14 -9.838531921128e-13 -1.388862384783e-11 -1.023722416714e-10 -4.216808865171e-10 -7.555027208000e-10 1.414487702600e-09 1.182431255232e-08 3.341595468736e-08 
-3.946096326750e-19 -2.886103187321e-16 -2.209965194100e-14 -6.085234893554e-13 -9.046820937493e-12 -8.560261733184e-11 -5.344052116534e-10 -1.952605097306e-09 -1.314667352385e-09 1.956574651528e-08 
-9.091021956645e-23 -1.780428538118e-19 -3.218398204969e-17 -1.979617130152e-15 -6.504676756453e-14 -1.418406728440e-12 -2.287942162335e-11 -2.813346191788e-10 -2.375412663490e-09 -4.485438179562e-10 
