4.815614889947e-10 1.246883358304e-09 1.723946671158e-09 2.037370961981e-09 2.264863959326e-09 2.445754259253e-09 2.600729589121e-09 2.743390844717e-09 2.888166425521e-09 3.086391794016e-09 
4.133564754034e-11 3.395457874613e-10 8.167680206003e-10 1.273761599148e-09 1.644464987746e-09 1.943105736629e-09 2.198305764930e-09 2.433021490660e-09 2.671195362072e-09 2.997327765422e-09 
2.571871923098e-12 5.396638585171e-11 2.513576490713e-10 6.009653693844e-10 9.931370419670e-10 1.342603671649e-09 1.643354909502e-09 1.918777841536e-09 2.197941592611e-09 2.580178222480e-09 
-1.135756243334e-13 9.573949413975e-13 3.516999165041e-11 1.866731698655e-10 4.785745589157e-10 8.237165120644e-10 1.150034002037e-09 1.451112603624e-09 1.754827260394e-09 2.170243181778e-09 
-4.761895379797e-14 -1.480472746893e-12 -4.065898254481e-12 2.484410405184e-11 1.543962072330e-10 4.047490335050e-10 7.181430234241e-10 1.036278592047e-09 1.357657454326e-09 1.794619555797e-09 
-4.472451581104e-15 -2.798351293179e-13 -2.421127694887e-12 -4.739587876486e-12 1.870547146359e-11 1.248570012181e-10 3.503340344996e-10 6.589030339539e-10 9.965873304223e-10 1.449747575875e-09 
-1.727775108160e-16 -2.214765087675e-14 -3.949881473863e-13 -2.583866999945e-12 -6.823378427071e-12 4.680935529723e-12 9.026219226255e-11 3.124832874256e-10 6.516709874963e-10 1.123418495719e-09 
-2.664285864941e-18 -7.807413260238e-16 -2.815218825489e-14 -3.814759491021e-13 -2.676349414164e-12 -1.027866055384e-11 -1.548903847147e-11 4.471371020328e-11 2.972384987039e-10 7.988211118706e-10 
-1.096706964552e-20 -7.716014777908e-18 -5.705613466306e-16 -1.519516978392e-14 -2.184489955650e-13 -1.994295533247e-12 -1.194887074392e-11 -4.123448693145e-11 -1.931376375029e-11 4.257915807403e-10 
-2.155764050624e-24 -4.130530780077e-21 -7.323791453652e-19 -4.423073102909e-17 -1.426992027833e-15 -3.051712270160e-14 -4.813486359370e-13 -5.757317510109e-12 -4.701787763000e-11 -5.132782020052e-12 
