4.346756703560e-10 1.131183993937e-09 1.567359424405e-09 1.854235957015e-09 2.062496218908e-09 2.228094270378e-09 2.369967617555e-09 2.500567902910e-09 2.633103860789e-09 2.814600343533e-09 
3.793191075847e-11 3.126196121440e-10 7.535966388390e-10 1.176675925074e-09 1.520140297496e-09 1.796866611654e-09 2.033337022407e-09 2.250825031716e-09 2.471517241694e-09 2.773740901006e-09 
2.371907016071e-12 4.993166625624e-11 2.331122645149e-10 5.583517600320e-10 9.236034557831e-10 1.249196627259e-09 1.529439245067e-09 1.786075658007e-09 2.046196005091e-09 2.402382984888e-09 
-1.068187096917e-13 8.625828884466e-13 3.269616719078e-11 1.740075089282e-10 4.464290402325e-10 7.688535093078e-10 1.073832600259e-09 1.355207171655e-09 1.639043679863e-09 2.027291097467e-09 
-4.447320565226e-14 -1.382609470141e-12 -3.805586645362e-12 2.313474715805e-11 1.442124378887e-10 3.786033559721e-10 6.720026484230e-10 9.697821207225e-10 1.270623704757e-09 1.679674976596e-09 
-4.175838962902e-15 -2.616867466351e-13 -2.268577324631e-12 -4.450548940150e-12 1.754250261132e-11 1.169965279765e-10 3.279520238191e-10 6.167658459842e-10 9.329333963683e-10 1.357179907333e-09 
-1.617546747752e-16 -2.075118903062e-14 -3.698334095018e-13 -2.416285855135e-12 -6.378836809182e-12 4.326544323373e-12 8.433887178134e-11 2.926799871449e-10 6.104869168136e-10 1.052224943095e-09 
-2.494632923096e-18 -7.302917338006e-16 -2.633790403926e-14 -3.572960144094e-13 -2.510448939215e-12 -9.644094446758e-12 -1.442005812403e-11 4.236413429736e-11 2.783487291666e-10 7.465323533495e-10 
-1.026825860501e-20 -7.233935276600e-18 -5.351846554097e-16 -1.424306727178e-14 -2.043651486567e-13 -1.860304497250e-12 -1.111660093257e-11 -3.838591695096e-11 -1.826648085093e-11 3.971330998775e-10 
-2.013662090246e-24 -3.850866546183e-21 -6.819179585705e-19 -4.116369317969e-17 -1.328520571362e-15 -2.844222019862e-14 -4.493138363575e-13 -5.378281259981e-12 -4.368004831645e-11 -3.864489980285e-12 
