2.302296742477e-09 5.410364703023e-09 7.211810006741e-09 8.380277319291e-09 9.226987058042e-09 9.900235904042e-09 1.047705166138e-08 1.100803680262e-08 1.154689152029e-08 1.228467561231e-08 
1.453899979081e-10 1.152214928069e-09 2.719040799883e-09 4.200732332455e-09 5.398327820417e-09 6.362830841726e-09 7.187143548288e-09 7.945309099626e-09 8.714644842481e-09 9.768097938628e-09 
8.527385419940e-12 1.745332382200e-10 8.020290290876e-10 1.905198124283e-09 3.140478002300e-09 4.242200338011e-09 5.191143246938e-09 6.060260469944e-09 6.941147789438e-09 8.147266885702e-09 
-3.472825335400e-13 3.167325551142e-12 1.106118661615e-10 5.855002822919e-10 1.503574993840e-09 2.595718252582e-09 3.633412445564e-09 4.592307734881e-09 5.559515639427e-09 6.882317144694e-09 
-1.493729736079e-13 -4.668445652412e-12 -1.314858613385e-11 7.661029906203e-11 4.863451285789e-10 1.290115308973e-09 2.309187485052e-09 3.351317915684e-09 4.405620710755e-09 5.838462566739e-09 
-1.412466106949e-14 -8.930025923381e-13 -7.856116200457e-12 -1.623443804204e-11 5.720553272005e-11 4.027667094049e-10 1.153853546768e-09 2.200610169320e-09 3.356812754501e-09 4.908240851877e-09 
-5.554567897253e-16 -7.236925299535e-14 -1.313114355537e-12 -8.789841890157e-12 -2.435110452762e-11 1.026233370436e-11 2.981959535356e-10 1.076702098951e-09 2.297086601894e-09 4.005904869713e-09 
-8.850755203671e-18 -2.641298691375e-15 -9.692477722514e-14 -1.339337299808e-12 -9.635328030552e-12 -3.845421846268e-11 -6.432997838876e-11 1.443979342756e-10 1.092056837461e-09 3.034020182008e-09 
-3.828324931714e-20 -2.746159076808e-17 -2.068678819771e-15 -5.613428123754e-14 -8.231792297947e-13 -7.686482864785e-12 -4.738374886147e-11 -1.713301391441e-10 -1.149928250264e-10 1.732131419301e-09 
-8.214559531921e-24 -1.596358659302e-20 -2.868279022858e-18 -1.755906318556e-16 -5.749846084199e-15 -1.251575824357e-13 -2.020654324478e-12 -2.500684415310e-11 -2.150574164543e-10 -6.281074424407e-11 
