9.954142623937e-10 2.471965453101e-09 3.359814381696e-09 3.938759447369e-09 4.358518181505e-09 4.692282294582e-09 4.978236672504e-09 5.241470416558e-09 5.508605473090e-09 5.874361864925e-09 
7.450000813172e-11 5.985070725378e-10 1.420600728802e-09 2.199302054677e-09 2.828469598521e-09 3.335034872337e-09 3.767952839597e-09 4.166136662813e-09 4.570188541236e-09 5.123457874776e-09 
4.479545250759e-12 9.211554664377e-11 4.232271266310e-10 1.003457996525e-09 1.650936743152e-09 2.226904581481e-09 2.722523838820e-09 3.176447685229e-09 3.636544047364e-09 4.266517332791e-09 
-1.796453227142e-13 1.775327009044e-12 5.858458798090e-11 3.072739089115e-10 7.841519186027e-10 1.346915261117e-09 1.878970613149e-09 2.369998299135e-09 2.865337688920e-09 3.542848316695e-09 
-7.771658750567e-14 -2.405602772177e-12 -6.531788995032e-12 4.068715737635e-11 2.513049964544e-10 6.583130460023e-10 1.168674154364e-09 1.687402163325e-09 2.211592191864e-09 2.924259585822e-09 
-7.280184627047e-15 -4.547138193526e-13 -3.934888501149e-12 -7.751058486674e-12 3.016024043095e-11 2.028734800386e-10 5.712528638329e-10 1.077135369672e-09 1.632095846688e-09 2.376911026983e-09 
-2.807755246964e-16 -3.605766512034e-14 -6.450382030873e-13 -4.238420433745e-12 -1.129881748297e-11 7.112655307227e-12 1.469153947990e-10 5.135340345165e-10 1.078129432203e-09 1.865324174852e-09 
-4.350573857604e-18 -1.279372170335e-15 -4.628880123261e-14 -6.299355670099e-13 -4.449317580490e-12 -1.730784829303e-11 -2.716627857278e-11 7.153452499298e-11 4.981835488318e-10 1.354981245606e-09 
-1.808515735894e-20 -1.278702312247e-17 -9.510425475534e-16 -2.549962889253e-14 -3.694290581234e-13 -3.402810580686e-12 -2.060669022978e-11 -7.226348378726e-11 -3.881382934119e-11 7.402287590513e-10 
-3.662124265748e-24 -7.055702053819e-21 -1.257242379795e-18 -7.629413692217e-17 -2.473851549208e-15 -5.321400952870e-14 -8.458179494630e-13 -1.023537727647e-11 -8.518364104726e-11 -1.620966756576e-11 
