5.993082966910e-10 1.534165503804e-09 2.110830513183e-09 2.488798963821e-09 2.763041559211e-09 2.981103155811e-09 3.167925879630e-09 3.339904181745e-09 3.514431312853e-09 3.753391791999e-09 
4.953025777685e-11 4.039995850317e-10 9.675355338579e-10 1.505115217855e-09 1.940566876305e-09 2.291276743417e-09 2.590981428602e-09 2.866634076885e-09 3.146348425614e-09 3.529362263080e-09 
3.050101589743e-12 6.354445859110e-11 2.944722851680e-10 7.019584900919e-10 1.158025675400e-09 1.564025326959e-09 1.913416950674e-09 2.233394820523e-09 2.557721339750e-09 3.001796106031e-09 
-1.302075543433e-13 1.162860282890e-12 4.109796446196e-11 2.169771147658e-10 5.546975546901e-10 9.536000861445e-10 1.330712145196e-09 1.678622186428e-09 2.029586735851e-09 2.509632304605e-09 
-5.512435540513e-14 -1.706694756349e-12 -4.643808418618e-12 2.878946076375e-11 1.782771296657e-10 4.672423903461e-10 8.287635856657e-10 1.195612810651e-09 1.566264847482e-09 2.070219658898e-09 
-5.160237949693e-15 -3.226383329970e-13 -2.792700800611e-12 -5.466017248578e-12 2.164983464374e-11 1.441298272098e-10 4.037286507205e-10 7.591900907128e-10 1.148568586055e-09 1.671054870330e-09 
-1.993113450551e-16 -2.555364905496e-14 -4.552378585555e-13 -2.972778982053e-12 -7.846110588549e-12 5.276640733353e-12 1.035449961059e-10 3.601548578749e-10 7.525940726985e-10 1.298356112799e-09 
-3.070864812718e-18 -8.986101261415e-16 -3.240962108618e-14 -4.400336489382e-13 -3.098101853302e-12 -1.195038275667e-11 -1.807544500872e-11 5.184933105139e-11 3.443383107119e-10 9.263514525511e-10 
-1.264165976358e-20 -8.919143972716e-18 -6.611076087703e-16 -1.762982211736e-14 -2.534677762344e-13 -2.311849039206e-12 -1.384684513729e-11 -4.806615159549e-11 -2.438749652041e-11 4.964746727600e-10 
-2.500020268406e-24 -4.786317721179e-21 -8.484154235276e-19 -5.127436239514e-17 -1.657577466220e-15 -3.557620449212e-14 -5.642350601001e-13 -6.797149381592e-12 -5.576052018032e-11 -6.869891464929e-12 
