9.5621506041618212e-08 2.9994320841724870e-08 5.8623687082119008e-09 7.5709906156741870e-10 6.8730885745262789e-11 4.0708625053838752e-12 1.3494500639550522e-13 1.8876208292948372e-15 6.0690910883193586e-18 7.0490456902436729e-22 
2.9994320841724870e-08 1.0009361334317934e-07 4.1396356471411459e-08 1.2467600626972725e-08 2.3387939505722216e-09 2.7570496343310214e-10 1.8423189170372428e-11 5.4253769614056612e-13 3.9586070835220568e-15 1.2192433631260909e-18 
5.8623687082119008e-09 4.1396356471411459e-08 8.8744148442965142e-08 3.9276567237959698e-08 1.4216297361654920e-08 3.0311390222108624e-09 3.5862668308144659e-10 1.9134476803535304e-11 2.7237403393522182e-13 1.9545604775404881e-16 
7.5709906156741870e-10 1.2467600626972725e-08 3.9276567237959698e-08 7.9222777202885242e-08 3.4687096064972928e-08 1.3255770108391593e-08 2.7366163322333967e-09 2.5558496449509692e-10 6.7264757733097923e-12 1.0655022547819941e-14 
6.8730885745262789e-11 2.3387939505722216e-09 1.4216297361654920e-08 3.4687096064972928e-08 7.1419116554848479e-08 2.9650979751521722e-08 1.0871041241146300e-08 1.8114305823903269e-09 8.8794580592597935e-11 3.0918025259630729e-13 
4.0708625053838752e-12 2.7570496343310214e-10 3.0311390222108624e-09 1.3255770108391593e-08 2.9650979751521722e-08 6.4909454094471591e-08 2.4534224879775130e-08 7.6226615789476673e-09 7.3293975689311088e-10 5.8995945463795069e-12 
1.3494500639550522e-13 1.8423189170372428e-11 3.5862668308144659e-10 2.7366163322333967e-09 1.0871041241146300e-08 2.4534224879775130e-08 5.9161454632302944e-08 1.9089715902702122e-08 3.9283506346764516e-09 8.1693254138691573e-11 
1.8876208292948372e-15 5.4253769614056612e-13 1.9134476803535304e-11 2.5558496449509692e-10 1.8114305823903269e-09 7.6226615789476673e-09 1.9089715902702122e-08 5.3694110236987146e-08 1.2859063075629370e-08 8.3547081665087675e-10 
6.0690910883193586e-18 3.9586070835220568e-15 2.7237403393522182e-13 6.7264757733097923e-12 8.8794580592597935e-11 7.3293975689311088e-10 3.9283506346764516e-09 1.2859063075629370e-08 4.8177292664050824e-08 5.7640544110846920e-09 
7.0490456902436729e-22 1.2192433631260909e-18 1.9545604775404881e-16 1.0655022547819941e-14 3.0918025259630729e-13 5.8995945463795069e-12 8.1693254138691573e-11 8.3547081665087675e-10 5.7640544110846920e-09 3.9579161642416583e-08 
