4.4654281073807312e-07 1.5311164168992670e-07 2.8565943426819847e-08 3.6442461634075391e-09 3.3315862602953013e-10 2.0140438073489568e-11 6.8976717906299443e-13 1.0099473380342800e-14 3.4739760072805426e-17 4.4780050615041957e-21 
1.5311164168992670e-07 3.8046957070897758e-07 1.9951083501543932e-07 6.0209054744747026e-08 1.1469519362504927e-08 1.3881787259219210e-09 9.6205948342568511e-11 2.9722994473545212e-12 2.3205886144712487e-14 7.8835785968731305e-18 
2.8565943426819847e-08 1.9951083501543932e-07 3.2017923243505478e-07 1.9157770752147633e-07 7.0778070975895924e-08 1.5540942138610263e-08 1.9102925068741554e-09 1.0714605341179047e-10 1.6307357766862125e-12 1.2861508190531887e-15 
3.6442461634075391e-09 6.0209054744747026e-08 1.9157770752147633e-07 2.8126513404372496e-07 1.7617656690623046e-07 6.9416438816921593e-08 1.4896708579132930e-08 1.4637172776286968e-09 4.1094292094285555e-11 7.1430953158237941e-14 
3.3315862602953013e-10 1.1469519362504927e-08 7.0778070975895924e-08 1.7617656690623046e-07 2.5327524003761948e-07 1.5927630257616887e-07 6.0723637349741706e-08 1.0635599618999331e-08 5.5406345774896037e-10 2.1159689439168602e-12 
2.0140438073489568e-11 1.3881787259219210e-09 1.5540942138610263e-08 6.9416438816921593e-08 1.5927630257616887e-07 2.3164737761692970e-07 1.4140658025646713e-07 4.6049388179700338e-08 4.6867395472144566e-09 4.1358104180678920e-11 
6.8976717906299443e-13 9.6205948342568511e-11 1.9102925068741554e-09 1.4896708579132930e-08 6.0723637349741706e-08 1.4140658025646713e-07 2.1336348199877400e-07 1.1920338354819804e-07 2.5922844146448013e-08 5.9011301467743227e-10 
1.0099473380342800e-14 2.9722994473545212e-12 1.0714605341179047e-10 1.4637172776286968e-09 1.0635599618999331e-08 4.6049388179700338e-08 1.1920338354819804e-07 1.9407070688515225e-07 8.8717999897969535e-08 6.2819192259860629e-09 
3.4739760072805426e-17 2.3205886144712487e-14 1.6307357766862125e-12 4.1094292094285555e-11 5.5406345774896037e-10 4.6867395472144566e-09 2.5922844146448013e-08 8.8717999897969535e-08 1.7521337519259441e-07 4.5763306415558403e-08 
4.4780050615041957e-21 7.8835785968731305e-18 1.2861508190531887e-15 7.1430953158237941e-14 2.1159689439168602e-12 4.1358104180678920e-11 5.9011301467743227e-10 6.2819192259860629e-09 4.5763306415558403e-08 1.2560304928156011e-07 
