5.6469067852863997e-07 1.9812322572993941e-07 3.7564745347028770e-08 4.8680908142300891e-09 4.5150091823960307e-10 2.7679318607883131e-11 9.5975217656061766e-13 1.4208827622146064e-14 4.9744647157536509e-17 6.4620358085272915e-21 
1.9812322572993941e-07 4.9005181838801701e-07 2.6540608881793990e-07 8.1216544051845952e-08 1.5679928361258902e-08 1.9220753037964867e-09 1.3456099190819981e-10 4.2087677325903252e-12 3.3370223157848156e-14 1.1371593213829590e-17 
3.7564745347028770e-08 2.6540608881793990e-07 4.2126014065048460e-07 2.6094768346205603e-07 9.7548063364035753e-08 2.1638697352876320e-08 2.6848363730216897e-09 1.5261302325515756e-10 2.3504905104050055e-12 1.8546168786206727e-15 
4.8680908142300891e-09 8.1216544051845952e-08 2.6094768346205603e-07 3.7638230774333578e-07 2.4465219521286259e-07 9.7159102028983803e-08 2.1056867131344858e-08 2.0957065150945487e-09 5.9297540034676917e-11 1.0300397777574966e-13 
4.5150091823960307e-10 1.5679928361258902e-08 9.7548063364035753e-08 2.4465219521286259e-07 3.4282000948285571e-07 2.2433505702347994e-07 8.6434041690078174e-08 1.5293876874353328e-08 7.9970288186465375e-10 3.0530725759524725e-12 
2.7679318607883131e-11 1.9220753037964867e-09 2.1638697352876320e-08 9.7159102028983803e-08 2.2433505702347994e-07 3.1719790547866174e-07 2.0273074696449293e-07 6.6408224080224317e-08 6.7622678872279333e-09 5.9771899492898673e-11 
9.5975217656061766e-13 1.3456099190819981e-10 2.6848363730216897e-09 2.1056867131344858e-08 8.6434041690078174e-08 2.0273074696449293e-07 2.9503801876342220e-07 1.7204735959674962e-07 3.7386204216957292e-08 8.5596657109151746e-10 
1.4208827622146064e-14 4.2087677325903252e-12 1.5261302325515756e-10 2.0957065150945487e-09 1.5293876874353328e-08 6.6408224080224317e-08 1.7204735959674962e-07 2.6743759177050888e-07 1.2810608178508437e-07 9.1851968221566455e-09 
4.9744647157536509e-17 3.3370223157848156e-14 2.3504905104050055e-12 5.9297540034676917e-11 7.9970288186465375e-10 6.7622678872279333e-09 3.7386204216957292e-08 1.2810608178508437e-07 2.4227561915265960e-07 6.7979371286591995e-08 
6.4620358085272915e-21 1.1371593213829590e-17 1.8546168786206727e-15 1.0300397777574966e-13 3.0530725759524725e-12 5.9771899492898673e-11 8.5596657109151746e-10 9.1851968221566455e-09 6.7979371286591995e-08 1.7373583484764762e-07 
