5.8290214043496349e-08 1.4489884060695283e-08 2.9681788505109230e-09 3.9762902051450896e-10 3.7157725644488930e-11 2.2533841489368918e-12 7.6191828686073453e-14 1.0837575877660013e-15 3.5320611120753266e-18 4.1324300390623239e-22 
1.4489884060695283e-08 6.4317395257862938e-08 2.1543114229159966e-08 6.6797948751474247e-09 1.2836553022044864e-09 1.5440955354685748e-10 1.0493416846602933e-11 3.1331790150886132e-13 2.3104040477408837e-15 7.1468938005687480e-19 
2.9681788505109230e-09 2.1543114229159966e-08 6.0512155123676564e-08 2.1425175756912210e-08 7.9041633534093266e-09 1.7134035497759436e-09 2.0559761804828313e-10 1.1096766623934741e-11 1.5927280606473663e-13 1.1451850437850233e-16 
3.9762902051450896e-10 6.6797948751474247e-09 2.1425175756912210e-08 5.6495170338023557e-08 1.9519647235552314e-08 7.5573828600713192e-09 1.5779156238177103e-09 1.4873360943945154e-10 3.9385342798889317e-12 6.2377833661127265e-15 
3.7157725644488930e-11 1.2836553022044864e-09 7.9041633534093266e-09 1.9519647235552314e-08 5.2794069049440243e-08 1.7040046280796707e-08 6.3016439519230764e-09 1.0572814032653992e-09 5.2034824388966393e-11 1.8078385120408989e-13 
2.2533841489368918e-12 1.5440955354685748e-10 1.7134035497759436e-09 7.5573828600713192e-09 1.7040046280796707e-08 4.9451770958579058e-08 1.4289810070926191e-08 4.4600676593291265e-09 4.2962426877082166e-10 3.4433823964796526e-12 
7.6191828686073453e-14 1.0493416846602933e-11 2.0559761804828313e-10 1.5779156238177103e-09 6.3016439519230764e-09 1.4289810070926191e-08 4.6304954770362604e-08 1.1187055387573427e-08 2.3011076643022512e-09 4.7544563667330520e-11 
1.0837575877660013e-15 3.1331790150886132e-13 1.1096766623934741e-11 1.4873360943945154e-10 1.0572814032653992e-09 4.4600676593291265e-09 1.1187055387573427e-08 4.3142409014914984e-08 7.5138861524816721e-09 4.8372195491154098e-10 
3.5320611120753266e-18 2.3104040477408837e-15 1.5927280606473663e-13 3.9385342798889317e-12 5.2034824388966393e-11 4.2962426877082166e-10 2.3011076643022512e-09 7.5138861524816721e-09 3.9800754922507667e-08 3.3020275248865440e-09 
4.1324300390623239e-22 7.1468938005687480e-19 1.1451850437850233e-16 6.2377833661127265e-15 1.8078385120408989e-13 3.4433823964796526e-12 4.7544563667330520e-11 4.8372195491154098e-10 3.3020275248865440e-09 3.4562462132205819e-08 
