7.335278504466e-08 2.094035137047e-08 4.189994353450e-09 5.507194131820e-10 5.069606051406e-11 3.034405411576e-12 1.014203916210e-13 1.430378481015e-15 4.611987667637e-18 5.375802534334e-22 
2.094035137047e-08 7.938529289208e-08 2.998279915998e-08 9.155529085095e-09 1.737111159095e-09 2.064749157141e-10 1.390816535506e-11 4.118080119662e-13 3.010858881447e-15 9.290165261551e-19 
4.189994353450e-09 2.998279915998e-08 7.257653284944e-08 2.909260673825e-08 1.061546160788e-08 2.279539017806e-09 2.715573799985e-10 1.453337346971e-11 2.073963453300e-13 1.487138531622e-16 
5.507194131820e-10 9.155529085095e-09 2.909260673825e-08 6.626041175167e-08 2.603072049997e-08 1.001157962399e-08 2.076300189599e-09 1.942383618723e-10 5.127000153173e-12 8.091643151780e-15 
5.069606051406e-11 1.737111159095e-09 1.061546160788e-08 2.603072049997e-08 6.081096913837e-08 2.247416404995e-08 8.256543311352e-09 1.377932559343e-09 6.771656512554e-11 2.342920001206e-13 
3.034405411576e-12 2.064749157141e-10 2.279539017806e-09 1.001157962399e-08 2.247416404995e-08 5.607627424927e-08 1.864881159482e-08 5.806869596649e-09 5.587012684343e-10 4.460568157021e-12 
1.014203916210e-13 1.390816535506e-11 2.715573799985e-10 2.076300189599e-09 8.256543311352e-09 1.864881159482e-08 5.177552027493e-08 1.455837587692e-08 2.987822080882e-09 6.163434307169e-11 
1.430378481015e-15 4.118080119662e-13 1.453337346971e-11 1.942383618723e-10 1.377932559343e-09 5.806869596649e-09 1.455837587692e-08 4.761389239244e-08 9.737933671972e-09 6.291057812818e-10 
4.611987667637e-18 3.010858881447e-15 2.073963453300e-13 5.127000153173e-12 6.771656512554e-11 5.587012684343e-10 2.987822080882e-09 9.737933671972e-09 4.326116951506e-08 4.323142114911e-09 
5.375802534334e-22 9.290165261551e-19 1.487138531622e-16 8.091643151780e-15 2.342920001206e-13 4.460568157021e-12 6.163434307169e-11 6.291057812818e-10 4.323142114911e-09 3.659573900786e-08 
