6.091579510220e-08 1.562152665877e-08 3.183292930026e-09 4.245471690067e-10 3.955497923399e-11 2.390212308884e-12 8.065267542161e-14 1.145151332917e-15 3.718707839628e-18 4.352646367847e-22 
1.562152665877e-08 6.696917358666e-08 2.302711404239e-08 7.117075363016e-09 1.363557273828e-09 1.635418787388e-10 1.110222872267e-11 3.304624686651e-13 2.433341230245e-15 7.520171287296e-19 
3.183292930026e-09 2.302711404239e-08 6.264054358464e-08 2.278054249504e-08 8.378986639978e-09 1.813617049579e-09 2.172957546141e-10 1.168993957492e-11 1.678449547695e-13 1.203735110266e-16 
4.245471690067e-10 7.117075363016e-09 2.278054249504e-08 5.820619645186e-08 2.066595693181e-08 7.994723316035e-09 1.665117082020e-09 1.566158543866e-10 4.151775667742e-12 6.551038754911e-15 
3.955497923399e-11 1.363557273828e-09 8.378986639978e-09 2.066595693181e-08 5.422248273373e-08 1.799949074691e-08 6.639346258752e-09 1.113621949281e-09 5.483952430184e-11 1.897793924643e-13 
2.390212308884e-12 1.635418787388e-10 1.813617049579e-09 7.994723316035e-09 1.799949074691e-08 5.059842674938e-08 1.504684553724e-08 4.700781792389e-09 4.523425050817e-10 3.615554640812e-12 
8.065267542161e-14 1.110222872267e-11 2.172957546141e-10 1.665117082020e-09 6.639346258752e-09 1.504684553724e-08 4.727837309034e-08 1.178967895271e-08 2.418761618930e-09 4.998096471418e-11 
1.145151332917e-15 3.304624686651e-13 1.168993957492e-11 1.566158543866e-10 1.113621949281e-09 4.700781792389e-09 1.178967895271e-08 4.391669525285e-08 7.889687145022e-09 5.096398967368e-10 
3.718707839628e-18 2.433341230245e-15 1.678449547695e-13 4.151775667742e-12 5.483952430184e-11 4.523425050817e-10 2.418761618930e-09 7.889687145022e-09 4.040820055989e-08 3.484416066238e-09 
4.352646367847e-22 7.520171287296e-19 1.203735110266e-16 6.551038754911e-15 1.897793924643e-13 3.615554640812e-12 4.998096471418e-11 5.096398967368e-10 3.484416066238e-09 3.490639386484e-08 
