z(iz=00)            wb(ip=00)           h(ip=01)           wm(ip=02)            ns(ip=03) 
1.0000000000e+00        0.022445000000000007        0.67134        0.14364800000000003        0.96
   k(h/Mpc)      Pk/s8^2(Mpc/h)^3 
7.0242085712e-06 4.9348085991e+01
7.5084535638e-06 5.2609594322e+01
8.0260824689e-06 5.6086662716e+01
8.5793963080e-06 5.9793532755e+01
9.1708561740e-06 6.3745396494e+01
9.8030895970e-06 6.7958428045e+01
1.0478909644e-05 7.2449899271e+01
1.1201320376e-05 7.7238203407e+01
1.1973534129e-05 8.2342956472e+01
1.2798983334e-05 8.7785061122e+01
1.3681338714e-05 9.3586811100e+01
1.4624522919e-05 9.9771964520e+01
1.5632729628e-05 1.0636585166e+02
1.6710442651e-05 1.1339548110e+02
1.7862452296e-05 1.2088962640e+02
1.9093880837e-05 1.2887897038e+02
2.0410201614e-05 1.3739620592e+02
2.1817271772e-05 1.4647622295e+02
2.3321343178e-05 1.5615615214e+02
2.4929104256e-05 1.6647560590e+02
2.6647703635e-05 1.7747679901e+02
2.8484782888e-05 1.8920472505e+02
3.0448509278e-05 2.0170732962e+02
3.2547613955e-05 2.1503571481e+02
3.4791428334e-05 2.2924432836e+02
3.7189933209e-05 2.4439122924e+02
3.9753787860e-05 2.6053822214e+02
4.2494393711e-05 2.7775120543e+02
4.5423934353e-05 2.9610036419e+02
4.8555437388e-05 3.1566049457e+02
5.1902825362e-05 3.3651125310e+02
5.5480977608e-05 3.5873746737e+02
5.9305806644e-05 3.8242952909e+02
6.3394320023e-05 4.0768368809e+02
6.7764689447e-05 4.3460238300e+02
7.2436356277e-05 4.6329478625e+02
7.7430078818e-05 4.9387698026e+02
8.2768070570e-05 5.2647268170e+02
8.8474058430e-05 5.6121346314e+02
9.4573413662e-05 5.9823940860e+02
1.0109325376e-04 6.3769957880e+02
1.0806257342e-04 6.7975264137e+02
1.1551235366e-04 7.2456735715e+02
1.2347570737e-04 7.7232327529e+02
1.3198806846e-04 8.2321167685e+02
1.4108725009e-04 8.7743572354e+02
1.5081373567e-04 9.3521198745e+02
1.6121075896e-04 9.9677070795e+02
1.7232455139e-04 1.0623570333e+03
1.8420451670e-04 1.1322318139e+03
1.9690347835e-04 1.2066728079e+03
2.1047789778e-04 1.2859756920e+03
2.2498813632e-04 1.3704553019e+03
2.4049870262e-04 1.4604467554e+03
2.5707855821e-04 1.5563068740e+03
2.7480142307e-04 1.6584155564e+03
2.9374609585e-04 1.7671771798e+03
3.1399680302e-04 1.8830221036e+03
3.3564359182e-04 2.0064083469e+03
3.5878267954e-04 2.1378229299e+03
3.8351697731e-04 2.2777841083e+03
4.0995643940e-04 2.4268424988e+03
4.3821861618e-04 2.5855832279e+03
4.6842917800e-04 2.7546277548e+03
5.0072243903e-04 2.9346355142e+03
5.3524202667e-04 3.1263061558e+03
5.7214131812e-04 3.3303802351e+03
6.1158445897e-04 3.5476428264e+03
6.5374677069e-04 3.7789233784e+03
6.9881574018e-04 4.0250983412e+03
7.4699171819e-04 4.2870916440e+03
7.9848896712e-04 4.5658764148e+03
8.5353635950e-04 4.8624739859e+03
9.1237871675e-04 5.1779553618e+03
9.7527762409e-04 5.5134386149e+03
1.0425128276e-03 5.8700878880e+03
1.1143831070e-03 6.2491077373e+03
1.1912080226e-03 6.6517398340e+03
1.2733293697e-03 7.0792553202e+03
1.3611119939e-03 7.5329405611e+03
1.4549463522e-03 8.0140881019e+03
1.5552496770e-03 8.5239758529e+03
1.6624677228e-03 9.0638443255e+03
1.7770774430e-03 9.6348731125e+03
1.8995882710e-03 1.0238144732e+04
2.0305449143e-03 1.0874610744e+04
2.1705296822e-03 1.1545050861e+04
2.3201648146e-03 1.2250028869e+04
2.4801157415e-03 1.2989851696e+04
2.6510935277e-03 1.3764525810e+04
2.8338585980e-03 1.4573723529e+04
3.0292235315e-03 1.5416751577e+04
3.2380565535e-03 1.6292531407e+04
3.4612864256e-03 1.7199594421e+04
3.6999057047e-03 1.8136078456e+04
3.9549754001e-03 1.9099736171e+04
4.2276293971e-03 2.0087944840e+04
4.5190798119e-03 2.1097717828e+04
4.8306230456e-03 2.2125712201e+04
5.1636435091e-03 2.3168219519e+04
5.5196224712e-03 2.4221162365e+04
5.9001427144e-03 2.5280064954e+04
6.3068955205e-03 2.6340019960e+04
6.7416895181e-03 2.7395648676e+04
7.2064581327e-03 2.8441045991e+04
7.7032675035e-03 2.9469715764e+04
8.2343267277e-03 3.0474498546e+04
8.8019976392e-03 3.1447482492e+04
9.4088027254e-03 3.2379894121e+04
1.0057440028e-02 3.3261981933e+04
1.0750794783e-02 3.4082876605e+04
1.1491949670e-02 3.4830445885e+04
1.2284198776e-02 3.5491177505e+04
1.3131065294e-02 3.6050137567e+04
1.4036313631e-02 3.6491080880e+04
1.5003969893e-02 3.6796843947e+04
1.6038335860e-02 3.6950153722e+04
1.7144011334e-02 3.6934983809e+04
1.8325909972e-02 3.6738477478e+04
1.9589288160e-02 3.6353254143e+04
2.0939763635e-02 3.5779629543e+04
2.2383341566e-02 3.5027041751e+04
2.3926436901e-02 3.4113984302e+04
2.5575913489e-02 3.3066120632e+04
2.7339102700e-02 3.1912954112e+04
2.9223846272e-02 3.0683976429e+04
3.1238524243e-02 2.9405424835e+04
3.3392090350e-02 2.8098383878e+04
3.5694126040e-02 2.6778365859e+04
3.8154859096e-02 2.5456041489e+04
4.0785238147e-02 2.4138505671e+04
4.3596949428e-02 2.2830647908e+04
4.6417929232e-02 2.1612866935e+04
4.9238909036e-02 2.0480416314e+04
5.2059888840e-02 1.9425315272e+04
5.4880868644e-02 1.8440702883e+04
5.7701844722e-02 1.7520637381e+04
6.0522824526e-02 1.6659903814e+04
6.3343808055e-02 1.5853875026e+04
6.6164784133e-02 1.5098406661e+04
6.8985760212e-02 1.4389739899e+04
7.1806743741e-02 1.3724453241e+04
7.4627719820e-02 1.3099424069e+04
7.7448703349e-02 1.2511778510e+04
8.0269679427e-02 1.1958879564e+04
8.3090662956e-02 1.1438293217e+04
8.5911639035e-02 1.0947779463e+04
8.8732615113e-02 1.0485266913e+04
9.1553598642e-02 1.0048843271e+04
9.5167994499e-02 9.5249948196e+03
9.8782390356e-02 9.0376906049e+03
1.0239678621e-01 8.5838564248e+03
1.0601118952e-01 8.1607082517e+03
1.0962558538e-01 7.7657263249e+03
1.1323998123e-01 7.3966236058e+03
1.1685437709e-01 7.0513256999e+03
1.2046877295e-01 6.7279487422e+03
1.2408316881e-01 6.4247803621e+03
1.2769757211e-01 6.1402620430e+03
1.3131196797e-01 5.8729761260e+03
1.3492636383e-01 5.6216285797e+03
1.3854075968e-01 5.3850390889e+03
1.4215515554e-01 5.1621294517e+03
1.4576955140e-01 4.9519136965e+03
1.4938394725e-01 4.7534892594e+03
1.5299834311e-01 4.5660290431e+03
1.5661273897e-01 4.3887743134e+03
1.6022713482e-01 4.2210283122e+03
1.6384153068e-01 4.0621505248e+03
1.6745594144e-01 3.9115509299e+03
1.7107033730e-01 3.7686878069e+03
1.7468473315e-01 3.6330598458e+03
1.7829912901e-01 3.5042049094e+03
1.8191352487e-01 3.3816959994e+03
1.8552792072e-01 3.2651382013e+03
1.8914231658e-01 3.1541659261e+03
1.9275671244e-01 3.0484404055e+03
1.9637110829e-01 2.9476474333e+03
1.9998550415e-01 2.8514953210e+03
2.0359990001e-01 2.7597130349e+03
2.0721429586e-01 2.6720485119e+03
2.1082869172e-01 2.5882671307e+03
2.1444310248e-01 2.5081499918e+03
2.1805749834e-01 2.4314939558e+03
2.2167189419e-01 2.3581085106e+03
2.2528629005e-01 2.2878160493e+03
2.2890068591e-01 2.2204505712e+03
2.3251508176e-01 2.1558568044e+03
2.3612947762e-01 2.0938894002e+03
2.3974387348e-01 2.0344121967e+03
2.4335826933e-01 1.9772975462e+03
2.4697266519e-01 1.9224256960e+03
2.5058707595e-01 1.8696840063e+03
2.5420147181e-01 1.8189672920e+03
2.5781586766e-01 1.7701760381e+03
2.6143026352e-01 1.7232168357e+03
2.6504465938e-01 1.6780017558e+03
2.6865905523e-01 1.6344479739e+03
2.7227345109e-01 1.5924774241e+03
2.7588784695e-01 1.5520164811e+03
2.7950224280e-01 1.5129956651e+03
2.8311663866e-01 1.4753493694e+03
2.8673103452e-01 1.4390156084e+03
2.9034543037e-01 1.4039357845e+03
2.9395982623e-01 1.3700544709e+03
2.9757422209e-01 1.3373192121e+03
3.0118861795e-01 1.3056803371e+03
3.0480301380e-01 1.2750907866e+03
3.0841740966e-01 1.2455059527e+03
3.1203180551e-01 1.2168835292e+03
3.1564620137e-01 1.1891833725e+03
3.1926059723e-01 1.1623673726e+03
3.2287499309e-01 1.1363993322e+03
3.2648938894e-01 1.1112448542e+03
3.3010378480e-01 1.0868712371e+03
3.3371821046e-01 1.0632471850e+03
3.3733260632e-01 1.0403434893e+03
3.4094700217e-01 1.0181317745e+03
3.4456139803e-01 9.9658520402e+02
3.4817579389e-01 9.7567820666e+02
3.5179018974e-01 9.5538640720e+02
3.5540458560e-01 9.3568656063e+02
3.5901898146e-01 9.1655649053e+02
3.6263337731e-01 8.9797503155e+02
3.6624777317e-01 8.7992197533e+02
3.6986216903e-01 8.6237801955e+02
3.7347656488e-01 8.4532472034e+02
3.7709096074e-01 8.2874444747e+02
3.8070535660e-01 8.1262034209e+02
3.8431975245e-01 7.9693627713e+02
3.8793414831e-01 7.8167682005e+02
3.9154854417e-01 7.6682719756e+02
3.9516294003e-01 7.5237326259e+02
3.9877733588e-01 7.3830146317e+02
4.0239173174e-01 7.2459881282e+02
4.0600612760e-01 7.1125286297e+02
4.0962052345e-01 6.9825167670e+02
4.1323491931e-01 6.8558380399e+02
4.1684931517e-01 6.7323825839e+02
4.2046371102e-01 6.6120449494e+02
4.2407810688e-01 6.4947238930e+02
4.2769253254e-01 6.3803212484e+02
4.3130692840e-01 6.2687454890e+02
4.3492132425e-01 6.1599058922e+02
4.3853572011e-01 6.0537161683e+02
4.4215011597e-01 5.9500933470e+02
4.4576451182e-01 5.8489576270e+02
4.4937890768e-01 5.7502322331e+02
4.5299330354e-01 5.6538432818e+02
4.5660769939e-01 5.5597196527e+02
4.6022209525e-01 5.4677928666e+02
4.6383649111e-01 5.3779969704e+02
4.6745088696e-01 5.2902684272e+02
4.7106528282e-01 5.2045460119e+02
4.7467967868e-01 5.1207707124e+02
4.7829407454e-01 5.0388856353e+02
4.8190847039e-01 4.9588359159e+02
4.8552286625e-01 4.8805686335e+02
4.8913726211e-01 4.8040327302e+02
4.9275165796e-01 4.7291789332e+02
4.9636605382e-01 4.6559596816e+02
4.9998044968e-01 4.5843290563e+02
5.0359487534e-01 4.5142421414e+02
5.0720924139e-01 4.4456578190e+02
5.1082366705e-01 4.3785324443e+02
5.1443803310e-01 4.3128282420e+02
5.1805245876e-01 4.2485043922e+02
5.2166682482e-01 4.1855256494e+02
5.2528125048e-01 4.1238538028e+02
5.2889561653e-01 4.0634559399e+02
5.3251004219e-01 4.0042962618e+02
5.3612440824e-01 3.9463440099e+02
5.3973883390e-01 3.8895656168e+02
5.4335319996e-01 3.8339323146e+02
5.4696762562e-01 3.7794126030e+02
5.5058199167e-01 3.7259795549e+02
5.5419641733e-01 3.6736035867e+02
5.5781078339e-01 3.6222594755e+02
5.6142520905e-01 3.5719194159e+02
5.6503957510e-01 3.5225597646e+02
5.6865400076e-01 3.4741543678e+02
5.7226842642e-01 3.4266802715e+02
5.7588279247e-01 3.3801151832e+02
5.7949721813e-01 3.3344352116e+02
6.2741476297e-01 2.8030267815e+02
7.6632601023e-01 1.7987926659e+02
9.3599247932e-01 1.1442049239e+02
1.1432236433e+00 7.2187887063e+01
1.3963360786e+00 4.5196297839e+01
1.7054901123e+00 2.8095600918e+01
2.0830900669e+00 1.7349183206e+01
2.5442914963e+00 1.0646799276e+01
3.1076040268e+00 6.4959587319e+00
3.7956349850e+00 3.9420910599e+00
4.6360030174e+00 2.3803057562e+00
5.6624255180e+00 1.4306012253e+00
