9.2841244308637884e-08 2.8916988004166068e-08 5.6682235353984870e-09 7.3354987264243566e-10 6.6694989021823851e-11 3.9548799708577075e-12 1.3121825135677557e-13 1.8366486458190287e-15 5.9073122752697261e-18 6.8589395977920398e-22 
2.8916988004166068e-08 9.7680175397225853e-08 4.0088372610284348e-08 1.2092646966365211e-08 2.2712209074857374e-09 2.6799495063255442e-10 1.7920612586525098e-11 5.2798194517731716e-13 3.8531457387380102e-15 1.1862017323034914e-18 
5.6682235353984870e-09 4.0088372610284348e-08 8.6911353604243777e-08 3.8130260233470730e-08 1.3814110767551577e-08 2.9475576867364924e-09 3.4892425049698338e-10 1.8623122459987592e-11 2.6510870664749475e-13 1.9013196884396210e-16 
7.3354987264243566e-10 1.2092646966365211e-08 3.8130260233470730e-08 7.7773273036503416e-08 3.3724219616918089e-08 1.2894606700667369e-08 2.6630673723195956e-09 2.4877011167630765e-10 6.5465743845868845e-12 1.0363133759256254e-14 
6.6694989021823851e-11 2.2712209074857374e-09 1.3814110767551577e-08 3.3724219616918089e-08 7.0238645383800112e-08 2.8851132136273063e-08 1.0580402550872371e-08 1.7631562367118646e-09 8.6409933392492220e-11 3.0065413391307466e-13 
3.9548799708577075e-12 2.6799495063255442e-10 2.9475576867364924e-09 1.2894606700667369e-08 2.8851132136273063e-08 6.3926950148114105e-08 2.3880322508948358e-08 7.4191003399533553e-09 7.1313626046488064e-10 5.7355403055609085e-12 
1.3121825135677557e-13 1.7920612586525098e-11 3.4892425049698338e-10 2.6630673723195956e-09 1.0580402550872371e-08 2.3880322508948358e-08 5.8335697017907004e-08 1.8576955594642001e-08 3.8212466128920317e-09 7.9394548812433894e-11 
1.8366486458190287e-15 5.2798194517731716e-13 1.8623122459987592e-11 2.4877011167630765e-10 1.7631562367118646e-09 7.4191003399533553e-09 1.8576955594642001e-08 5.3002038311080333e-08 1.2503425134330021e-08 8.1150300561593397e-10 
5.9073122752697261e-18 3.8531457387380102e-15 2.6510870664749475e-13 6.5465743845868845e-12 8.6409933392492220e-11 7.1313626046488064e-10 3.8212466128920317e-09 1.2503425134330021e-08 4.7610196983975620e-08 5.5927872560951044e-09 
6.8589395977920398e-22 1.1862017323034914e-18 1.9013196884396210e-16 1.0363133759256254e-14 3.0065413391307466e-13 5.7355403055609085e-12 7.9394548812433894e-11 8.1150300561593397e-10 5.5927872560951044e-09 3.9218996890547929e-08 
