-1.4318321665079919e-09 2.3399177916312541e-09 3.3189731854253315e-09 3.9019183537091097e-09 4.3190728597369884e-09 4.6502748644517902e-09 4.9340014610213538e-09 5.1951847310409307e-09 5.4602416567871359e-09 5.8232449595390764e-09 
-5.8760956059535099e-09 -2.0942083500894519e-10 1.2626966268843368e-09 2.1625258301149610e-09 2.8075075072423579e-09 3.3131766804819676e-09 3.7435048710992620e-09 4.1391399546905630e-09 4.5406001187252224e-09 5.0904068640919443e-09 
-8.2348382570414555e-09 -1.7856157971086915e-09 -1.5995097683799455e-10 8.5108613599441425e-10 1.6129497539056706e-09 2.2089934508200678e-09 2.7046319696498171e-09 3.1558430696203439e-09 3.6129326678914463e-09 4.2388516795700772e-09 
-9.8858109770937849e-09 -2.9326891764767100e-09 -1.1922194277651193e-09 -1.5595710641006625e-10 6.4752929031987000e-10 1.3114597234024430e-09 1.8627878683765122e-09 2.3533687966998014e-09 2.8453994560056182e-09 3.5181966995920443e-09 
-1.1180726037898322e-08 -3.8604442249692604e-09 -1.9992085085306583e-09 -9.2054552378479683e-10 -1.3279556294342237e-10 5.4152767984514269e-10 1.1391914870076753e-09 1.6730059452435501e-09 2.1951396699703620e-09 2.9024605785115510e-09 
-1.2287960700517231e-08 -4.6715427779299389e-09 -2.7140363379098702e-09 -1.5651892738373017e-09 -7.6584095502323636e-10 -1.2246295585576008e-10 4.7576907225250100e-10 1.0541346990540129e-09 1.6174865449637788e-09 2.3565881671900231e-09 
-1.3304924073713943e-08 -5.4226426565427259e-09 -3.3909044079143099e-09 -2.1820859649376612e-09 -1.3337079304193163e-09 -6.8844106994456707e-10 -1.3237990240842743e-10 4.4170034330379101e-10 1.0625148735807440e-09 1.8487967895806089e-09 
-1.4337159950520758e-08 -6.1776913445331261e-09 -4.0736680055969470e-09 -2.8164584330800544e-09 -1.9187192259012053e-09 -1.2247853111431442e-09 -6.7052434501316954e-10 -1.6992960786534537e-10 4.5094902863163782e-10 1.3391185213862373e-09 
-1.5888624044808228e-08 -7.2004002782108858e-09 -4.9599673178704337e-09 -3.6205034623505087e-09 -2.6590421915614006e-09 -1.8979274326032331e-09 -1.2650131254849865e-09 -7.4716846088424737e-10 -2.6530698640908532e-10 7.1524719597555686e-10 
-1.9278508663285381e-08 -9.2607210867259794e-09 -6.6774219700773308e-09 -5.1329413483807434e-09 -4.0238875970574637e-09 -3.1421432896901787e-09 -2.3873604813403767e-09 -1.7020519059358976e-09 -1.0851420327916651e-09 -3.0786310135300244e-10 
