-1.4994487872139064e-09 2.5041715535497105e-09 3.5433322503332230e-09 4.1620659549014122e-09 4.6048419214776832e-09 4.9563907969703140e-09 5.2575485545894336e-09 5.5347780792084447e-09 5.8161192473400011e-09 6.2014243175204067e-09 
-6.1873538487996804e-09 -2.1775897723597282e-10 1.3330883053159939e-09 2.2809840792748762e-09 2.9604098675077124e-09 3.4930980150331834e-09 3.9464257380674815e-09 4.3632069361623219e-09 4.7861245808340588e-09 5.3653177226190801e-09 
-8.6609981972322090e-09 -1.8777166340116970e-09 -1.6781521179482767e-10 8.9558654701983435e-10 1.6968879560717237e-09 2.3238004986888620e-09 2.8451153357919686e-09 3.3196997236470398e-09 3.8004658025848597e-09 4.4588061135103598e-09 
-1.0400772637967169e-08 -3.0858530385185873e-09 -1.2547911099291753e-09 -1.6461757383588212e-10 6.8062406521806186e-10 1.3790822422702954e-09 1.9591145294579589e-09 2.4752356899979571e-09 2.9928710515320160e-09 3.7006756555840216e-09 
-1.1777484794456566e-08 -4.0671413183575189e-09 -2.1066918191159703e-09 -9.7051445953791541e-10 -1.4083896080866254e-10 5.6932485745616897e-10 1.1988208581111559e-09 1.7611198185997479e-09 2.3110967614383815e-09 3.0561092347871227e-09 
-1.2968140857681093e-08 -4.9308599934464569e-09 -2.8651691820002501e-09 -1.6527896336764622e-09 -8.0924290569537952e-10 -1.3039484710816479e-10 5.0077938248160825e-10 1.1111072496263504e-09 1.7056574050136700e-09 2.4856222244513173e-09 
-1.4076571826767836e-08 -5.7378890500971028e-09 -3.5885051057830948e-09 -2.3096719024749932e-09 -1.4121158694507069e-09 -7.2945090430800158e-10 -1.4130156702401264e-10 4.6584020713361840e-10 1.1226527763807118e-09 1.9545749821431969e-09 
-1.5220486318285358e-08 -6.5590572663976408e-09 -4.3255966641711017e-09 -2.9910411369362146e-09 -2.0380503947598755e-09 -1.3013547400137321e-09 -7.1293557089358278e-10 -1.8174666845726687e-10 4.7705491738571038e-10 1.4201103867744645e-09 
-1.6946133412730807e-08 -7.6803317564689699e-09 -5.2909587170029259e-09 -3.8624494312152125e-09 -2.8370692479079334e-09 -2.0253372224156647e-09 -1.3502633668420068e-09 -7.9785920226300395e-10 -2.8427917381374170e-10 7.6119940327834179e-10 
-2.0721253327535354e-08 -9.9549500005773185e-09 -7.1786301888576378e-09 -5.5187480159043385e-09 -4.3268272076172961e-09 -3.3791996106875147e-09 -2.5680131412663722e-09 -1.8314263014674095e-09 -1.1680113664600356e-09 -3.3297201340489083e-10 
