3.748431431466e-10 9.817242786300e-10 1.364202372971e-09 1.616153294719e-09 1.799104416747e-09 1.944578882910e-09 2.069210973540e-09 2.183939857811e-09 2.300369086323e-09 2.459783200069e-09 
3.342734170407e-11 2.767907334189e-10 6.692522362673e-10 1.046808372503e-09 1.353654922270e-09 1.600931446021e-09 1.812228754325e-09 2.006562156848e-09 2.203758288033e-09 2.473779793922e-09 
2.103875615996e-12 4.452383507791e-11 2.085851135104e-10 5.007344907077e-10 8.295433292886e-10 1.122846778816e-09 1.375305781835e-09 1.606497691256e-09 1.840825583333e-09 2.161671712775e-09 
-9.714910601004e-14 7.383254774264e-13 2.926320771930e-11 1.567159773590e-10 4.029981982412e-10 6.946175748891e-10 9.705957405136e-10 1.225250870046e-09 1.482123126722e-09 1.833467122608e-09 
-4.024832882733e-14 -1.254804572500e-12 -3.467593748175e-12 2.090126494175e-11 1.304552045031e-10 3.427925007985e-10 6.090138249720e-10 8.792525553931e-10 1.152240705213e-09 1.523408907952e-09 
-3.782966244611e-15 -2.370103518368e-13 -2.056291896491e-12 -4.058816570736e-12 1.581767151053e-11 1.061986740253e-10 2.980709988904e-10 5.604445367993e-10 8.476466118750e-10 1.233047102590e-09 
-1.465089021031e-16 -1.883113343915e-14 -3.362684251659e-13 -2.198570508770e-12 -5.786624047729e-12 4.032866680817e-12 7.669043795837e-11 2.655981690276e-10 5.541832854112e-10 9.552500966268e-10 
-2.268357070480e-18 -6.642359411038e-16 -2.392338087877e-14 -3.240299319178e-13 -2.275202402066e-12 -8.757355070766e-12 -1.320408319309e-11 3.838351896122e-11 2.532966033148e-10 6.781531671326e-10 
-9.315228829791e-21 -6.557275279335e-18 -4.854304848286e-16 -1.293795469041e-14 -1.859185412911e-13 -1.693063759643e-12 -1.008915283673e-11 -3.454002555604e-11 -1.573364744470e-11 3.585765766467e-10 
-1.833030380717e-24 -3.504402281547e-21 -6.196974831985e-19 -3.732070094556e-17 -1.200965401727e-15 -2.563323183198e-14 -4.039919184824e-13 -4.836293436501e-12 -3.943845496044e-11 -2.819133537537e-12 
