1.147226557481e-09 2.822469120084e-09 3.822420877157e-09 4.473613374062e-09 4.945675810421e-09 5.321027766348e-09 5.642613790096e-09 5.938648183445e-09 6.239070021373e-09 6.650401491255e-09 
8.330338758403e-11 6.667175048593e-10 1.579292351631e-09 2.442516139226e-09 3.139731458569e-09 3.701052421149e-09 4.180774396904e-09 4.622008589025e-09 5.069745208678e-09 5.682832106344e-09 
4.978801490281e-12 1.020826384844e-10 4.682787258860e-10 1.109710161553e-09 1.825257556210e-09 2.461760086048e-09 3.009562675516e-09 3.511280430192e-09 4.019818133918e-09 4.716117915927e-09 
-1.982569662430e-13 1.963550150765e-12 6.479177618401e-11 3.395681259095e-10 8.661927512644e-10 1.488311271862e-09 2.076898317765e-09 2.620107434085e-09 3.168089477190e-09 3.917596889751e-09 
-8.584487826128e-14 -2.654288038267e-12 -7.216113969967e-12 4.478807103402e-11 2.775885906843e-10 7.286908282408e-10 1.294639323498e-09 1.870052829916e-09 2.451704214801e-09 3.242447245249e-09 
-8.037019104901e-15 -5.030773204948e-13 -4.367171987800e-12 -8.648213491984e-12 3.340549297941e-11 2.250228063224e-10 6.336769150483e-10 1.196332436959e-09 1.814526948073e-09 2.644032984335e-09 
-3.111863490637e-16 -4.003297448946e-14 -7.162474211106e-13 -4.707518017737e-12 -1.261047621821e-11 7.406308948138e-12 1.624537917688e-10 5.727134197334e-10 1.205836538096e-09 2.088253559123e-09 
-4.830602301316e-18 -1.420876501092e-15 -5.152378493723e-14 -7.039984798142e-13 -4.998313287437e-12 -1.953620617835e-11 -3.068215340311e-11 8.079466323179e-11 5.598068798628e-10 1.521918604331e-09 
-2.018689243889e-20 -1.433447239157e-17 -1.069206127857e-15 -2.869739855655e-14 -4.154618718884e-13 -3.819129658142e-12 -2.308704570831e-11 -8.120074830186e-11 -4.583174245746e-11 8.326950190920e-10 
-4.113959670962e-24 -7.914643059885e-21 -1.409005768612e-18 -8.550076356232e-17 -2.775354447714e-15 -5.984130689267e-14 -9.549450140867e-13 -1.162451985356e-11 -9.751349868729e-11 -2.107909464359e-11 
