4.337042371856e-10 1.128507015453e-09 1.563560335974e-09 1.849690538729e-09 2.057408046504e-09 2.222574509368e-09 2.364078109593e-09 2.494338011872e-09 2.626528440887e-09 2.807522486597e-09 
3.783058443312e-11 3.117577805917e-10 7.514777312426e-10 1.173330323743e-09 1.515792142321e-09 1.791709769648e-09 2.027489222447e-09 2.244341767935e-09 2.464389060433e-09 2.765700704589e-09 
2.365273844115e-12 4.978763908520e-11 2.324251325022e-10 5.566824666907e-10 9.208195067822e-10 1.245414962658e-09 1.524798290295e-09 1.780647884004e-09 2.039970692291e-09 2.395040607005e-09 
-1.064704684695e-13 8.606028418719e-13 3.259860367721e-11 1.734745453880e-10 4.450466266812e-10 7.664592054759e-10 1.070478624795e-09 1.350967454114e-09 1.633910506206e-09 2.020914747569e-09 
-4.433429222919e-14 -1.378238408337e-12 -3.793148166891e-12 2.306358217880e-11 1.437592952637e-10 3.774051762771e-10 6.698679814602e-10 9.666956180764e-10 1.266575505263e-09 1.674301787742e-09 
-4.162686373036e-15 -2.608565778951e-13 -2.261325273739e-12 -4.436050497254e-12 1.748737116126e-11 1.166229793325e-10 3.269000110615e-10 6.147833452863e-10 9.299320217090e-10 1.352797384703e-09 
-1.612398042216e-16 -2.068477845849e-14 -3.686446622681e-13 -2.408487758460e-12 -6.358144461740e-12 4.312925633974e-12 8.406695235473e-11 2.917348370102e-10 6.085152827447e-10 1.048816503585e-09 
-2.486614065147e-18 -7.279377067811e-16 -2.625286989863e-14 -3.561414925355e-13 -2.502335249607e-12 -9.612947062305e-12 -1.437372014244e-11 4.222608508039e-11 2.774490097289e-10 7.441207624967e-10 
-1.023507734334e-20 -7.210558079950e-18 -5.334554773643e-16 -1.419707479121e-14 -2.037059837505e-13 -1.854317189594e-12 -1.108097358040e-11 -3.826397440852e-11 -1.821213958706e-11 3.958627801062e-10 
-2.007150640647e-24 -3.838436993488e-21 -6.797212619026e-19 -4.103140806980e-17 -1.324263267989e-15 -2.835137405908e-14 -4.478838693898e-13 -5.361214803247e-12 -4.354136875985e-11 -3.857370243044e-12 
