2.635308123213e-10 7.003542856603e-10 9.796240359257e-10 1.164269407750e-09 1.298431207485e-09 1.405112346346e-09 1.496507809623e-09 1.580640858492e-09 1.666020796750e-09 1.782922716507e-09 
2.466301048931e-11 2.064620399653e-10 5.029034657188e-10 7.900928720526e-10 1.024187961095e-09 1.212936928637e-09 1.374213491812e-09 1.522537278067e-09 1.673045435331e-09 1.879136983796e-09 
1.575765763282e-12 3.376993043559e-11 1.596852816222e-10 3.858362920229e-10 6.416591626052e-10 8.703192105977e-10 1.067207037332e-09 1.247497754788e-09 1.430228784097e-09 1.680426916819e-09 
-7.797094272773e-14 5.011530965159e-13 2.251521364052e-11 1.221304704761e-10 3.157482197852e-10 5.458120261603e-10 7.638677641987e-10 9.651163186107e-10 1.168105165100e-09 1.445743765289e-09 
-3.166839990323e-14 -9.931644848319e-13 -2.791746790478e-12 1.630710333851e-11 1.029574580914e-10 2.716632874178e-10 4.836655725817e-10 6.990435214518e-10 9.166292069818e-10 1.212452888067e-09 
-2.988540297012e-15 -1.880348957761e-13 -1.639053977939e-12 -3.271262489164e-12 1.249066713772e-11 8.458699627887e-11 2.380014012479e-10 4.480998214725e-10 6.781760407434e-10 9.868860343003e-10 
-1.164719250810e-16 -1.502069420626e-14 -2.688438249503e-13 -1.761559380971e-12 -4.654134164022e-12 3.149905504913e-12 6.136309095076e-11 2.130713650157e-10 4.448433414102e-10 7.668415770355e-10 
-1.813358330029e-18 -5.318616133309e-16 -1.918159653929e-14 -2.601493322307e-13 -1.828845201420e-12 -7.042671537144e-12 -1.058914941640e-11 3.099508689275e-11 2.035456846096e-10 5.440933679023e-10 
-7.476167744553e-21 -5.268228749679e-18 -3.901732865978e-16 -1.039717363393e-14 -1.492910357740e-13 -1.357646572410e-12 -8.074856272982e-12 -2.757502275556e-11 -1.223358356142e-11 2.867187744686e-10 
-1.470926776701e-24 -2.809410624574e-21 -4.963462851122e-19 -2.986732617540e-17 -9.604064463248e-16 -2.048307808734e-14 -3.224485636296e-13 -3.849630455798e-12 -3.116021613741e-11 -1.175471429772e-12 
