1.742918653494e-10 4.696043918340e-10 6.611338366222e-10 7.882804013021e-10 8.807310155439e-10 9.542464237923e-10 1.017227212728e-09 1.075203306699e-09 1.134038625055e-09 1.214595930158e-09 
1.707598442709e-11 1.446486735288e-10 3.552651937503e-10 5.609970931174e-10 7.293047221671e-10 8.651070767377e-10 9.811357286001e-10 1.087841120810e-09 1.196117396164e-09 1.344380691566e-09 
1.107721346120e-12 2.409089968512e-11 1.152016800580e-10 2.805735777031e-10 4.689002882053e-10 6.377106569604e-10 7.831367020755e-10 9.162938217682e-10 1.051247834635e-09 1.236028223087e-09 
-5.949055361961e-14 3.004372545798e-13 1.631248883978e-11 9.003921791961e-11 2.345698418014e-10 4.071420716112e-10 5.710664327211e-10 7.224186873945e-10 8.750665108822e-10 1.083844791050e-09 
-2.365236325347e-14 -7.485517786348e-13 -2.156126066505e-12 1.204011240245e-11 7.726218139298e-11 2.050374823015e-10 3.662507328849e-10 5.303078028445e-10 6.960678832765e-10 9.214092655776e-10 
-2.246825477891e-15 -1.421777330439e-13 -1.247229243358e-12 -2.532358154584e-12 9.341645728741e-12 6.427732209113e-11 1.818137772771e-10 3.432303726091e-10 5.201541081093e-10 7.575270436650e-10 
-8.829645919147e-17 -1.144615428928e-14 -2.058208109490e-13 -1.355508130718e-12 -3.610558995940e-12 2.307418891275e-12 4.707691709025e-11 1.641921671545e-10 3.434684879252e-10 5.926000523809e-10 
-1.388021985576e-18 -4.087028429873e-16 -1.477990866581e-14 -2.008920007400e-13 -1.415297704883e-12 -5.465282830073e-12 -8.276757837551e-12 2.386931206281e-11 1.578137801969e-10 4.222085049428e-10 
-5.769871209002e-21 -4.072777469097e-18 -3.020526561613e-16 -8.059274840450e-15 -1.158624462614e-13 -1.054779581226e-12 -6.277117219344e-12 -2.141429025493e-11 -9.308277383457e-12 2.225883774891e-10 
-1.142263961902e-24 -2.182927953925e-21 -3.857726846745e-19 -2.321338955736e-17 -7.461889235732e-16 -1.590251143453e-14 -2.500175800576e-13 -2.978608504121e-12 -2.401998081006e-11 -3.230243326691e-13 
