2.338374801848e-10 6.239876426711e-10 8.745346730071e-10 1.040391959053e-09 1.160928192285e-09 1.256775256457e-09 1.338888627303e-09 1.414477093955e-09 1.491185812771e-09 1.596215193661e-09 
2.219469214554e-11 1.864734809369e-10 4.553292672035e-10 7.164320403836e-10 9.294746189678e-10 1.101286272612e-09 1.248088633510e-09 1.383098844401e-09 1.520097170711e-09 1.707689665890e-09 
1.424641189473e-12 3.066387419579e-11 1.455135214103e-10 3.523488047578e-10 5.867245676359e-10 7.964206663222e-10 9.769965388440e-10 1.142345149071e-09 1.309930358648e-09 1.539390325284e-09 
-7.212284222160e-14 4.412190732751e-13 2.054714171524e-11 1.118969975363e-10 2.900356374889e-10 5.020194891057e-10 7.029944087623e-10 8.885062629454e-10 1.075619394003e-09 1.331541363955e-09 
-2.910342704352e-14 -9.164214211316e-13 -2.602907387351e-12 1.495744908830e-11 9.493250333778e-11 2.506930668451e-10 4.465937845015e-10 6.457764326860e-10 8.469959571487e-10 1.120559481247e-09 
-2.756982689128e-15 -1.737493465452e-13 -1.515155427232e-12 -3.028821855286e-12 1.148455061296e-11 7.806109245463e-11 2.202015403237e-10 4.150885898275e-10 6.284510344184e-10 9.147429728205e-10 
-1.076161215121e-16 -1.388147623457e-14 -2.488282788896e-13 -1.635308995019e-12 -4.342232290252e-12 2.882086845806e-12 5.702666523279e-11 1.978558710240e-10 4.128691476919e-10 7.117221146060e-10 
-1.678150096525e-18 -4.934412375710e-16 -1.782272076386e-14 -2.417411109649e-13 -1.697175407747e-12 -6.521389335675e-12 -9.808319259969e-12 2.857432436494e-11 1.887213672961e-10 5.052400595447e-10 
-6.948144654599e-21 -4.891275754427e-18 -3.618160303163e-16 -9.636224710747e-15 -1.384415352841e-13 -1.261339885252e-12 -7.522890581227e-12 -2.571101973788e-11 -1.104227890967e-11 2.666116982481e-10 
-1.365192510837e-24 -2.611389113208e-21 -4.620131351658e-19 -2.782890689354e-17 -8.950671209131e-16 -1.907227232584e-14 -2.994799879936e-13 -3.560138351954e-12 -2.874782212078e-11 -1.109290476481e-12 
