2.599318243847e-09 9.381847244945e-11 1.059123479877e-10 1.132009382164e-10 1.184330007788e-10 1.225925995274e-10 1.261570845708e-10 1.294384434982e-10 1.327684413650e-10 1.373283808229e-10 
9.381847244945e-11 2.703640075838e-09 1.981209877374e-10 2.187621079177e-10 2.335826630663e-10 2.453486544826e-10 2.554315968364e-10 2.647143158033e-10 2.741347168957e-10 2.870348786892e-10 
1.059123479877e-10 1.981209877374e-10 2.786592390770e-09 2.818436311159e-10 3.064245253267e-10 3.258683713773e-10 3.425056614240e-10 3.578230387861e-10 3.733686618546e-10 3.946570600117e-10 
1.132009382164e-10 2.187621079177e-10 2.818436311159e-10 2.866692869940e-09 3.637229095147e-10 3.920066491497e-10 4.160848828271e-10 4.382127347459e-10 4.606709578050e-10 4.914282621268e-10 
1.184330007788e-10 2.335826630663e-10 3.064245253267e-10 3.637229095147e-10 2.949249952735e-09 4.496090591012e-10 4.827136891126e-10 5.129486716265e-10 5.435866702498e-10 5.855580460572e-10 
1.225925995274e-10 2.453486544826e-10 3.258683713773e-10 3.920066491497e-10 4.496090591012e-10 3.038350477528e-09 5.438638450731e-10 5.839138316973e-10 6.241779102953e-10 6.793094888468e-10 
1.261570845708e-10 2.554315968364e-10 3.425056614240e-10 4.160848828271e-10 4.827136891126e-10 5.438638450731e-10 3.138698553436e-09 6.527621752114e-10 7.048571153598e-10 7.755202559427e-10 
1.294384434982e-10 2.647143158033e-10 3.578230387861e-10 4.382127347459e-10 5.129486716265e-10 5.839138316973e-10 6.527621752114e-10 3.259592129257e-09 7.900447904387e-10 8.797879885366e-10 
1.327684413650e-10 2.741347168957e-10 3.733686618546e-10 4.606709578050e-10 5.435866702498e-10 6.241779102953e-10 7.048571153598e-10 7.900447904387e-10 3.424124572531e-09 1.006387429038e-09 
1.373283808229e-10 2.870348786892e-10 3.946570600117e-10 4.914282621268e-10 5.855580460572e-10 6.793094888468e-10 7.755202559427e-10 8.797879885366e-10 1.006387429038e-09 3.752756087558e-09 
