1.6908745548315675e-08 7.0168874426734659e-09 5.1220071861150506e-09 3.9898564693753512e-09 3.1769729185544004e-09 2.5313238667118462e-09 1.9798249989345900e-09 1.4758669682728766e-09 9.7257421650297512e-10 3.0053033046681025e-10 
7.0168874426734659e-09 6.0078811197740769e-09 2.5550397156872249e-09 2.0087142354004850e-09 1.6165759364271343e-09 1.3051401601575727e-09 1.0390696166002171e-09 7.9588446819736159e-10 5.5305915699412123e-10 2.2974823107044252e-10 
5.1220071861150506e-09 2.5550397156872249e-09 4.4317794152200501e-09 1.4979074507499148e-09 1.2141562521013712e-09 9.8881546082812002e-10 7.9627707458731687e-10 6.2027378068671682e-10 4.4455096850793074e-10 2.1107985137816400e-10 
3.9898564693753512e-09 2.0087142354004850e-09 1.4979074507499148e-09 3.7311834636335356e-09 9.7372160780465434e-10 7.9981403808889738e-10 6.5120170100718277e-10 5.1533459548944144e-10 3.7970228918656709e-10 1.9990582402077413e-10 
3.1769729185544004e-09 1.6165759364271343e-09 1.2141562521013712e-09 9.7372160780465434e-10 3.3397543341470868e-09 6.6432663720226470e-10 5.4726026321099587e-10 4.4021164315222271e-10 3.3336990780313529e-10 1.9212334492636171e-10 
2.5313238667118462e-09 1.3051401601575727e-09 9.8881546082812002e-10 7.9981403808889738e-10 6.6432663720226470e-10 3.0952345332583682e-09 4.6476826297930283e-10 3.8060552175179394e-10 2.9661983177169217e-10 1.8598965519631292e-10 
1.9798249989345900e-09 1.0390696166002171e-09 7.9627707458731687e-10 6.5120170100718277e-10 5.4726026321099587e-10 4.6476826297930283e-10 2.9327070776122386e-09 3.2964534426893115e-10 2.6515883959747612e-10 1.8064704193137529e-10 
1.4758669682728766e-09 7.9588446819736159e-10 6.2027378068671682e-10 5.1533459548944144e-10 4.4021164315222271e-10 3.8060552175179394e-10 3.2964534426893115e-10 2.8215067970925639e-09 2.3642366377248371e-10 1.7567073450779183e-10 
9.7257421650297512e-10 5.5305915699412123e-10 4.4455096850793074e-10 3.7970228918656709e-10 3.3336990780313529e-10 2.9661983177169217e-10 2.6515883959747612e-10 2.3642366377248371e-10 2.7464345970498961e-09 1.7095240243619407e-10 
3.0053033046681025e-10 2.2974823107044252e-10 2.1107985137816400e-10 1.9990582402077413e-10 1.9212334492636171e-10 1.8598965519631292e-10 1.8064704193137529e-10 1.7567073450779183e-10 1.7095240243619407e-10 2.7052599292456763e-09 
