2.585521473346e-09 7.347543959189e-11 8.325030010696e-11 8.914272927244e-11 9.337256342100e-11 9.673536948353e-11 9.961705955294e-11 1.022698577210e-10 1.049619777890e-10 1.086484450708e-10 
7.347543959189e-11 2.669889875009e-09 1.584272985974e-10 1.753575528952e-10 1.875146683850e-10 1.971663910190e-10 2.054375117124e-10 2.130521926842e-10 2.207798131491e-10 2.313619173908e-10 
8.325030010696e-11 1.584272985974e-10 2.738055188003e-09 2.273668659295e-10 2.476230866090e-10 2.636481006278e-10 2.773606963721e-10 2.899854172141e-10 3.027982240693e-10 3.203442703121e-10 
8.914272927244e-11 1.753575528952e-10 2.273668659295e-10 2.804105986645e-09 2.949159148388e-10 3.182453160672e-10 3.381100740432e-10 3.563672149240e-10 3.748968986311e-10 4.002738259402e-10 
9.337256342100e-11 1.875146683850e-10 2.476230866090e-10 2.949159148388e-10 2.872166103981e-09 3.656627691299e-10 3.929219767789e-10 4.178270284949e-10 4.430662973827e-10 4.776412480726e-10 
9.673536948353e-11 1.971663910190e-10 2.636481006278e-10 3.182453160672e-10 3.656627691299e-10 2.945411671677e-09 4.430231005435e-10 4.758949303712e-10 5.089605230367e-10 5.542366548141e-10 
9.961705955294e-11 2.054375117124e-10 2.773606963721e-10 3.381100740432e-10 3.929219767789e-10 4.430231005435e-10 3.027543180464e-09 5.319629794940e-10 5.745544881865e-10 6.323644922653e-10 
1.022698577210e-10 2.130521926842e-10 2.899854172141e-10 3.563672149240e-10 4.178270284949e-10 4.758949303712e-10 5.319629794940e-10 3.125912543529e-09 6.434005157751e-10 7.164976344146e-10 
1.049619777890e-10 2.207798131491e-10 3.027982240693e-10 3.748968986311e-10 4.430662973827e-10 5.089605230367e-10 5.745544881865e-10 6.434005157751e-10 3.258733627456e-09 8.177592460615e-10 
1.086484450708e-10 2.313619173908e-10 3.203442703121e-10 4.002738259402e-10 4.776412480726e-10 5.542366548141e-10 6.323644922653e-10 7.164976344146e-10 8.177592460615e-10 3.521046588023e-09 
