5.1426159716665693e-07 2.5544690811817712e-07 1.8937973354773791e-07 1.4989249545577951e-07 1.2154258132099879e-07 9.9017785970050051e-08 7.9757253749126019e-08 6.2122482700783689e-08 4.4448806047810544e-08 2.1044481171173322e-08 
2.5544690811817712e-07 1.3090205128871210e-07 9.5598479875844995e-08 7.6014707342354841e-08 6.1955856669408030e-08 5.0785606617393344e-08 4.1232369632812568e-08 3.2482583585217032e-08 2.3710896367778407e-08 1.2112363291562433e-08 
1.8937973354773791e-07 9.5598479875844995e-08 7.3956326429110963e-08 5.6964673815794749e-08 4.6589496022580132e-08 3.8345985641487111e-08 3.1294957220265312e-08 2.4835439360617483e-08 1.8358397312135528e-08 9.8029762371623737e-09 
1.4989249545577951e-07 7.6014707342354841e-08 5.6964673815794749e-08 4.8116561511538075e-08 3.7404656847860590e-08 3.0910273951353506e-08 2.5354621868043361e-08 2.0263874008385876e-08 1.5158245941629303e-08 8.4215547916802584e-09 
1.2154258132099879e-07 6.1955856669408030e-08 4.6589496022580132e-08 3.7404656847860590e-08 3.3350913838289305e-08 2.5574236673018238e-08 2.1092258218237368e-08 1.6984185395740633e-08 1.2863204441787639e-08 7.4323864259197623e-09 
9.9017785970050051e-08 5.0785606617393344e-08 3.8345985641487111e-08 3.0910273951353506e-08 2.5574236673018238e-08 2.3872919973695014e-08 1.7705860134554431e-08 1.4378454931904215e-08 1.1039554117030751e-08 6.6461652891525050e-09 
7.9757253749126019e-08 4.1232369632812568e-08 3.1294957220265312e-08 2.5354621868043361e-08 2.1092258218237368e-08 1.7705860134554431e-08 1.7345897023919376e-08 1.2148077321929195e-08 9.4774135808250358e-09 5.9703265737112246e-09 
6.2122482700783689e-08 3.2482583585217032e-08 2.4835439360617483e-08 2.0263874008385876e-08 1.6984185395740633e-08 1.4378454931904215e-08 1.2148077321929195e-08 1.2640272270806211e-08 8.0441917331855753e-09 5.3460048484884882e-09 
4.4448806047810544e-08 2.3710896367778407e-08 1.8358397312135528e-08 1.5158245941629303e-08 1.2863204441787639e-08 1.1039554117030751e-08 9.4774135808250358e-09 8.0441917331855753e-09 9.1455776317362126e-09 4.7197019957379655e-09 
2.1044481171173322e-08 1.2112363291562433e-08 9.8029762371623737e-09 8.4215547916802584e-09 7.4323864259197623e-09 6.6461652891525050e-09 5.9703265737112246e-09 5.3460048484884882e-09 4.7197019957379655e-09 6.4726962752539228e-09 
