1.2459259655526527e-07 6.0729739253802829e-08 4.4922089954239176e-08 3.5474462902709024e-08 2.8690882831731519e-08 2.3301100134695371e-08 1.8692490293078710e-08 1.4472480220567199e-08 1.0245438296117921e-08 4.6386036708565225e-09 
6.0729739253802829e-08 3.3024550182488869e-08 2.2689079677736592e-08 1.8029042832682279e-08 1.4683591121275509e-08 1.2025547834669531e-08 9.7523339990644860e-09 7.6701957575118279e-09 5.5840457799815139e-09 2.8215547904306237e-09 
4.4922089954239176e-08 2.2689079677736592e-08 1.9495270160437818e-08 1.3530719641947094e-08 1.1071354723354646e-08 9.1173418602447184e-09 7.4460329306419875e-09 5.9148987148374359e-09 4.3805289091275733e-09 2.3511094273463061e-09 
3.5474462902709024e-08 1.8029042832682279e-08 1.3530719641947094e-08 1.3380676325898344e-08 8.9124539740865074e-09 7.3791816047410662e-09 6.0675713367712429e-09 4.8657343849387749e-09 3.6611341801969022e-09 2.0698301085494573e-09 
2.8690882831731519e-08 1.4683591121275509e-08 1.1071354723354646e-08 8.9124539740865074e-09 9.9016240848554372e-09 6.1321078291156776e-09 5.0787995613528357e-09 4.1134055423874763e-09 3.1456099237088176e-09 1.8689318056912853e-09 
2.3301100134695371e-08 1.2025547834669531e-08 9.1173418602447184e-09 7.3791816047410662e-09 6.1321078291156776e-09 7.6797866890822679e-09 4.2933296566807879e-09 3.5157735102835532e-09 2.7360638220119901e-09 1.7093412417114222e-09 
1.8692490293078710e-08 9.7523339990644860e-09 7.4460329306419875e-09 6.0675713367712429e-09 5.0787995613528357e-09 4.2933296566807879e-09 6.1595170172066390e-09 3.0042402031554178e-09 2.3852269510111984e-09 1.5720388151521463e-09 
1.4472480220567199e-08 7.6701957575118279e-09 5.9148987148374359e-09 4.8657343849387749e-09 4.1134055423874763e-09 3.5157735102835532e-09 3.0042402031554178e-09 5.0734903511270817e-09 2.0634715076262059e-09 1.4451853434929922e-09 
1.0245438296117921e-08 5.5840457799815139e-09 4.3805289091275733e-09 3.6611341801969022e-09 3.1456099237088176e-09 2.7360638220119901e-09 2.3852269510111984e-09 2.0634715076262059e-09 4.2796693682671867e-09 1.3181788146009413e-09 
4.6386036708565225e-09 2.8215547904306237e-09 2.3511094273463061e-09 2.0698301085494573e-09 1.8689318056912853e-09 1.7093412417114222e-09 1.5720388151521463e-09 1.4451853434929922e-09 1.3181788146009413e-09 3.6996120095809932e-09 
