5.4200268966195364e-08 2.5539408093205294e-08 1.8806734219291326e-08 1.4783251923931306e-08 1.1894160463287306e-08 9.5988174576475207e-09 7.6367164392955092e-09 5.8410034007406139e-09 4.0433547279678930e-09 1.6529088342104670e-09 
2.5539408093205294e-08 1.5303155746850762e-08 9.4715878001979920e-09 7.5036040641270679e-09 6.0908161242176396e-09 4.9684255791081849e-09 4.0088041342847572e-09 3.1303270996975759e-09 2.2507977271843758e-09 1.0836703713546572e-09 
1.8806734219291326e-08 9.4715878001979920e-09 9.6033645309360259e-09 5.6266018553526429e-09 4.5942184419491874e-09 3.7740651461046432e-09 3.0727669180205099e-09 2.4306512368360737e-09 1.7877094411094655e-09 9.3580939553627545e-10 
1.4783251923931306e-08 7.5036040641270679e-09 5.6266018553526429e-09 7.0433838846275114e-09 3.6998799190554862e-09 3.0603294951864761e-09 2.5133878004155241e-09 2.0125153980762142e-09 1.5109567757136146e-09 8.4743350436746113e-10 
1.1894160463287306e-08 6.0908161242176396e-09 4.5942184419491874e-09 3.6998799190554862e-09 5.5966813339477866e-09 2.5484142163894101e-09 2.1123294163892406e-09 1.7128812604112529e-09 1.3128599569129574e-09 7.8463409610951519e-10 
9.5988174576475207e-09 4.9684255791081849e-09 3.7740651461046432e-09 3.0603294951864761e-09 2.5484142163894101e-09 4.6802573987452040e-09 1.7938253054230835e-09 1.4749464762501473e-09 1.1555643482797655e-09 7.3482125882739360e-10 
7.6367164392955092e-09 4.0088041342847572e-09 3.0727669180205099e-09 2.5133878004155241e-09 2.1123294163892406e-09 1.7938253054230835e-09 4.0597510955882104e-09 1.2713433139502533e-09 1.0208282050949819e-09 6.9186962058920300e-10 
5.8410034007406139e-09 3.1303270996975759e-09 2.4306512368360737e-09 2.0125153980762142e-09 1.7128812604112529e-09 1.4749464762501473e-09 1.2713433139502533e-09 3.6231857960970973e-09 8.9738533642925720e-10 6.5212738138864436e-10 
4.0433547279678930e-09 2.2507977271843758e-09 1.7877094411094655e-09 1.5109567757136146e-09 1.3128599569129574e-09 1.1555643482797655e-09 1.0208282050949819e-09 8.9738533642925720e-10 3.3125577541745631e-09 6.1265320770821575e-10 
1.6529088342104670e-09 1.0836703713546572e-09 9.3580939553627545e-10 8.4743350436746113e-10 7.8463409610951519e-10 7.3482125882739360e-10 6.9186962058920300e-10 6.5212738138864436e-10 6.1265320770821575e-10 3.1044263170772710e-09 
