2.889485548222e+07 9.583175794004e+06 -1.396159646412e+07 -2.773946096615e+06 7.463712323891e+04 1.616534437999e+03 2.762125764301e+05 1.624398703692e+04 8.851740355991e+04 -1.075505742574e+06 -2.541637277136e+02 2.215954418139e+05 5.857107667347e+04 8.359470910557e+04 -8.612562764204e+05 -2.186834827408e+02 8.721913987449e+04 1.129147719117e+05 7.546909898792e+04 -4.527174496532e+05 -1.517361291382e+02 -6.502323998211e+04 1.491415865270e+05 6.614550646312e+04 -3.912479980115e+04 -7.849849891191e+01 
9.583175794004e+06 4.349974154591e+07 -7.121054784006e+06 -1.060062589309e+06 1.697826594875e+05 6.295228304037e+03 1.777727793244e+06 -9.253727971912e+05 -2.570051914564e+05 -4.549214122938e+06 -5.123208504202e+02 1.747780841174e+06 -9.031295957398e+05 -2.742424865146e+05 -4.325519179120e+06 -4.522418897757e+02 1.440212758723e+06 -7.375714068885e+05 -2.492180444206e+05 -3.409821087761e+06 -3.302280923305e+02 9.483257154524e+05 -4.793063029670e+05 -1.815739900263e+05 -2.116757045349e+06 -1.880564592817e+02 
-1.396159646412e+07 -7.121054784006e+06 1.017071496024e+07 1.885039535074e+06 -5.026239906658e+04 -4.183084493905e+03 -5.232414904253e+04 -6.372063694896e+04 -6.714532556207e+04 6.940081200416e+05 1.738247264207e+02 -4.392852030197e+02 -1.000694712593e+05 -6.360588201542e+04 5.494020373137e+05 1.496774408404e+02 7.663917554443e+04 -1.343256986997e+05 -5.668710074503e+04 2.784351596131e+05 1.037026063476e+02 1.383359402254e+05 -1.442123746032e+05 -4.809995313749e+04 9.213644853738e+03 5.340832894226e+01 
-2.773946096615e+06 -1.060062589309e+06 1.885039535074e+06 3.729605886121e+05 -9.285778271555e+03 -1.064562058077e+03 -3.378807793467e+03 -1.987318046008e+04 -1.736860615149e+04 1.063153329939e+05 3.326202749447e+01 6.112332609864e+03 -2.617224916966e+04 -1.650487870388e+04 7.784715194845e+04 2.837765301361e+01 1.978927961154e+04 -3.095433990139e+04 -1.440987514227e+04 2.932974510752e+04 1.936941916864e+01 2.990241595348e+04 -3.046249033245e+04 -1.157434422302e+04 -1.481986154206e+04 9.735333743853e+00 
7.463712323891e+04 1.697826594875e+05 -5.026239906658e+04 -9.285778271555e+03 1.103038370995e+03 3.676999383655e+01 1.046515379207e+04 2.332715799787e+03 -8.354392573613e+02 -1.663719300097e+04 -2.372302824353e+00 9.256194398725e+03 1.895692583035e+03 -8.843358260835e+02 -1.438183494492e+04 -1.912310985640e+00 6.655908746385e+03 1.212236862689e+03 -7.696126599900e+02 -1.007237626193e+04 -1.257962221709e+00 3.686872620382e+03 5.735206939005e+02 -5.122852667470e+02 -5.409715851249e+03 -6.373324582945e-01 
1.616534437999e+03 6.295228304037e+03 -4.183084493905e+03 -1.064562058077e+03 3.676999383655e+01 1.892046608444e+01 -3.237484540240e+00 -8.297197992967e+01 6.518222037854e+01 -6.001800505979e+02 -1.462664733985e-01 2.932236359438e+01 -5.351523735875e+01 5.448973588299e+01 -5.722880927958e+02 -1.338184987959e-01 2.887397663570e+01 -1.392148441613e+01 3.849044815984e+01 -3.990981888682e+02 -9.559067749261e-02 5.572571317780e+00 1.088164694142e+01 2.316193686703e+01 -1.842717502488e+02 -5.013658024768e-02 
2.762125764301e+05 1.777727793244e+06 -5.232414904253e+04 -3.378807793467e+03 1.046515379207e+04 -3.237484540240e+00 3.944258578419e+05 2.086585510307e+04 -5.994272174428e+04 -5.248358666242e+05 -4.826191758242e+01 0.000000000000e+00 0.000000000000e+00 0.000000000000e+00 0.000000000000e+00 0.000000000000e+00 0.000000000000e+00 0.000000000000e+00 0.000000000000e+00 0.000000000000e+00 0.000000000000e+00 0.000000000000e+00 0.000000000000e+00 0.000000000000e+00 0.000000000000e+00 0.000000000000e+00 
1.624398703692e+04 -9.253727971912e+05 -6.372063694896e+04 -1.987318046008e+04 2.332715799787e+03 -8.297197992967e+01 2.086585510307e+04 3.647489936409e+05 1.632479652059e+04 4.555708851730e+05 3.618687305314e+01 0.000000000000e+00 0.000000000000e+00 0.000000000000e+00 0.000000000000e+00 0.000000000000e+00 0.000000000000e+00 0.000000000000e+00 0.000000000000e+00 0.000000000000e+00 0.000000000000e+00 0.000000000000e+00 0.000000000000e+00 0.000000000000e+00 0.000000000000e+00 0.000000000000e+00 
8.851740355991e+04 -2.570051914564e+05 -6.714532556207e+04 -1.736860615149e+04 -8.354392573613e+02 6.518222037854e+01 -5.994272174428e+04 1.632479652059e+04 1.894215488132e+04 8.456311935106e+04 2.815846922391e+00 0.000000000000e+00 0.000000000000e+00 0.000000000000e+00 0.000000000000e+00 0.000000000000e+00 0.000000000000e+00 0.000000000000e+00 0.000000000000e+00 0.000000000000e+00 0.000000000000e+00 0.000000000000e+00 0.000000000000e+00 0.000000000000e+00 0.000000000000e+00 0.000000000000e+00 
-1.075505742574e+06 -4.549214122938e+06 6.940081200416e+05 1.063153329939e+05 -1.663719300097e+04 -6.001800505979e+02 -5.248358666242e+05 4.555708851730e+05 8.456311935106e+04 1.552601965612e+06 1.633692831799e+02 0.000000000000e+00 0.000000000000e+00 0.000000000000e+00 0.000000000000e+00 0.000000000000e+00 0.000000000000e+00 0.000000000000e+00 0.000000000000e+00 0.000000000000e+00 0.000000000000e+00 0.000000000000e+00 0.000000000000e+00 0.000000000000e+00 0.000000000000e+00 0.000000000000e+00 
-2.541637277136e+02 -5.123208504202e+02 1.738247264207e+02 3.326202749447e+01 -2.372302824353e+00 -1.462664733985e-01 -4.826191758242e+01 3.618687305314e+01 2.815846922391e+00 1.633692831799e+02 2.357248430540e-02 0.000000000000e+00 0.000000000000e+00 0.000000000000e+00 0.000000000000e+00 0.000000000000e+00 0.000000000000e+00 0.000000000000e+00 0.000000000000e+00 0.000000000000e+00 0.000000000000e+00 0.000000000000e+00 0.000000000000e+00 0.000000000000e+00 0.000000000000e+00 0.000000000000e+00 
2.215954418139e+05 1.747780841174e+06 -4.392852030197e+02 6.112332609864e+03 9.256194398725e+03 2.932236359438e+01 0.000000000000e+00 0.000000000000e+00 0.000000000000e+00 0.000000000000e+00 0.000000000000e+00 4.045384204155e+05 4.622235724082e+03 -6.481757710474e+04 -5.405987851549e+05 -4.563116363577e+01 0.000000000000e+00 0.000000000000e+00 0.000000000000e+00 0.000000000000e+00 0.000000000000e+00 0.000000000000e+00 0.000000000000e+00 0.000000000000e+00 0.000000000000e+00 0.000000000000e+00 
5.857107667347e+04 -9.031295957398e+05 -1.000694712593e+05 -2.617224916966e+04 1.895692583035e+03 -5.351523735875e+01 0.000000000000e+00 0.000000000000e+00 0.000000000000e+00 0.000000000000e+00 0.000000000000e+00 4.622235724082e+03 3.408946631386e+05 1.534320546247e+04 4.394449295891e+05 3.327102718001e+01 0.000000000000e+00 0.000000000000e+00 0.000000000000e+00 0.000000000000e+00 0.000000000000e+00 0.000000000000e+00 0.000000000000e+00 0.000000000000e+00 0.000000000000e+00 0.000000000000e+00 
8.359470910557e+04 -2.742424865146e+05 -6.360588201542e+04 -1.650487870388e+04 -8.843358260835e+02 5.448973588299e+01 0.000000000000e+00 0.000000000000e+00 0.000000000000e+00 0.000000000000e+00 0.000000000000e+00 -6.481757710474e+04 1.534320546247e+04 1.884083790366e+04 9.123998068972e+04 3.711932924714e+00 0.000000000000e+00 0.000000000000e+00 0.000000000000e+00 0.000000000000e+00 0.000000000000e+00 0.000000000000e+00 0.000000000000e+00 0.000000000000e+00 0.000000000000e+00 0.000000000000e+00 
-8.612562764204e+05 -4.325519179120e+06 5.494020373137e+05 7.784715194845e+04 -1.438183494492e+04 -5.722880927958e+02 0.000000000000e+00 0.000000000000e+00 0.000000000000e+00 0.000000000000e+00 0.000000000000e+00 -5.405987851549e+05 4.394449295891e+05 9.123998068972e+04 1.508440760197e+06 1.477492250586e+02 0.000000000000e+00 0.000000000000e+00 0.000000000000e+00 0.000000000000e+00 0.000000000000e+00 0.000000000000e+00 0.000000000000e+00 0.000000000000e+00 0.000000000000e+00 0.000000000000e+00 
-2.186834827408e+02 -4.522418897757e+02 1.496774408404e+02 2.837765301361e+01 -1.912310985640e+00 -1.338184987959e-01 0.000000000000e+00 0.000000000000e+00 0.000000000000e+00 0.000000000000e+00 0.000000000000e+00 -4.563116363577e+01 3.327102718001e+01 3.711932924714e+00 1.477492250586e+02 2.002011546652e-02 0.000000000000e+00 0.000000000000e+00 0.000000000000e+00 0.000000000000e+00 0.000000000000e+00 0.000000000000e+00 0.000000000000e+00 0.000000000000e+00 0.000000000000e+00 0.000000000000e+00 
8.721913987449e+04 1.440212758723e+06 7.663917554443e+04 1.978927961154e+04 6.655908746385e+03 2.887397663570e+01 0.000000000000e+00 0.000000000000e+00 0.000000000000e+00 0.000000000000e+00 0.000000000000e+00 0.000000000000e+00 0.000000000000e+00 0.000000000000e+00 0.000000000000e+00 0.000000000000e+00 3.499478666039e+05 -1.325775440093e+04 -6.045945732624e+04 -4.670708277432e+05 -3.592415431998e+01 0.000000000000e+00 0.000000000000e+00 0.000000000000e+00 0.000000000000e+00 0.000000000000e+00 
1.129147719117e+05 -7.375714068885e+05 -1.343256986997e+05 -3.095433990139e+04 1.212236862689e+03 -1.392148441613e+01 0.000000000000e+00 0.000000000000e+00 0.000000000000e+00 0.000000000000e+00 0.000000000000e+00 0.000000000000e+00 0.000000000000e+00 0.000000000000e+00 0.000000000000e+00 0.000000000000e+00 -1.325775440093e+04 2.657991527725e+05 1.275838756831e+04 3.558625120708e+05 2.534728210128e+01 0.000000000000e+00 0.000000000000e+00 0.000000000000e+00 0.000000000000e+00 0.000000000000e+00 
7.546909898792e+04 -2.492180444206e+05 -5.668710074503e+04 -1.440987514227e+04 -7.696126599900e+02 3.849044815984e+01 0.000000000000e+00 0.000000000000e+00 0.000000000000e+00 0.000000000000e+00 0.000000000000e+00 0.000000000000e+00 0.000000000000e+00 0.000000000000e+00 0.000000000000e+00 0.000000000000e+00 -6.045945732624e+04 1.275838756831e+04 1.655802609792e+04 8.413941615181e+04 3.835387287225e+00 0.000000000000e+00 0.000000000000e+00 0.000000000000e+00 0.000000000000e+00 0.000000000000e+00 
-4.527174496532e+05 -3.409821087761e+06 2.784351596131e+05 2.932974510752e+04 -1.007237626193e+04 -3.990981888682e+02 0.000000000000e+00 0.000000000000e+00 0.000000000000e+00 0.000000000000e+00 0.000000000000e+00 0.000000000000e+00 0.000000000000e+00 0.000000000000e+00 0.000000000000e+00 0.000000000000e+00 -4.670708277432e+05 3.558625120708e+05 8.413941615181e+04 1.216922380909e+06 1.103620954017e+02 0.000000000000e+00 0.000000000000e+00 0.000000000000e+00 0.000000000000e+00 0.000000000000e+00 
-1.517361291382e+02 -3.302280923305e+02 1.037026063476e+02 1.936941916864e+01 -1.257962221709e+00 -9.559067749261e-02 0.000000000000e+00 0.000000000000e+00 0.000000000000e+00 0.000000000000e+00 0.000000000000e+00 0.000000000000e+00 0.000000000000e+00 0.000000000000e+00 0.000000000000e+00 0.000000000000e+00 -3.592415431998e+01 2.534728210128e+01 3.835387287225e+00 1.103620954017e+02 1.414844494981e-02 0.000000000000e+00 0.000000000000e+00 0.000000000000e+00 0.000000000000e+00 0.000000000000e+00 
-6.502323998211e+04 9.483257154524e+05 1.383359402254e+05 2.990241595348e+04 3.686872620382e+03 5.572571317780e+00 0.000000000000e+00 0.000000000000e+00 0.000000000000e+00 0.000000000000e+00 0.000000000000e+00 0.000000000000e+00 0.000000000000e+00 0.000000000000e+00 0.000000000000e+00 0.000000000000e+00 0.000000000000e+00 0.000000000000e+00 0.000000000000e+00 0.000000000000e+00 0.000000000000e+00 2.442611327438e+05 -2.335256160858e+04 -4.604892809115e+04 -3.232252334752e+05 -2.226210054104e+01 
1.491415865270e+05 -4.793063029670e+05 -1.442123746032e+05 -3.046249033245e+04 5.735206939005e+02 1.088164694142e+01 0.000000000000e+00 0.000000000000e+00 0.000000000000e+00 0.000000000000e+00 0.000000000000e+00 0.000000000000e+00 0.000000000000e+00 0.000000000000e+00 0.000000000000e+00 0.000000000000e+00 0.000000000000e+00 0.000000000000e+00 0.000000000000e+00 0.000000000000e+00 0.000000000000e+00 -2.335256160858e+04 1.650300538675e+05 9.217960911689e+03 2.306622130721e+05 1.510042182189e+01 
6.614550646312e+04 -1.815739900263e+05 -4.809995313749e+04 -1.157434422302e+04 -5.122852667470e+02 2.316193686703e+01 0.000000000000e+00 0.000000000000e+00 0.000000000000e+00 0.000000000000e+00 0.000000000000e+00 0.000000000000e+00 0.000000000000e+00 0.000000000000e+00 0.000000000000e+00 0.000000000000e+00 0.000000000000e+00 0.000000000000e+00 0.000000000000e+00 0.000000000000e+00 0.000000000000e+00 -4.604892809115e+04 9.217960911689e+03 1.227484069762e+04 6.259129605044e+04 2.965016832105e+00 
-3.912479980115e+04 -2.116757045349e+06 9.213644853738e+03 -1.481986154206e+04 -5.409715851249e+03 -1.842717502488e+02 0.000000000000e+00 0.000000000000e+00 0.000000000000e+00 0.000000000000e+00 0.000000000000e+00 0.000000000000e+00 0.000000000000e+00 0.000000000000e+00 0.000000000000e+00 0.000000000000e+00 0.000000000000e+00 0.000000000000e+00 0.000000000000e+00 0.000000000000e+00 0.000000000000e+00 -3.232252334752e+05 2.306622130721e+05 6.259129605044e+04 7.754305942787e+05 6.423243971020e+01 
-7.849849891191e+01 -1.880564592817e+02 5.340832894226e+01 9.735333743853e+00 -6.373324582945e-01 -5.013658024768e-02 0.000000000000e+00 0.000000000000e+00 0.000000000000e+00 0.000000000000e+00 0.000000000000e+00 0.000000000000e+00 0.000000000000e+00 0.000000000000e+00 0.000000000000e+00 0.000000000000e+00 0.000000000000e+00 0.000000000000e+00 0.000000000000e+00 0.000000000000e+00 0.000000000000e+00 -2.226210054104e+01 1.510042182189e+01 2.965016832105e+00 6.423243971020e+01 7.823546083519e-03 
