1.067487794256e-07 3.426856653168e-08 6.634604525430e-09 8.514159428511e-10 7.691551844288e-11 4.542931324954e-12 1.502243887747e-13 2.097397319480e-15 6.754431740017e-18 7.846769392295e-22 
3.426856653168e-08 1.096861144159e-07 4.662411424336e-08 1.397369970131e-08 2.612178032950e-09 3.072864631609e-10 2.048080158924e-11 6.032285282169e-13 4.404120152243e-15 1.359376030624e-18 
6.634604525430e-09 4.662411424336e-08 9.610304368797e-08 4.389875402881e-08 1.585765018637e-08 3.373689435819e-09 3.985234769440e-10 2.128842251874e-11 3.028660509635e-13 2.183122943497e-16 
8.514159428511e-10 1.397369970131e-08 4.389875402881e-08 8.512802508749e-08 3.863516548405e-08 1.473521920638e-08 3.042135559023e-09 2.844153918970e-10 7.477722243878e-12 1.192224944061e-14 
7.691551844288e-11 2.612178032950e-09 1.585765018637e-08 3.863516548405e-08 7.625292340955e-08 3.295059111924e-08 1.209388011936e-08 2.015152305703e-09 9.875527606212e-11 3.464964604813e-13 
4.542931324954e-12 3.072864631609e-10 3.373689435819e-09 1.473521920638e-08 3.295059111924e-08 6.903023293243e-08 2.730147387233e-08 8.475016646529e-09 8.164119294783e-10 6.619629279952e-12 
1.502243887747e-13 2.048080158924e-11 3.985234769440e-10 3.042135559023e-09 1.209388011936e-08 2.730147387233e-08 6.262806298249e-08 2.123198503064e-08 4.388499883706e-09 9.172536830325e-11 
2.097397319480e-15 6.032285282169e-13 2.128842251874e-11 2.844153918970e-10 2.015152305703e-09 8.475016646529e-09 2.123198503064e-08 5.664310968191e-08 1.441474306651e-08 9.382025297963e-10 
6.754431740017e-18 4.404120152243e-15 3.028660509635e-13 7.477722243878e-12 9.875527606212e-11 8.164119294783e-10 4.388499883706e-09 1.441474306651e-08 5.062936651980e-08 6.487237929064e-09 
7.846769392295e-22 1.359376030624e-18 2.183122943497e-16 1.192224944061e-14 3.464964604813e-13 6.619629279952e-12 9.172536830325e-11 9.382025297963e-10 6.487237929064e-09 4.115019286911e-08 
