1.404726873761e-07 4.677308467736e-08 8.873457000113e-09 1.123792986090e-09 1.006647966679e-10 5.913039106161e-12 1.948046447924e-13 2.721480842749e-15 8.778267822126e-18 1.032611244020e-21 
4.677308467736e-08 1.375261155553e-07 6.173434100106e-08 1.833229052538e-08 3.406640434141e-09 3.989791857984e-10 2.655610531822e-11 7.832208081179e-13 5.731201993711e-15 1.793530531505e-18 
8.873457000113e-09 6.173434100106e-08 1.173798904126e-07 5.733085423250e-08 2.062046212958e-08 4.375083983435e-09 5.170205279760e-10 2.765210066936e-11 3.949489481997e-13 2.886477701319e-16 
1.123792986090e-09 1.833229052538e-08 5.733085423250e-08 1.022680809501e-07 5.012524252742e-08 1.910725341515e-08 3.949167288351e-09 3.696833288909e-10 9.778377897311e-12 1.579310735478e-14 
1.006647966679e-10 3.406640434141e-09 2.062046212958e-08 5.012524252742e-08 9.050256990174e-08 4.275958601265e-08 1.570843853443e-08 2.623125466143e-09 1.295738713170e-10 4.598671702899e-13 
5.913039106161e-12 3.989791857984e-10 4.375083983435e-09 1.910725341515e-08 4.275958601265e-08 8.122349363875e-08 3.549534654603e-08 1.106529038783e-08 1.075295693930e-09 8.805580901813e-12 
1.948046447924e-13 2.655610531822e-11 5.170205279760e-10 3.949167288351e-09 1.570843853443e-08 3.549534654603e-08 7.309222433444e-08 2.786181376601e-08 5.803364585558e-09 1.224359242482e-10 
2.721480842749e-15 7.832208081179e-13 2.765210066936e-11 3.696833288909e-10 2.623125466143e-09 1.106529038783e-08 2.786181376601e-08 6.575011930929e-08 1.914612615656e-08 1.260662782705e-09 
8.778267822126e-18 5.731201993711e-15 3.949489481997e-13 9.778377897311e-12 1.295738713170e-10 1.075295693930e-09 5.803364585558e-09 1.914612615656e-08 5.823138606086e-08 8.837159481817e-09 
1.032611244020e-21 1.793530531505e-18 2.886477701319e-16 1.579310735478e-14 4.598671702899e-13 8.805580901813e-12 1.224359242482e-10 1.260662782705e-09 8.837159481817e-09 4.616257972702e-08 
