7.701748103313e-08 2.247300637182e-08 4.477150725891e-09 5.864486296563e-10 5.383614698361e-11 3.213862899444e-12 1.073557962544e-13 1.509261616120e-15 4.867696903165e-18 5.658148839442e-22 
2.247300637182e-08 8.293465681124e-08 3.195224636609e-08 9.732460325236e-09 1.841340232667e-09 2.186153582859e-10 1.470255380624e-11 4.341582496099e-13 3.179930442535e-15 9.771910268570e-19 
4.477150725891e-09 3.195224636609e-08 7.539131100414e-08 3.086034915630e-08 1.124152226784e-08 2.412375211588e-09 2.866471498403e-10 1.532719203884e-11 2.190027793088e-13 1.564287891681e-16 
5.864486296563e-10 9.732460325236e-09 3.086034915630e-08 6.850881742781e-08 2.755668144562e-08 1.058136041647e-08 2.189475587574e-09 2.050017687521e-10 5.409226602361e-12 8.517475892513e-15 
5.383614698361e-11 1.841340232667e-09 1.124152226784e-08 2.755668144562e-08 6.268074416821e-08 2.371050058058e-08 8.706950073019e-09 1.455111405419e-09 7.135457164046e-11 2.469549351588e-13 
3.213862899444e-12 2.186153582859e-10 2.412375211588e-09 1.058136041647e-08 2.371050058058e-08 5.759167122261e-08 1.968667653791e-08 6.129501037396e-09 5.880027049613e-10 4.710107866794e-12 
1.073557962544e-13 1.470255380624e-11 2.866471498403e-10 2.189475587574e-09 8.706950073019e-09 1.968667653791e-08 5.309336027439e-08 1.533940236657e-08 3.143938944665e-09 6.519872780195e-11 
1.509261616120e-15 4.341582496099e-13 1.532719203884e-11 2.050017687521e-10 1.455111405419e-09 6.129501037396e-09 1.533940236657e-08 4.862439308658e-08 1.027070815683e-08 6.658436932570e-10 
4.867696903165e-18 3.179930442535e-15 2.190027793088e-13 5.409226602361e-12 7.135457164046e-11 5.880027049613e-10 3.143938944665e-09 1.027070815683e-08 4.413479787394e-08 4.564522387393e-09 
5.658148839442e-22 9.771910268570e-19 1.564287891681e-16 8.517475892513e-15 2.469549351588e-13 4.710107866794e-12 6.519872780195e-11 6.658436932570e-10 4.564522387393e-09 3.707767730533e-08 
