-5.8639583232280629e-10 7.0540151985325290e-10 1.0411553370205338e-09 1.2411153919863203e-09 1.3841411188544679e-09 1.4976642124592451e-09 1.5949079622705256e-09 1.6844248774252493e-09 1.7752694059198616e-09 1.8996823024104665e-09 
-2.3599747326265791e-09 -1.1265983144535521e-10 4.7063254343697784e-10 8.2777336916191771e-10 1.0839950556850983e-09 1.2847268238719928e-09 1.4554530974357162e-09 1.6123957091909411e-09 1.7716472000980775e-09 1.9897425282105958e-09 
-3.4841936546167370e-09 -7.6618440278793232e-10 -8.1547850958429275e-11 3.4408886741110793e-10 6.6540637544997329e-10 9.1692424540456966e-10 1.1259196105491759e-09 1.3160997346966387e-09 1.5087424130037319e-09 1.7725350481021640e-09 
-4.2960970398440869e-09 -1.2785059950009920e-09 -5.2305637518256262e-10 -7.3657154677856811e-11 2.7479586485969317e-10 5.6305730668454226e-10 8.0247764811533120e-10 1.0154301100408813e-09 1.2289752886977755e-09 1.5209681505171765e-09 
-4.9097907046343142e-09 -1.6960786116459538e-09 -8.7885359711018314e-10 -4.0529891656522793e-10 -5.9606143482599766e-11 2.3642329944068975e-10 4.9890684048049378e-10 7.3328674560111498e-10 9.6250358392083213e-10 1.2730409630694482e-09 
-5.3853560826587971e-09 -2.0464077737548734e-09 -1.1882326130190998e-09 -6.8460607623213202e-10 -3.3423471461813063e-10 -5.2104964813438095e-11 2.1039473534504261e-10 4.6400957470676851e-10 7.1084318118082421e-10 1.0348176751842202e-09 
-5.7528878791957154e-09 -2.3427085709167309e-09 -1.4636767451643793e-09 -9.4071360257291144e-10 -5.7378342831204453e-10 -2.9470420102556062e-10 -5.3816828319978999e-11 1.9510799343190645e-10 4.6357151203581664e-10 8.0340348881255118e-10 
-6.0343286838352846e-09 -2.5975500757540268e-09 -1.7113038128424960e-09 -1.1817510106975764e-09 -8.0367172866932823e-10 -5.1159207752224732e-10 -2.7831802429082220e-10 -6.6768963264433429e-11 1.9579806301329097e-10 5.6900458468937368e-10 
-6.3653996663675190e-09 -2.8815999731735741e-09 -1.9832020300379503e-09 -1.4460786569654768e-09 -1.0605390615893997e-09 -7.5540495856645988e-10 -5.0195547215759907e-10 -2.9491082430944116e-10 -1.0022040933375622e-10 2.9427632838047438e-10 
-6.8919155050353703e-09 -3.3040166727624319e-09 -2.3787697199649689e-09 -1.8255822770062570e-09 -1.4283474923930518e-09 -1.1125290126530520e-09 -8.4221868856356144e-10 -5.9713566570871438e-10 -3.7835675100477404e-10 -9.8295905697861607e-11 
