-1.3662524572989773e-09 2.1868237235193327e-09 3.1092153417767406e-09 3.6584316515699994e-09 4.0514452582617284e-09 4.3634793072480350e-09 4.6307864157178966e-09 4.8768555918606088e-09 5.1265742686161730e-09 5.4685678003717817e-09 
-5.5807766062732670e-09 -2.0156665401444545e-10 1.1958769010354918e-09 2.0501141097391709e-09 2.6624339825759842e-09 3.1424917644744945e-09 3.5510228325342469e-09 3.9266188644262121e-09 4.3077449356193842e-09 4.8296983327743011e-09 
-7.8324356836754485e-09 -1.6988404994549439e-09 -1.5268242936904056e-10 8.0890488492400073e-10 1.5335090142310921e-09 2.1004052375447638e-09 2.5718133577419794e-09 3.0009721260867909e-09 3.4357236964891950e-09 4.0310480106575226e-09 
-9.4028030706545452e-09 -2.7892559556448893e-09 -1.1337023905514950e-09 -1.4796170171280298e-10 6.1633863002118964e-10 1.2478522161992744e-09 1.7722550489694921e-09 2.2388957426684518e-09 2.7069296485238554e-09 3.3469117766118558e-09 
-1.0624914674218309e-08 -3.6681724735648736e-09 -1.8993101096922413e-09 -8.7413881014038332e-10 -1.2539960631193929e-10 5.1551719457099209e-10 1.0835036918779348e-09 1.5907865594184288e-09 2.0870044477949426e-09 2.7592419978529442e-09 
-1.1658893407895991e-08 -4.4319560494549315e-09 -2.5744941346001287e-09 -1.4843507479183905e-09 -7.2580196858131225e-10 -1.1518146565358427e-10 4.5256916315239545e-10 1.0013350490494790e-09 1.5358291326558785e-09 2.2371602014488054e-09 
-1.2596491261282348e-08 -5.1334852665477221e-09 -3.2097563814174227e-09 -2.0651898261913389e-09 -1.2619016866278188e-09 -6.5087503204919389e-10 -1.2420643327756628e-10 4.1948250296658556e-10 1.0071881245606037e-09 1.7515711313304727e-09 
-1.3533588908918410e-08 -5.8310251973393157e-09 -3.8447537700442778e-09 -2.6578872263077950e-09 -1.8103775105639922e-09 -1.1552767505828773e-09 -6.3197120658333539e-10 -1.5911249443198108e-10 4.2721192735735815e-10 1.2653471190861941e-09 
-1.4932703203843895e-08 -6.7668164491514232e-09 -4.6610074992168637e-09 -3.4020100412809650e-09 -2.4982983523686414e-09 -1.7829030918024969e-09 -1.1880320102084106e-09 -7.0125941755419993e-10 -2.4782230248121369e-10 6.7382683502694179e-10 
-1.7985763210472693e-08 -8.6389993622253103e-09 -6.2286565982659751e-09 -4.7875587851885887e-09 -3.7527298762571649e-09 -2.9299907683092466e-09 -2.2257171590323168e-09 -1.5863043959165761e-09 -1.0108491574641507e-09 -2.8496306786642502e-10 
