-9.7608491323806030e-10 1.3633123655577152e-09 1.9709594538941577e-09 2.3327849164335768e-09 2.5916543491757054e-09 2.7971616794880388e-09 2.9732069948708952e-09 3.1352648245434427e-09 3.2997261477822892e-09 3.5249583763736344e-09 
-3.9122268555831185e-09 -1.5814914152774000e-10 8.1682197087032518e-10 1.4131604872189605e-09 1.8407253281108826e-09 2.1758472533114336e-09 2.4609852294828279e-09 2.7231260513743695e-09 2.9891256629229164e-09 3.3534129539397790e-09 
-5.5810983985209022e-09 -1.2154167516046666e-09 -1.1518293582054563e-10 5.6905583555026076e-10 1.0849413469954323e-09 1.4885753849133330e-09 1.8241418702475974e-09 2.1296018035452183e-09 2.4390385620203445e-09 2.8627637717455796e-09 
-6.7400941598447411e-09 -2.0003042047842624e-09 -8.1383291784526197e-10 -1.0751079394694702e-10 4.4023707142694136e-10 8.9291798436368519e-10 1.2687750949580218e-09 1.6031954098228486e-09 1.9386178667640110e-09 2.3972752752442383e-09 
-7.6107516972260810e-09 -2.6266906766687963e-09 -1.3594526073709056e-09 -6.2507057277931502e-10 -8.8625437600445280e-11 3.7070873241211164e-10 7.7770286651386662e-10 1.1410762311804127e-09 1.4965364279928925e-09 1.9781449908617626e-09 
-8.3025996884487534e-09 -3.1543557699899752e-09 -1.8311926176887482e-09 -1.0547216485406193e-09 -5.1444866138398354e-10 -7.9298701773771337e-11 3.2545840991931172e-10 7.1640697275269294e-10 1.0969788632602556e-09 1.5965220268215094e-09 
-8.8746917269305252e-09 -3.6145658911142461e-09 -2.2586797231579381e-09 -1.4520175124158782e-09 -8.8599935135374429e-10 -4.5544840035374727e-10 -8.3919431051390696e-11 2.9981618244017324e-10 7.1389705442801887e-10 1.2382291152632040e-09 
-9.3808661550569911e-09 -4.0395018323318284e-09 -2.6621173692835929e-09 -1.8390932647340055e-09 -1.2514562313083248e-09 -7.9738929815797058e-10 -4.3468842936833217e-10 -1.0620659852745825e-10 3.0124340620208963e-10 8.8172188379689325e-10 
-1.0088358347442232e-08 -4.5690894830932991e-09 -3.1457872145250526e-09 -2.2948398703658843e-09 -1.6840357631854186e-09 -1.2005705817514321e-09 -7.9879656859395260e-10 -4.7031444626703230e-10 -1.6274201868067453e-10 4.6124591076900848e-10 
-1.1534123052303031e-08 -5.5353166285191829e-09 -3.9883449742855817e-09 -3.0634402291976455e-09 -2.3992812699898795e-09 -1.8712446669642465e-09 -1.4192664365905806e-09 -1.0091746774739129e-09 -6.4146794951783614e-10 -1.7442687723282899e-10 
