-1.4294598260297086e-09 2.3359711974864882e-09 3.3134149651960411e-09 3.8954106754093999e-09 4.3118914181104339e-09 4.6425616539224250e-09 4.9258344896248439e-09 5.1866009691933279e-09 5.4512349309713543e-09 5.8136551869127306e-09 
-5.8666317871945904e-09 -2.0910483585018263e-10 1.2606807005818093e-09 2.1590821083749090e-09 2.8030471835647882e-09 3.3079293396225369e-09 3.7375930614182881e-09 4.1326191239243404e-09 4.5334613564940434e-09 5.0824161029370833e-09 
-8.2220731383130316e-09 -1.7828964841866940e-09 -1.5967297252870248e-10 8.4982782278843149e-10 1.6105067969233620e-09 2.2056355361335124e-09 2.7005303048329401e-09 3.1510711377156432e-09 3.6074826594825492e-09 4.2324667031177034e-09 
-9.8710660453222753e-09 -2.9284068958334562e-09 -1.1904443140266789e-09 -1.5564956895968878e-10 6.4664476844646537e-10 1.3095667276867307e-09 1.8600764707787509e-09 2.3499489124728102e-09 2.8412758825378515e-09 3.5131052140799328e-09 
-1.1164706994348868e-08 -3.8550430768211520e-09 -1.9964152674137353e-09 -9.1920535825634719e-10 -1.3251972049458263e-10 5.4083974903030805e-10 1.1376265456469910e-09 1.6706761760544264e-09 2.1920854565659457e-09 2.8984278691193795e-09 
-1.2271102408421831e-08 -4.6652909663411962e-09 -2.7104366823896955e-09 -1.5631007241963596e-09 -7.6475904899611227e-10 -1.2219322590014039e-10 4.7522223255035059e-10 1.0527608288784597e-09 1.6153347313962960e-09 2.3534518094449763e-09 
-1.3287536794551124e-08 -5.4157360887282693e-09 -3.3866297192562454e-09 -2.1793499493080125e-09 -1.3320140536791894e-09 -6.8748938773656816e-10 -1.3206573305684297e-10 4.4126044922803351e-10 1.0612000019046967e-09 1.8464505091889028e-09 
-1.4319501597213144e-08 -6.1702851907497640e-09 -4.0688344873743147e-09 -2.8131411432225767e-09 -1.9164666612876006e-09 -1.2233184181982851e-09 -6.6961346645419319e-10 -1.6949735720349370e-10 4.5057951130738532e-10 1.3375272741536222e-09 
-1.5870611865425079e-08 -7.1924703805528575e-09 -4.9545617833101410e-09 -3.6165858861559998e-09 -2.6561810423438410e-09 -1.8958904018780965e-09 -1.2636237582475406e-09 -7.4618746492519254e-10 -2.6460823508878892e-10 7.1462494777321406e-10 
-1.9259945275028402e-08 -9.2521037864003574e-09 -6.6712823475473901e-09 -5.1282585962956819e-09 -4.0202383043436119e-09 -3.1393080438388674e-09 -2.3852159489301847e-09 -1.7005132077069858e-09 -1.0839877416444824e-09 -3.0703422959591586e-10 
