3.271119739695e-10 8.620269764251e-10 1.201191566026e-09 1.424955404536e-09 1.587482968649e-09 1.716720523581e-09 1.827443393069e-09 1.929370047648e-09 2.032809391289e-09 2.174464383492e-09 
2.977234319237e-11 2.476480904972e-10 6.006148713119e-10 9.411620149953e-10 1.218246945121e-09 1.441588439062e-09 1.632434003886e-09 1.807958244671e-09 1.986071403433e-09 2.229992236630e-09 
1.885157849737e-12 4.010259687297e-11 1.886478124354e-10 4.540370220271e-10 7.532232853779e-10 1.020358838466e-09 1.250327239768e-09 1.460917068649e-09 1.674365723002e-09 1.966651515508e-09 
-8.965340697088e-14 6.438247072934e-13 2.653743588716e-11 1.426329392257e-10 3.676318097947e-10 6.345368614546e-10 8.871953197219e-10 1.120347102664e-09 1.355531551330e-09 1.677234344610e-09 
-3.674764262187e-14 -1.149509316411e-12 -3.214077624900e-12 1.900583033220e-11 1.194536245936e-10 3.142738512754e-10 5.585734199126e-10 8.067154932633e-10 1.057390561521e-09 1.398229680652e-09 
-3.465444091145e-15 -2.176724331709e-13 -1.890582142840e-12 -3.734768540570e-12 1.447971249949e-11 9.733609421457e-11 2.736595867569e-10 5.151613230892e-10 7.794414887410e-10 1.134080708964e-09 
-1.345917186782e-16 -1.729513738062e-14 -3.089726989904e-13 -2.024526201183e-12 -5.360398305793e-12 3.612986550574e-12 7.066919827724e-11 2.448424218962e-10 5.103891686359e-10 8.795110279983e-10 
-2.083692194914e-18 -6.113192160411e-16 -2.205987272139e-14 -2.990445807177e-13 -2.097722815087e-12 -8.044738012723e-12 -1.203676624931e-11 3.530081857309e-11 2.325888928173e-10 6.232952763238e-10 
-8.596139226550e-21 -6.047774399716e-18 -4.469525937873e-16 -1.189063613065e-14 -1.706758700374e-13 -1.554820479682e-12 -9.288474539249e-12 -3.189849813696e-11 -1.421913752353e-11 3.300588842772e-10 
-1.682502532756e-24 -3.219147854478e-21 -5.700016758450e-19 -3.437626493613e-17 -1.107374144083e-15 -2.363814215478e-14 -3.718736596910e-13 -4.427870271764e-12 -3.581662124427e-11 -2.409636030376e-12 
