3.757178063458e-10 9.841450353697e-10 1.367652140456e-09 1.620293242544e-09 1.803749758159e-09 1.949628714037e-09 2.074609555706e-09 2.189661570969e-09 2.306421072963e-09 2.466317317918e-09 
3.351675452514e-11 2.775706450198e-10 6.711979212135e-10 1.049907583360e-09 1.357703793708e-09 1.605749672482e-09 1.817707482834e-09 2.012651744902e-09 2.210471644203e-09 2.481380289472e-09 
2.109130848390e-12 4.464868216356e-11 2.092099462532e-10 5.022942039904e-10 8.321809139925e-10 1.126453003170e-09 1.379747809906e-09 1.611708214864e-09 1.846819455016e-09 2.168769242122e-09 
-9.767103030722e-14 7.358045796867e-13 2.933857431936e-11 1.572013648081e-10 4.043148671349e-10 6.969340442153e-10 9.738619631440e-10 1.229395351254e-09 1.487157386076e-09 1.839746650092e-09 
-4.040786094310e-14 -1.260089783175e-12 -3.486749669993e-12 2.095276946773e-11 1.308761479877e-10 3.439547204046e-10 6.111170453616e-10 8.823143215049e-10 1.156272783149e-09 1.528784606446e-09 
-3.797668093559e-15 -2.379564691525e-13 -2.064913708029e-12 -4.079838499065e-12 1.585654927399e-11 1.065502613065e-10 2.991103619165e-10 5.624351536847e-10 8.506800642322e-10 1.237498036765e-09 
-1.470802258338e-16 -1.890578666218e-14 -3.376292940383e-13 -2.207779246693e-12 -5.813289249484e-12 4.032513895321e-12 7.694606155162e-11 2.665448224284e-10 5.561952509568e-10 9.587537757259e-10 
-2.277281148482e-18 -6.668742137681e-16 -2.401917983073e-14 -3.253385009222e-13 -2.284500620700e-12 -8.794061849556e-12 -1.326623922703e-11 3.850142493456e-11 2.542142954285e-10 6.806669792833e-10 
-9.352119791357e-21 -6.583294686409e-18 -4.873597940070e-16 -1.298946975933e-14 -1.866605906064e-13 -1.699843670246e-12 -1.012975362129e-11 -3.468048002609e-11 -1.581293874676e-11 3.599059599774e-10 
-1.840299058197e-24 -3.518300423513e-21 -6.221549290816e-19 -3.746859870190e-17 -1.205717450863e-15 -2.573437882875e-14 -4.055786576134e-13 -4.855150849450e-12 -3.959079064327e-11 -2.837632419020e-12 
