2.542997583061e-09 7.691885128267e-12 8.960607160776e-12 9.728566418629e-12 1.027970204817e-11 1.071783929375e-11 1.109329586299e-11 1.143892860040e-11 1.178968123899e-11 1.226998303031e-11 
7.691885128267e-12 2.554000706453e-09 1.960972601842e-11 2.221271823511e-11 2.408145491041e-11 2.556408593453e-11 2.683466731995e-11 2.800444056588e-11 2.919155687871e-11 3.081716364850e-11 
8.960607160776e-12 1.960972601842e-11 2.564774018929e-09 3.096525844134e-11 3.438398398075e-11 3.708432329811e-11 3.939400439061e-11 4.152053624366e-11 4.367877823768e-11 4.663428153046e-11 
9.728566418629e-12 2.221271823511e-11 3.096525844134e-11 2.576214864646e-09 4.300173217977e-11 4.719840248571e-11 5.076689471992e-11 5.404564337725e-11 5.737341867013e-11 6.193090688303e-11 
1.027970204817e-11 2.408145491041e-11 3.438398398075e-11 4.300173217977e-11 2.588742331985e-09 5.629558764769e-11 6.143427485135e-11 6.612482000833e-11 7.087792383386e-11 7.738928556579e-11 
1.071783929375e-11 2.556408593453e-11 3.708432329811e-11 4.719840248571e-11 5.629558764769e-11 2.602802273630e-09 7.136164607214e-11 7.776720780626e-11 8.420967531010e-11 9.303195797934e-11 
1.109329586299e-11 2.683466731995e-11 3.939400439061e-11 5.076689471992e-11 6.143427485135e-11 7.136164607214e-11 2.619014151633e-09 8.908687850120e-11 9.758384936917e-11 1.091276901489e-10 
1.143892860040e-11 2.800444056588e-11 4.152053624366e-11 5.404564337725e-11 6.612482000833e-11 7.776720780626e-11 8.908687850120e-11 2.638763827358e-09 1.115936130865e-10 1.264604967039e-10 
1.178968123899e-11 2.919155687871e-11 4.367877823768e-11 5.737341867013e-11 7.087792383386e-11 8.420967531010e-11 9.758384936917e-11 1.115936130865e-10 2.665564796128e-09 1.470294316623e-10 
1.226998303031e-11 3.081716364850e-11 4.663428153046e-11 6.193090688303e-11 7.738928556579e-11 9.303195797934e-11 1.091276901489e-10 1.264604967039e-10 1.470294316623e-10 2.717943502252e-09 
