2.3995209285601809e-08 1.0513957664313543e-08 7.6940354323127740e-09 6.0090878330677189e-09 4.7992324268699019e-09 3.8381799165812635e-09 3.0170641175029271e-09 2.2663228232728892e-09 1.5158663953089452e-09 5.1479577256960545e-10 
1.0513957664313543e-08 7.7550057063811748e-09 3.8510876443674268e-09 3.0352052248863847e-09 2.4495501864875565e-09 1.9843708156843049e-09 1.5868505079864149e-09 1.2233183099845199e-09 8.5995191573564332e-10 3.7651613449558961e-10 
7.6940354323127740e-09 3.8510876443674268e-09 5.3988813494837453e-09 2.2684362014695866e-09 1.8435876528716697e-09 1.5061540721730497e-09 1.2177658618575743e-09 9.5399350807855586e-10 6.9035541992300070e-10 3.4027809109498975e-10 
6.0090878330677189e-09 3.0352052248863847e-09 2.2684362014695866e-09 4.3487599184190798e-09 1.4815306909766481e-09 1.2204185012529910e-09 9.9722807714320107e-10 7.9305946242026422e-10 5.8900872365094496e-10 3.1861222803887973e-10 
4.7992324268699019e-09 2.4495501864875565e-09 1.8435876528716697e-09 1.4815306909766481e-09 3.7603092697411480e-09 1.0155619338614479e-09 8.3919648011684256e-10 6.7782728529789672e-10 5.1657098683163322e-10 3.0340527923485902e-10 
3.8381799165812635e-09 1.9843708156843049e-09 1.5061540721730497e-09 1.2204185012529910e-09 1.0155619338614479e-09 3.3913692758378498e-09 7.1375204223197776e-10 5.8637552998081224e-10 4.5909752323222252e-10 2.9138969207487134e-10 
3.0170641175029271e-09 1.5868505079864149e-09 1.2177658618575743e-09 9.9722807714320107e-10 8.3919648011684256e-10 7.1375204223197776e-10 3.1449338532173506e-09 5.0816386621407478e-10 4.0988364331013462e-10 2.8096832373522745e-10 
2.2663228232728892e-09 1.2233183099845199e-09 9.5399350807855586e-10 7.9305946242026422e-10 6.7782728529789672e-10 5.8637552998081224e-10 5.0816386621407478e-10 2.9750443480094178e-09 3.6488483617524593e-10 2.7128842848596034e-10 
1.5158663953089452e-09 8.5995191573564332e-10 6.9035541992300070e-10 5.8900872365094496e-10 5.1657098683163322e-10 4.5909752323222252e-10 4.0988364331013462e-10 3.6488483617524593e-10 2.8586535099958645e-09 2.6191248852620130e-10 
5.1479577256960545e-10 3.7651613449558961e-10 3.4027809109498975e-10 3.1861222803887973e-10 3.0340527923485902e-10 2.9138969207487134e-10 2.8096832373522745e-10 2.7128842848596034e-10 2.6191248852620130e-10 2.7908210060950770e-09 
