2.5649576761840463e-08 1.1332869398468279e-08 8.2976223379589341e-09 6.4839912567306008e-09 5.1817270456970763e-09 4.1472505947402616e-09 3.2633604421899471e-09 2.4551464416756781e-09 1.6471126413383971e-09 5.6949887571955273e-10 
1.1332869398468279e-08 8.1650639426875682e-09 4.1557520977007064e-09 3.2768841716347059e-09 2.6460102683698398e-09 2.1449037440985216e-09 1.7166614552108011e-09 1.3249946131436272e-09 9.3343846106293681e-10 4.1260053988610165e-10 
8.2976223379589341e-09 4.1557520977007064e-09 5.6264812582277908e-09 2.4499807476748934e-09 1.9920727977611188e-09 1.6283738436961668e-09 1.3175229715821515e-09 1.0331759972538244e-09 7.4892090218277548e-10 3.7152728479902981e-10 
6.4839912567306008e-09 3.2768841716347059e-09 2.4499807476748934e-09 4.4943683192738694e-09 1.6013474500451399e-09 1.3197435877061656e-09 1.0790259549376697e-09 8.5880061287986094e-10 6.3865851759288340e-10 3.4697324517652636e-10 
5.1817270456970763e-09 2.6460102683698398e-09 1.9920727977611188e-09 1.6013474500451399e-09 3.8595564915572028e-09 1.0984662181053192e-09 9.0811846260559332e-10 7.3393707413782122e-10 5.5983992054058461e-10 3.2971497200163491e-10 
4.1472505947402616e-09 2.1449037440985216e-09 1.6283738436961668e-09 1.3197435877061656e-09 1.0984662181053192e-09 3.4612288968150872e-09 7.7244777219743357e-10 6.3483671459266225e-10 4.9729964496730134e-10 3.1607238976080400e-10 
3.2633604421899471e-09 1.7166614552108011e-09 1.3175229715821515e-09 1.0790259549376697e-09 9.0811846260559332e-10 7.7244777219743357e-10 3.1948772653298115e-09 5.5007884710902100e-10 4.4374492153484356e-10 3.0424824151733909e-10 
2.4551464416756781e-09 1.3249946131436272e-09 1.0331759972538244e-09 8.5880061287986094e-10 7.3393707413782122e-10 6.3483671459266225e-10 5.5007884710902100e-10 3.0109564239080188e-09 3.9476731721370407e-10 2.9327046263437803e-10 
1.6471126413383971e-09 9.3343846106293681e-10 7.4892090218277548e-10 6.3865851759288340e-10 5.5983992054058461e-10 4.9729964496730134e-10 4.4374492153484356e-10 3.9476731721370407e-10 2.8845568104608673e-09 2.8260236676905832e-10 
5.6949887571955273e-10 4.1260053988610165e-10 3.7152728479902981e-10 3.4697324517652636e-10 3.2971497200163491e-10 3.1607238976080400e-10 3.0424824151733909e-10 2.9327046263437803e-10 2.8260236676905832e-10 2.8099679348705483e-09 
