2.543208426330e-09 8.043922468526e-12 9.367721521948e-12 1.016895357700e-11 1.074397264373e-11 1.120109738843e-11 1.159282486757e-11 1.195343602256e-11 1.231938895390e-11 1.282050514809e-11 
8.043922468526e-12 2.554688396384e-09 2.046472038237e-11 2.317327999682e-11 2.511784939798e-11 2.666067893650e-11 2.798284773230e-11 2.920011409007e-11 3.043542744949e-11 3.212703384244e-11 
9.367721521948e-12 2.046472038237e-11 2.565892918633e-09 3.226453897459e-11 3.581495581500e-11 3.861946511861e-11 4.101829330342e-11 4.322690128849e-11 4.546844086861e-11 4.853801145332e-11 
1.016895357700e-11 2.317327999682e-11 3.226453897459e-11 2.577766965299e-09 4.474767984571e-11 4.909880099288e-11 5.279888491788e-11 5.619859224251e-11 5.964913032587e-11 6.437474144112e-11 
1.074397264373e-11 2.511784939798e-11 3.581495581500e-11 4.474767984571e-11 2.590746666529e-09 5.851300583685e-11 6.383339612453e-11 6.869005640251e-11 7.361155990582e-11 8.035359518068e-11 
1.120109738843e-11 2.666067893650e-11 3.861946511861e-11 4.909880099288e-11 5.851300583685e-11 2.605294663580e-09 7.409365714744e-11 8.071774580759e-11 8.738049814711e-11 9.650441509625e-11 
1.159282486757e-11 2.798284773230e-11 4.101829330342e-11 5.279888491788e-11 6.383339612453e-11 7.409365714744e-11 2.622049174482e-09 9.240403697626e-11 1.011826111074e-10 1.131093530632e-10 
1.195343602256e-11 2.920011409007e-11 4.322690128849e-11 5.619859224251e-11 6.869005640251e-11 8.071774580759e-11 9.240403697626e-11 2.642440239260e-09 1.156323439756e-10 1.309776219540e-10 
1.231938895390e-11 3.043542744949e-11 4.546844086861e-11 5.964913032587e-11 7.361155990582e-11 8.738049814711e-11 1.011826111074e-10 1.156323439756e-10 2.670082127748e-09 1.521687412466e-10 
1.282050514809e-11 3.212703384244e-11 4.853801145332e-11 6.437474144112e-11 8.035359518068e-11 9.650441509625e-11 1.131093530632e-10 1.309776219540e-10 1.521687412466e-10 2.724058873455e-09 
