2.771312657725e-09 3.427471145334e-10 3.828526645629e-10 4.070428600668e-10 4.244051513456e-10 4.382080640080e-10 4.500362063714e-10 4.609247816217e-10 4.719746501103e-10 4.871054387240e-10 
3.427471145334e-10 3.116930826125e-09 6.892982940111e-10 7.591957945247e-10 8.093642626960e-10 8.491708806044e-10 8.832830668930e-10 9.146886052738e-10 9.465597859753e-10 9.902028744347e-10 
3.828526645629e-10 6.892982940111e-10 3.400173901238e-09 9.803921787552e-10 1.067152792262e-09 1.135658583684e-09 1.194238766736e-09 1.248171722306e-09 1.302909698186e-09 1.377867706157e-09 
4.070428600668e-10 7.591957945247e-10 9.803921787552e-10 3.687387031342e-09 1.279697802937e-09 1.383871137845e-09 1.472353828919e-09 1.553611146132e-09 1.636084571011e-09 1.749037447113e-09 
4.244051513456e-10 8.093642626960e-10 1.067152792262e-09 1.279697802937e-09 3.997407086312e-09 1.608174201946e-09 1.735220983757e-09 1.850941991187e-09 1.968143743831e-09 2.128720718283e-09 
4.382080640080e-10 8.491708806044e-10 1.135658583684e-09 1.383871137845e-09 1.608174201946e-09 4.346639111315e-09 1.984427479347e-09 2.144432220107e-09 2.304838855578e-09 2.524474633112e-09 
4.500362063714e-10 8.832830668930e-10 1.194238766736e-09 1.472353828919e-09 1.735220983757e-09 1.984427479347e-09 4.757377838362e-09 2.438514711365e-09 2.655085547386e-09 2.948198712826e-09 
4.609247816217e-10 9.146886052738e-10 1.248171722306e-09 1.553611146132e-09 1.850941991187e-09 2.144432220107e-09 2.438514711365e-09 5.274444169423e-09 3.035819417611e-09 3.422611429552e-09 
4.719746501103e-10 9.465597859753e-10 1.302909698186e-09 1.636084571011e-09 1.968143743831e-09 2.304838855578e-09 2.655085547386e-09 3.035819417611e-09 6.007980811466e-09 4.010977473946e-09 
4.871054387240e-10 9.902028744347e-10 1.377867706157e-09 1.749037447113e-09 2.128720718283e-09 2.524474633112e-09 2.948198712826e-09 3.422611429552e-09 4.010977473946e-09 7.531595643979e-09 
