2.8586524128107225e-08 1.2788413496714063e-08 9.3713491265030823e-09 7.3295302496979783e-09 5.8634040146546128e-09 4.6987288540065113e-09 3.7035185732469098e-09 2.7933772218846311e-09 1.8832184578206527e-09 6.6992285853025662e-10 
1.2788413496714063e-08 8.8945233333979564e-09 4.6980387587031792e-09 3.7073102675417254e-09 2.9961285505777696e-09 2.4312150715537504e-09 1.9484075077180856e-09 1.5067661177309489e-09 1.0651305299506611e-09 4.7788255329839830e-10 
9.3713491265030823e-09 4.6980387587031792e-09 6.0317567453827159e-09 2.7733737959811739e-09 2.2566883186283186e-09 1.8462901957481991e-09 1.4954992777332827e-09 1.1745657632320233e-09 8.5364306615729068e-10 4.2768998338839748e-10 
7.3295302496979783e-09 3.7073102675417254e-09 2.7733737959811739e-09 4.7537971798817770e-09 1.8148676654487577e-09 1.4967881459561334e-09 1.2248701404120614e-09 9.7605912524969912e-10 7.2726479006386224e-10 3.9768811854183247e-10 
5.8634040146546128e-09 2.9961285505777696e-09 2.2566883186283186e-09 1.8148676654487577e-09 4.0364143749875177e-09 1.2461943207098320e-09 1.0309233538804139e-09 8.3390203588429015e-10 6.3690946640043644e-10 3.7655575133474099e-10 
4.6987288540065113e-09 2.4312150715537504e-09 1.8462901957481991e-09 1.4967881459561334e-09 1.2461943207098320e-09 3.5856671233008254e-09 8.7695339032593342e-10 7.2106720763113707e-10 5.6520730360086488e-10 3.5983927611739682e-10 
3.7035185732469098e-09 1.9484075077180856e-09 1.4954992777332827e-09 1.2248701404120614e-09 1.0309233538804139e-09 8.7695339032593342e-10 3.2837205549321724e-09 6.2455390312114093e-10 5.0380332868545192e-10 3.4536621202278580e-10 
2.7933772218846311e-09 1.5067661177309489e-09 1.1745657632320233e-09 9.7605912524969912e-10 8.3390203588429015e-10 7.2106720763113707e-10 6.2455390312114093e-10 3.0746502768872151e-09 4.4762966859518905e-10 3.3193829172876062e-10 
1.8832184578206527e-09 1.0651305299506611e-09 8.5364306615729068e-10 7.2726479006386224e-10 6.3690946640043644e-10 5.6520730360086488e-10 5.0380332868545192e-10 4.4762966859518905e-10 2.9302188455837546e-09 3.1882707667848680e-10 
6.6992285853025662e-10 4.7788255329839830e-10 4.2768998338839748e-10 3.9768811854183247e-10 3.7655575133474099e-10 3.5983927611739682e-10 3.4536621202278580e-10 3.3193829172876062e-10 3.1882707667848680e-10 2.8432470695152457e-09 
