-7.0050968511723841e-10 8.7986084549788346e-10 1.2905032501598359e-09 1.5350418394408090e-09 1.7099635094809484e-09 1.8488082488980933e-09 1.9677419443518018e-09 2.0772236790337247e-09 2.1883276129739012e-09 2.3404851562365611e-09 
-2.8078842274620544e-09 -1.2716564547476062e-10 5.6869646292227541e-10 9.9458803342903451e-10 1.3000619006040436e-09 1.5394143749884423e-09 1.7430127955604110e-09 1.9301766122116080e-09 2.1200919265009917e-09 2.3801799119413807e-09 
-4.0956569629992481e-09 -8.9741347516815804e-10 -9.1720076931583433e-11 4.0920640024962958e-10 7.8717640173004717e-10 1.0829843709620472e-09 1.3288243149900844e-09 1.5525572949915012e-09 1.7791904956410645e-09 2.0895263923333042e-09 
-5.0101337018240477e-09 -1.4892620045944011e-09 -6.0791604254099983e-10 -8.3501448926658663e-11 3.2313344784422630e-10 6.5939077229086384e-10 9.3862826145094986e-10 1.1870244711851482e-09 1.4361313046612917e-09 1.7767527210917109e-09 
-5.6960338689805759e-09 -1.9666863577851411e-09 -1.0184651293619992e-09 -4.6901128594593289e-10 -6.7808943550752930e-11 2.7574794340434963e-10 5.8027075655573861e-10 8.5215980553719512e-10 1.1180847848964401e-09 1.4783683937359410e-09 
-6.2275834198914959e-09 -2.3658917390493336e-09 -1.3734500110570434e-09 -7.9107243344242297e-10 -3.8590447180439518e-10 -5.9604370264530507e-11 2.4397148446875497e-10 5.3721734007804115e-10 8.2261625684334290e-10 1.1972276077686085e-09 
-6.6420610296294842e-09 -2.7045047488242663e-09 -1.6896092787621790e-09 -1.0858451079272660e-09 -6.6224272069606587e-10 -3.4006513150409339e-10 -6.1969223735505430e-11 2.2539752211519459e-10 5.3531271331157308e-10 9.2763049033752292e-10 
-6.9685029204458969e-09 -2.9995885619936465e-09 -1.9761957816632762e-09 -1.3647176858641367e-09 -9.2816031932793789e-10 -5.9091333355838430e-10 -3.2157926753303453e-10 -7.7387609348650760e-11 2.2568698340078906e-10 6.5670813205759507e-10 
-7.3788377004472307e-09 -3.3404942783721784e-09 -2.2991685557729439e-09 -1.6766163373225489e-09 -1.2297693776168022e-09 -8.7611717512772155e-10 -5.8235433538224402e-10 -3.4239077193223064e-10 -1.1704792946575502e-10 3.4008473323684243e-10 
-8.1073187975077661e-09 -3.8875993698715587e-09 -2.7994993177734361e-09 -2.1489693113820648e-09 -1.6818479144055200e-09 -1.3104751312583853e-09 -9.9261712021308154e-10 -7.0438083471057478e-10 -4.4684613490161318e-10 -1.1802766058732804e-10 
