-2.8766676054540751e-09 6.3694088961931298e-09 8.7671715831635990e-09 1.0195108935325944e-08 1.1217174227797586e-08 1.2028700053538435e-08 1.2723896992471155e-08 1.3363849028268657e-08 1.4013283436883289e-08 1.4902688919895688e-08 
-1.3597543653862533e-08 -4.9191468343303330e-10 2.9113953608399396e-09 4.9917436787676008e-09 6.4837159190044729e-09 7.6534046217006672e-09 8.6485882345134539e-09 9.5634554791062687e-09 1.0491770145180092e-08 1.1763091769564221e-08 
-1.9509570016543056e-08 -4.2755403073949645e-09 -4.3693545740510142e-10 1.9478719447546774e-09 3.7470283311416158e-09 5.1562537485818102e-09 6.3276455920341266e-09 7.3934414969576038e-09 8.4729312483372723e-09 9.9510890788546376e-09 
-2.4315775072763169e-08 -7.2625681009244884e-09 -2.9917414590943801e-09 -4.5294602364212491e-10 1.5124210719936726e-09 3.1398789019915690e-09 4.4937535213288930e-09 5.6978497812406621e-09 6.9045516615961712e-09 8.5542543723655551e-09 
-2.8742766989272814e-08 -9.9715398375069717e-09 -5.1959850188083782e-09 -2.4277241389311476e-09 -4.1214650031751875e-10 1.3106475468415453e-09 2.8425606058525393e-09 4.2139364714045128e-09 5.5539386315414381e-09 7.3675127038039575e-09 
-3.3150347504756268e-08 -1.2645617890006570e-08 -7.3747029182592935e-09 -4.2788722312281216e-09 -2.1255601991773700e-09 -3.9865881932290781e-10 1.2051941867520146e-09 2.7624576607521871e-09 4.2827912390381039e-09 6.2734378348887014e-09 
-3.7815511831656678e-08 -1.5450160864115723e-08 -9.6852912153756784e-09 -6.2543789409321750e-09 -3.8443981928996644e-09 -2.0119258938276453e-09 -4.4033276896192044e-10 1.1794393541385482e-09 2.9439715708255187e-09 5.1798982190985280e-09 
-4.3146252600068046e-08 -1.8622168782247474e-08 -1.2298558986497448e-08 -8.5199328302797830e-09 -5.8207872655161518e-09 -3.7321107281837314e-09 -2.0642834967417572e-09 -5.6901090885834145e-10 1.2868646067696685e-09 3.9657662132356199e-09 
-5.0984303840413804e-08 -2.3132701394769783e-08 -1.5950895987599989e-08 -1.1657269219677369e-08 -8.5752755656216831e-09 -6.1348435604576249e-09 -4.1028459039259407e-09 -2.4372951233278754e-09 -9.0442963392447751e-10 2.2251357005258758e-09 
-6.8075988346919737e-08 -3.2737906700502648e-08 -2.3625600227089941e-08 -1.8177729090384889e-08 -1.4265813331778830e-08 -1.1155704009897890e-08 -8.4931805533666392e-09 -6.0731603835759979e-09 -3.8832231147601132e-09 -1.1585971768917784e-09 
