-1.6569555106429064e-09 2.8966479958607284e-09 4.0782984780038028e-09 4.7818749542823182e-09 5.2853872388572121e-09 5.6851634003543155e-09 6.0276326103208779e-09 6.3428871136996178e-09 6.6628128598770003e-09 7.1009534792416348e-09 
-6.9290996252345738e-09 -2.3845912627880189e-10 1.4996369855821988e-09 2.5618098295139877e-09 3.3231429504966730e-09 3.9200824526797437e-09 4.4280957089236136e-09 4.8951487901919446e-09 5.3690720047845803e-09 6.0181074807204399e-09 
-9.6860216968284590e-09 -2.0998117274611904e-09 -1.8749935838988740e-10 1.0015905241688210e-09 1.8975340823687460e-09 2.5985509215219013e-09 3.1815098539380275e-09 3.7122018047362222e-09 4.2497951696622362e-09 4.9859394534768739e-09 
-1.1650086988857728e-08 -3.4577763538489062e-09 -1.4070036599250609e-09 -1.8615087649500893e-10 7.6017434207496392e-10 1.5422119442908548e-09 2.1917637897883204e-09 2.7697486032697708e-09 3.3493959570708689e-09 4.1419706799062879e-09 
-1.3235775939596568e-08 -4.5724221364025570e-09 -2.3695954443440797e-09 -1.0928877623414947e-09 -1.6086057449243249e-10 6.3670861285208430e-10 1.3438367372803469e-09 1.9756362195799582e-09 2.5935587970581403e-09 3.4305321792883090e-09 
-1.4640509826920715e-08 -5.5684962747656378e-09 -3.2369006010722797e-09 -1.8683500778304558e-09 -9.1614511256250826e-10 -1.5016036299277521e-10 5.6184039440319177e-10 1.2506066011264060e-09 1.9217740983630188e-09 2.8020736907396584e-09 
-1.5984323731616923e-08 -6.5171795419879475e-09 -4.0770106287670346e-09 -2.6251388985269534e-09 -1.6060232803705975e-09 -8.3090983341103823e-10 -1.6352162959899901e-10 5.2521442604401934e-10 1.2709148550201943e-09 2.2155369585631150e-09 
-1.7407314539023120e-08 -7.5028624845852182e-09 -4.9489748325438252e-09 -3.4229775852576560e-09 -2.3332446318041722e-09 -1.4907190721537138e-09 -8.1776763722685765e-10 -2.1087483026887480e-10 5.4170300260184143e-10 1.6204795645338887e-09 
-1.9565183250439643e-08 -8.8686284159523358e-09 -6.1104184460213828e-09 -4.4614311788780137e-09 -3.2778071431473237e-09 -2.3407750199935066e-09 -1.5613404182637530e-09 -9.2338343371891702e-10 -3.3144119744008049e-10 8.7464637685981795e-10 
-2.4306441345447542e-08 -1.1679618118874311e-08 -8.4236554062826246e-09 -6.4770499830037769e-09 -5.0792645459045240e-09 -3.9679817282507238e-09 -3.0167006881656134e-09 -2.1527630049514457e-09 -1.3739371443370328e-09 -3.9579863049242927e-10 
