-9.4381204934071958e-10 1.2993198896942525e-09 1.8819448435803473e-09 2.2288665076613564e-09 2.4770622637115981e-09 2.6740890195354884e-09 2.8428655915912988e-09 2.9982295059110849e-09 3.1558954789111709e-09 3.3718200693766670e-09 
-3.7797983260797598e-09 -1.5490844198151040e-10 7.8637314752253328e-10 1.3621190929909041e-09 1.7749332215224150e-09 2.0984791221505560e-09 2.3737553940713745e-09 2.6268241039273025e-09 2.8836144121090803e-09 3.2352874096509113e-09 
-5.4053270444993807e-09 -1.1778120619641205e-09 -1.1251086384228380e-10 5.4993916958682606e-10 1.0494245559342699e-09 1.4402356151234292e-09 1.7651264498334770e-09 2.0608577720459035e-09 2.3604340310940025e-09 2.7706542539985831e-09 
-6.5358697362465759e-09 -1.9398473793277205e-09 -7.8943272124644129e-10 -1.0463995759275679e-10 4.2638767204515187e-10 8.6526790436527663e-10 1.2296661783905560e-09 1.5538796826395334e-09 1.8790571322134734e-09 2.3237022738927373e-09 
-7.3835586292691342e-09 -2.5481603812918862e-09 -1.3188025264112462e-09 -6.0640494927582397e-10 -8.6050176292753786e-11 3.5950335755740449e-10 7.5429184885368055e-10 1.1067612993339802e-09 1.4515450067288927e-09 1.9186844471179563e-09 
-8.0533906051558248e-09 -3.0593718334780857e-09 -1.7759417200792133e-09 -1.0228195351011082e-09 -4.9881739152228054e-10 -7.6781091486284355e-11 3.1579110560336111e-10 6.9497195785337519e-10 1.0640636482324671e-09 1.5485318373682258e-09 
-8.6004476485801483e-09 -3.5024114672884654e-09 -2.1884048015084018e-09 -1.4066919821400628e-09 -8.5821232014727048e-10 -4.4103177853972150e-10 -8.1020134323047641e-11 2.9087546132969663e-10 6.9213222100756888e-10 1.2001808991399029e-09 
-9.0741766396963338e-09 -3.9069078915164028e-09 -2.5745166669101638e-09 -1.7784082336646207e-09 -1.2100144412985126e-09 -7.7085706585973557e-10 -4.2010565720181581e-10 -1.0239498216798105e-10 2.9178512410455965e-10 8.5324698016272412e-10 
-9.7323883897472506e-09 -4.4073057678520731e-09 -3.0341819183948819e-09 -2.2132652704609795e-09 -1.6240351012702301e-09 -1.1576657724312757e-09 -7.7014791798716352e-10 -4.5343302244976747e-10 -1.5684160294479404e-10 4.4532795701044070e-10 
-1.1064785431751210e-08 -5.3091576916017324e-09 -3.8250070872195021e-09 -2.9376948381010511e-09 -2.3005488566661645e-09 -1.7940011618098495e-09 -1.3604291793907506e-09 -9.6708599887284398e-10 -6.1467884917248225e-10 -1.6691809689683180e-10 
