-1.0217760282594892e-09 1.4470614598299203e-09 2.0882347136813405e-09 2.4700115745708553e-09 2.7431554830212445e-09 2.9599929204162844e-09 3.1457409213382119e-09 3.3167276678568873e-09 3.4902479649843013e-09 3.7278851700564077e-09 
-4.0991284657757475e-09 -1.6341804791323560e-10 8.5866085642446105e-10 1.4837300628266565e-09 1.9318741082004158e-09 2.2831344044740366e-09 2.5820061194616017e-09 2.8567699395591069e-09 3.1355746935565157e-09 3.5173963775147990e-09 
-5.8342564800982721e-09 -1.2696542973737313e-09 -1.1932803802225967e-10 5.9601439007396236e-10 1.1352916476561742e-09 1.5572177578782105e-09 1.9079995540344509e-09 2.2273107985611881e-09 2.5507758468155077e-09 2.9937080136844655e-09 
-7.0375962291575684e-09 -2.0881731856180858e-09 -8.4930776138852222e-10 -1.1180491176954904e-10 4.6009342572402299e-10 9.3270076838070773e-10 1.3250974886213181e-09 1.6742362832568512e-09 2.0244186706214496e-09 2.5032558932845063e-09 
-7.9431510186898950e-09 -2.7411803868673464e-09 -1.4186350592055264e-09 -6.5222272232230695e-10 -9.2394882737535823e-11 3.8693545097595324e-10 8.1163804520926571e-10 1.1908255828587278e-09 1.5617509046079909e-09 2.0643054891975875e-09 
-8.6658084352130024e-09 -3.2921844509587225e-09 -1.9111971392043220e-09 -1.1008198120372374e-09 -5.3697266976581768e-10 -8.2863991655027779e-11 3.3951348438364696e-10 7.4750359406558250e-10 1.1446719209577108e-09 1.6659749610837288e-09 
-9.2669266544471663e-09 -3.7741583584946821e-09 -2.3584093444957534e-09 -1.5161622148624079e-09 -9.2519103738359646e-10 -4.7568539773696590e-10 -8.7841571247283382e-11 3.1275651030844363e-10 7.4510063730611118e-10 1.2925434775475445e-09 
-9.8038638589112631e-09 -4.2214996421778201e-09 -2.7820750037199797e-09 -1.9220118157336844e-09 -1.3079453796184560e-09 -8.3347001160582853e-10 -4.5450569789655176e-10 -1.1137959663927439e-10 3.1430500590676935e-10 9.2100392847059729e-10 
-1.0564948668966871e-08 -4.7848315017657638e-09 -3.2943725963165590e-09 -2.4033075210207501e-09 -1.7637252558850125e-09 -1.2574912361411118e-09 -8.3680121141006249e-10 -4.9291543510683753e-10 -1.7119195355856975e-10 4.8220767638534050e-10 
-1.2141234088493355e-08 -5.8267768335302647e-09 -4.1985259969523469e-09 -3.2250621794888642e-09 -2.5260539333660464e-09 -1.9703236913324097e-09 -1.4946486262948352e-09 -1.0630499066471154e-09 -6.7605824461464631e-10 -1.8506880684689826e-10 
