-6.3093956104399975e-10 7.7116541712622928e-10 1.1355305639525005e-09 1.3525196545101277e-09 1.5077271989720706e-09 1.6309193589350155e-09 1.7364441379764686e-09 1.8335824955070431e-09 1.9321601549323143e-09 2.0671628783671944e-09 
-2.5347145435819222e-09 -1.1859689219073790e-10 5.0849720585150004e-10 8.9238305028463400e-10 1.1677657101503003e-09 1.3835197397568191e-09 1.5670294447450125e-09 1.7357227656030197e-09 1.9068957174872504e-09 2.1413161199887808e-09 
-3.7245468070908670e-09 -8.1784040457196369e-10 -8.5671341645855881e-11 3.6950505341199939e-10 7.1305039282711382e-10 9.8194650920972867e-10 1.2053957067529086e-09 1.4087356781481128e-09 1.6147080864838329e-09 1.8967521522699242e-09 
-4.5779257873728382e-09 -1.3616823065416660e-09 -5.5656781736775617e-10 -7.7593835672588851e-11 2.9378711720168812e-10 6.0096278649356068e-10 8.5607395696083284e-10 1.0829910434885979e-09 1.3105448933681216e-09 1.6216926020877425e-09 
-5.2206614325108083e-09 -1.8030155298489872e-09 -9.3401534888138072e-10 -4.3047322787774445e-10 -6.2859822769468781e-11 2.5193412514098456e-10 5.3101624565936605e-10 7.8020445442493178e-10 1.0239101027170559e-09 1.3540805440636069e-09 
-5.7181162446876180e-09 -2.1725327991606352e-09 -1.2613217440062053e-09 -7.2660024402707162e-10 -3.5460149079682077e-10 -5.5043786537800166e-11 2.2366456447214542e-10 4.9292016039336965e-10 7.5496899157045738e-10 1.0989164435466897e-09 
-6.1026946288267170e-09 -2.4849017534788248e-09 -1.5524238810457598e-09 -9.9768805487948311e-10 -6.0848359824825021e-10 -3.1247593824299228e-10 -5.6974586555870434e-11 2.0706424631481012e-10 4.9182337210643950e-10 8.5227387675624350e-10 
-6.3985940746510878e-09 -2.7541585503050335e-09 -1.8144333180637784e-09 -1.2529468553347665e-09 -8.5208224430648835e-10 -5.4241608692395335e-10 -2.9511775825633244e-10 -7.0870409755412801e-11 2.0748871016383751e-10 6.0323335671646806e-10 
-6.7567058809958516e-09 -3.0586310114436572e-09 -2.1050468162763784e-09 -1.5349505455113548e-09 -1.1257552702227501e-09 -8.0190664330181384e-10 -5.3292067767952841e-10 -3.1322498377100121e-10 -1.0678278108893615e-10 3.1193812264162834e-10 
-7.3536225220167963e-09 -3.5254960612089965e-09 -2.5383724827802819e-09 -1.9482121329854921e-09 -1.5244399524431492e-09 -1.1875310767771015e-09 -8.9917406076094619e-10 -6.3772348388634540e-10 -4.0431734832182620e-10 -1.0587873587945288e-10 
