2.090191488261e-10 5.599877206296e-10 7.862927093115e-10 9.362750395675e-10 1.045296984348e-09 1.131988683073e-09 1.206258192977e-09 1.274626050978e-09 1.344007197923e-09 1.439018757654e-09 
2.010121777911e-11 1.694529260283e-10 4.147526186303e-10 6.535437447027e-10 8.485873734260e-10 1.005910704707e-09 1.140332763146e-09 1.263955729304e-09 1.389398978194e-09 1.561185351589e-09 
1.296255730431e-12 2.800836726447e-11 1.333408541940e-10 3.236686482284e-10 5.396782856602e-10 7.330898841326e-10 8.996813938296e-10 1.052219561792e-09 1.206819328545e-09 1.418514036803e-09 
-6.727946855125e-14 3.854107334303e-13 1.888876826625e-11 1.032123977642e-10 2.679365192692e-10 4.643488815156e-10 6.506948883337e-10 8.227052879967e-10 9.961990944181e-10 1.233504130608e-09 
-2.690833966384e-14 -8.483619509401e-13 -2.427253834204e-12 1.376531611603e-11 8.795406989655e-11 2.328009798208e-10 4.150360920970e-10 6.003851075932e-10 7.876578054512e-10 1.042259751094e-09 
-2.552821670472e-15 -1.613885575412e-13 -1.411471435809e-12 -2.831298972700e-12 1.067726620502e-11 7.262444734643e-11 2.049394816800e-10 3.866796616472e-10 5.857497207602e-10 8.528346137243e-10 
-1.001176237453e-16 -1.292800334506e-14 -2.317274167030e-13 -1.523651537953e-12 -4.062274552508e-12 2.588295386131e-12 5.307587719966e-11 1.848653710557e-10 3.859736332468e-10 6.654454536066e-10 
-1.562669076083e-18 -4.597120704244e-16 -1.663288735993e-14 -2.260996081760e-13 -1.590350424248e-12 -6.110706094180e-12 -9.130404537670e-12 2.688367571141e-11 1.764095090108e-10 4.722448021924e-10 
-6.494902957220e-21 -4.580105175974e-18 -3.389257649885e-16 -9.019410738848e-15 -1.293850033493e-13 -1.177106302836e-12 -7.021348109549e-12 -2.409049192872e-11 -1.059160035983e-11 2.496408382555e-10 
-1.274637536523e-24 -2.436509376829e-21 -4.311203195862e-19 -2.598969721217e-17 -8.370628121817e-16 -1.786599004291e-14 -2.809488384762e-13 -3.338774312817e-12 -2.679050122401e-11 -7.500591490000e-13 
