1.456383607789e-09 3.527311352870e-09 4.749590119624e-09 5.544112744670e-09 6.119951648805e-09 6.577819785379e-09 6.970103839626e-09 7.331219155028e-09 7.697686759701e-09 8.199531046467e-09 
1.006537509273e-10 8.015543297978e-10 1.893908160383e-09 2.925714375247e-09 3.758883669037e-09 4.429692863841e-09 5.002991148327e-09 5.530293728910e-09 6.065367049951e-09 6.798115081124e-09 
5.963922183779e-12 1.219260514236e-10 5.585173591095e-10 1.323076128012e-09 2.176691877298e-09 2.936425631490e-09 3.590386966942e-09 4.189343404239e-09 4.796433698376e-09 5.627730850986e-09 
-2.361039206817e-13 2.311665283592e-12 7.700138112263e-11 4.047819532685e-10 1.034353301196e-09 1.779045918118e-09 2.484410529556e-09 3.135633392492e-09 3.792539415154e-09 4.691062407055e-09 
-1.026238582790e-13 -3.182551908093e-12 -8.716587627881e-12 5.334711401408e-11 3.320664089589e-10 8.738926550341e-10 1.555983249545e-09 2.250357994436e-09 2.952249264278e-09 3.906455658624e-09 
-9.628411975547e-15 -6.036260408589e-13 -5.256944767565e-12 -1.055149737525e-11 3.965201895370e-11 2.709521247536e-10 7.665566532187e-10 1.449584391845e-09 2.200332662639e-09 3.207903734635e-09 
-3.738228701908e-16 -4.828613985269e-14 -8.677680549400e-13 -5.728036744215e-12 -1.540229940658e-11 8.886517993202e-12 1.972699902576e-10 6.956745212533e-10 1.467153307045e-09 2.544363145200e-09 
-5.852022790031e-18 -1.726779958677e-15 -6.267608697879e-14 -8.563882655580e-13 -6.082214764266e-12 -2.384968701743e-11 -3.816307443264e-11 9.570864512628e-11 6.828743443882e-10 1.872495287017e-09 
-2.455611217575e-20 -1.743711704539e-17 -1.302073819475e-15 -3.503714971384e-14 -5.093994267320e-13 -4.712399976097e-12 -2.874184779055e-11 -1.023726475015e-10 -6.225058365392e-11 1.042749229596e-09 
-5.059429246569e-24 -9.776061469330e-21 -1.747794814794e-18 -1.064959906024e-16 -3.470646031639e-15 -7.513614189361e-14 -1.204519832606e-12 -1.475138349035e-11 -1.248473633984e-10 -3.098216934449e-11 
