-3.8026349917006301e-08 5.9261214418499722e-08 8.4521229572604559e-08 9.9569556949938836e-08 1.1033631698152231e-07 1.1888185305805928e-07 1.2620161077115160e-07 1.3293961020922192e-07 1.3977744514971789e-07 1.4914190738044512e-07 
-1.7408187247586438e-07 -9.4792928670912388e-09 3.3175718730200014e-08 5.9327576922079230e-08 7.8125959216553837e-08 9.2842109159191309e-08 1.0534722802549206e-07 1.1684004490288747e-07 1.2850153425265277e-07 1.4447186427386294e-07 
-2.7641073392337384e-07 -6.2268194681069032e-08 -8.4068882582644297e-09 2.5037431439353200e-08 5.0377742209644102e-08 7.0239242171100684e-08 8.6718314592758153e-08 1.0169966861454976e-07 1.1687193531875393e-07 1.3764743303167675e-07 
-3.6012652058794088e-07 -1.0792328761882802e-07 -4.4773849204125692e-08 -7.2808896839988623e-09 2.1783986622969767e-08 4.5886263644814226e-08 6.5918650200716696e-08 8.3722375776462950e-08 1.0156609145156234e-07 1.2596223033103486e-07 
-4.2443698869596583e-07 -1.4698212746817988e-07 -7.6408694718369087e-08 -3.5520562547019340e-08 -5.7180607643221805e-09 1.9798771532711379e-08 4.2458003513503566e-08 6.2707008528084964e-08 8.2500472451007334e-08 1.0930507461707502e-07 
-4.7590283095130965e-07 -1.8110490928121559e-07 -1.0533425307496837e-07 -6.0855507124084183e-08 -2.9917253656719620e-08 -5.0412767539617931e-09 1.8089173068682341e-08 4.0476557074144963e-08 6.2291305080862867e-08 9.0897803001699516e-08 
-5.2178212110700554e-07 -2.1276598988641342e-07 -1.3311637039629935e-07 -8.5724804421287677e-08 -5.2458475851358322e-08 -2.7158876048279467e-08 -5.3783710959862478e-09 1.7099922762717997e-08 4.1441926177574420e-08 7.2277560761898565e-08 
-5.6931915561115367e-07 -2.4540030224559651e-07 -1.6187700953190135e-07 -1.1197014925886253e-07 -7.6330698096360797e-08 -4.8775228875301122e-08 -2.6765591482529750e-08 -6.9209384192794689e-09 1.7686097846316832e-08 5.2971714683775705e-08 
-6.4108571604735767e-07 -2.9060160053243157e-07 -2.0022588615620790e-07 -1.4619504263609682e-07 -1.0741228709736387e-07 -7.6709114192273507e-08 -5.1168885989175193e-08 -3.0264697018464967e-08 -1.0875621665205228e-08 2.8645443630206050e-08 
-7.8801401057285581e-07 -3.7849971435278570e-07 -2.7290203431407530e-07 -2.0976954948420846e-07 -1.6443644548448895e-07 -1.2839524095195352e-07 -9.7543562716895721e-08 -6.9528773741064557e-08 -4.4308392245575870e-08 -1.2597081609248557e-08 
