z(iz=00)            wb(ip=00)           h(ip=01)           wm(ip=02)            ns(ip=03) 
9.5400000000e-01        0.022445000000000007        0.67        0.14350435200000003        0.96
   k(h/Mpc)      Pk/s8^2(Mpc/h)^3 
7.0328082984e-06 5.0652405115e+01
7.5176321843e-06 5.4000065480e+01
8.0358786363e-06 5.7568955290e+01
8.5898518591e-06 6.1373719559e+01
9.1820147645e-06 6.5429953106e+01
9.8150003396e-06 6.9754253114e+01
1.0491621651e-05 7.4364350525e+01
1.1214888218e-05 7.9279143827e+01
1.1988014194e-05 8.4518725334e+01
1.2814437468e-05 9.0104591420e+01
1.3697833310e-05 9.6059635010e+01
1.4642127098e-05 1.0240827322e+02
1.5651517970e-05 1.0917641733e+02
1.6730495190e-05 1.1639190825e+02
1.7883852706e-05 1.2408424626e+02
1.9116721887e-05 1.3228495886e+02
2.0434579710e-05 1.4102760832e+02
2.1843288778e-05 1.5034806950e+02
2.3349110052e-05 1.6028448474e+02
2.4958739232e-05 1.7087753424e+02
2.6679332223e-05 1.8217064621e+02
2.8518539693e-05 1.9421002699e+02
3.0484536182e-05 2.0704508142e+02
3.2586063753e-05 2.2072818769e+02
3.4832464735e-05 2.3531558325e+02
3.7233727198e-05 2.5086689933e+02
3.9800528612e-05 2.6744576159e+02
4.2544274038e-05 2.8512009045e+02
4.5477172534e-05 3.0396235641e+02
4.8612251703e-05 3.2404941482e+02
5.1963459555e-05 3.4546367721e+02
5.5545689975e-05 3.6829272083e+02
5.9374870034e-05 3.9262988936e+02
6.3468025473e-05 4.1857471332e+02
6.7843349825e-05 4.4623324050e+02
7.2520306276e-05 4.7571872668e+02
7.7519667684e-05 5.0715133530e+02
8.2863683929e-05 5.4065972926e+02
8.8576096459e-05 5.7638050026e+02
9.4682312920e-05 6.1445961040e+02
1.0120947263e-04 6.5505215191e+02
1.0818659939e-04 6.9832384887e+02
1.1564471060e-04 7.4445075677e+02
1.2361696281e-04 7.9362046398e+02
1.3213881175e-04 8.4603299261e+02
1.4124813606e-04 9.0190127916e+02
1.5098541917e-04 9.6145165499e+02
1.6139398212e-04 1.0249253480e+03
1.7252007092e-04 1.0925793236e+03
1.8441317661e-04 1.1646860443e+03
1.9712616631e-04 1.2415362331e+03
2.1071554511e-04 1.3234385126e+03
2.2524174710e-04 1.4107212076e+03
2.4076933914e-04 1.5037325847e+03
2.5736738462e-04 1.6028431355e+03
2.7510963264e-04 1.7084454560e+03
2.9407499824e-04 1.8209565293e+03
3.1434779521e-04 1.9408180859e+03
3.3601815812e-04 2.0684980455e+03
3.5918239155e-04 2.2044909974e+03
3.8394352305e-04 2.3493212038e+03
4.1041165241e-04 2.5035410383e+03
4.3870438822e-04 2.6677343491e+03
4.6894757543e-04 2.8425164597e+03
5.0127564464e-04 3.0285339281e+03
5.3583231056e-04 3.2264669498e+03
5.7277124142e-04 3.4370288770e+03
6.1225669924e-04 3.6609676603e+03
6.5446412191e-04 3.8990641671e+03
6.9958122913e-04 4.1521329017e+03
7.4780860450e-04 4.4210236881e+03
7.9936068505e-04 4.7066183056e+03
8.5446657613e-04 5.0098278459e+03
9.1337133199e-04 5.3315975189e+03
9.7633688711e-04 5.6728994441e+03
1.0436431039e-03 6.0347273653e+03
1.1155892862e-03 6.4180990526e+03
1.1924952269e-03 6.8240442897e+03
1.2747028377e-03 7.2536034322e+03
1.3625776628e-03 7.7078158743e+03
1.4565102756e-03 8.1877104386e+03
1.5569184907e-03 8.6942967264e+03
1.6642485280e-03 9.2285463767e+03
1.7789776903e-03 9.7913839364e+03
1.9016158767e-03 1.0383675327e+04
2.0327086095e-03 1.1006203819e+04
2.1728384309e-03 1.1659659457e+04
2.3226283956e-03 1.2344613118e+04
2.4827446323e-03 1.3061503046e+04
2.6538986713e-03 1.3810596418e+04
2.8368518688e-03 1.4591980693e+04
3.0324172694e-03 1.5405528048e+04
3.2414644957e-03 1.6250855016e+04
3.4649230074e-03 1.7127317684e+04
3.7037860602e-03 1.8033932878e+04
3.9591155946e-03 1.8969364716e+04
4.2320471257e-03 1.9931889042e+04
4.5237941667e-03 2.0919314623e+04
4.8356531188e-03 2.1930009567e+04
5.1690107211e-03 2.2958730290e+04
5.5253496394e-03 2.4002701230e+04
5.9062531218e-03 2.5057539919e+04
6.3134157099e-03 2.6117610659e+04
6.7486464977e-03 2.7178200376e+04
7.2138812393e-03 2.8232306732e+04
7.7111884020e-03 2.9272800530e+04
8.2427784801e-03 3.0290984110e+04
8.8110147044e-03 3.1277790764e+04
9.4184242189e-03 3.2223452203e+04
1.0067706928e-02 3.3117027636e+04
1.0761748999e-02 3.3946820873e+04
1.1503636837e-02 3.4700063173e+04
1.2296669185e-02 3.5363322660e+04
1.3144370168e-02 3.5922498553e+04
1.4050509781e-02 3.6363032604e+04
1.5019116923e-02 3.6670255081e+04
1.6054498032e-02 3.6829749974e+04
1.7161253840e-02 3.6827835528e+04
1.8344307318e-02 3.6652175482e+04
1.9608918577e-02 3.6292701695e+04
2.0960709080e-02 3.5742467573e+04
2.2405687720e-02 3.4998774438e+04
2.3950278759e-02 3.4064244081e+04
2.5601351634e-02 3.2948022020e+04
2.7366243303e-02 3.1666573261e+04
2.9252804816e-02 3.0244351201e+04
3.1269419938e-02 2.8713764953e+04
3.3425055444e-02 2.7114487377e+04
3.5729292780e-02 2.5491811656e+04
3.8192380220e-02 2.3893923783e+04
4.0825270116e-02 2.2368237057e+04
4.3639659882e-02 2.0956903889e+04
4.6463403851e-02 1.9762547053e+04
4.9287147820e-02 1.8769664531e+04
5.2110888064e-02 1.7948190293e+04
5.4934632033e-02 1.7262666720e+04
5.7758376002e-02 1.6675840920e+04
6.0582116246e-02 1.6151244230e+04
6.3405863941e-02 1.5655873598e+04
6.6229604185e-02 1.5162205977e+04
6.9053344429e-02 1.4650268467e+04
7.1877092123e-02 1.4106502328e+04
7.4700832367e-02 1.3525438126e+04
7.7524572611e-02 1.2912182973e+04
8.0348320305e-02 1.2273064537e+04
8.3172060549e-02 1.1620637240e+04
8.5995800793e-02 1.0971689968e+04
8.8819548488e-02 1.0343955375e+04
9.1643288732e-02 9.7517024266e+03
9.5262281597e-02 9.0593495090e+03
9.8881267011e-02 8.4545940359e+03
1.0250025243e-01 7.9469765229e+03
1.0611924529e-01 7.5359491615e+03
1.0973823070e-01 7.2093510862e+03
1.1335721612e-01 6.9501070133e+03
1.1697620898e-01 6.7403920267e+03
1.2059519440e-01 6.5609170242e+03
1.2421417981e-01 6.3923919426e+03
1.2783317268e-01 6.2190019380e+03
1.3145215809e-01 6.0296779174e+03
1.3507114351e-01 5.8167457579e+03
1.3869012892e-01 5.5798239157e+03
1.4230911434e-01 5.3244692824e+03
1.4592811465e-01 5.0594717798e+03
1.4954710007e-01 4.7940927335e+03
1.5316608548e-01 4.5375627148e+03
1.5678507090e-01 4.2987153742e+03
1.6040405631e-01 4.0844516559e+03
1.6402305663e-01 3.8984771952e+03
1.6764204204e-01 3.7413717560e+03
1.7126102745e-01 3.6113169990e+03
1.7488001287e-01 3.5046056068e+03
1.7849899828e-01 3.4159906322e+03
1.8211798370e-01 3.3393599272e+03
1.8573698401e-01 3.2686544427e+03
1.8935596943e-01 3.1985623594e+03
1.9297495484e-01 3.1248427274e+03
1.9659394026e-01 3.0445760643e+03
2.0021292567e-01 2.9564908781e+03
2.0383191109e-01 2.8610722675e+03
2.0745091140e-01 2.7601988789e+03
2.1106989682e-01 2.6565653049e+03
2.1468888223e-01 2.5532522468e+03
2.1830786765e-01 2.4533697187e+03
2.2192685306e-01 2.3596039036e+03
2.2554583848e-01 2.2738740533e+03
2.2916483879e-01 2.1972873171e+03
2.3278382420e-01 2.1301204825e+03
2.3640280962e-01 2.0717663953e+03
2.4002179503e-01 2.0209365043e+03
2.4364078045e-01 1.9760548994e+03
2.4725976586e-01 1.9353848118e+03
2.5087875128e-01 1.8969856061e+03
2.5449773669e-01 1.8589876461e+03
2.5811672211e-01 1.8200348657e+03
2.6173573732e-01 1.7793757102e+03
2.6535472274e-01 1.7366811342e+03
2.6897370815e-01 1.6920025548e+03
2.7259269357e-01 1.6458088527e+03
2.7621167898e-01 1.5988861810e+03
2.7983066440e-01 1.5521825126e+03
2.8344964981e-01 1.5066921916e+03
2.8706863522e-01 1.4632992801e+03
2.9068762064e-01 1.4226294327e+03
2.9430660605e-01 1.3850330787e+03
2.9792559147e-01 1.3506331146e+03
3.0154460669e-01 1.3193289886e+03
3.0516359210e-01 1.2907945387e+03
3.0878257751e-01 1.2645274868e+03
3.1240156293e-01 1.2399326922e+03
3.1602054834e-01 1.2164115299e+03
3.1963953376e-01 1.1934301271e+03
3.2325851917e-01 1.1705481947e+03
3.2687750459e-01 1.1474378887e+03
3.3049649000e-01 1.1239294606e+03
3.3411547542e-01 1.1000190660e+03
3.3773446083e-01 1.0758235949e+03
3.4135344625e-01 1.0515454719e+03
3.4497246146e-01 1.0274608839e+03
3.4859144688e-01 1.0038714859e+03
3.5221043229e-01 9.8103424314e+02
3.5582941771e-01 9.5914611449e+02
3.5944840312e-01 9.3835852808e+02
3.6306738853e-01 9.1875737931e+02
3.6668637395e-01 9.0033377831e+02
3.7030535936e-01 8.8299336028e+02
3.7392434478e-01 8.6658932218e+02
3.7754333019e-01 8.5094482763e+02
3.8116231561e-01 8.3587601241e+02
3.8478130102e-01 8.2121667194e+02
3.8840031624e-01 8.0682006327e+02
3.9201930165e-01 7.9255752349e+02
3.9563828707e-01 7.7833979347e+02
3.9925727248e-01 7.6413870193e+02
4.0287625790e-01 7.4998272050e+02
4.0649524331e-01 7.3592735080e+02
4.1011422872e-01 7.2203602328e+02
4.1373321414e-01 7.0837901600e+02
4.1735219955e-01 6.9503531667e+02
4.2097118497e-01 6.8208259155e+02
4.2459017038e-01 6.6957928555e+02
4.2820918560e-01 6.5755266895e+02
4.3182817101e-01 6.4600232129e+02
4.3544715643e-01 6.3490830043e+02
4.3906614184e-01 6.2423714920e+02
4.4268512726e-01 6.1394351723e+02
4.4630411267e-01 6.0397322436e+02
4.4992309809e-01 5.9426530287e+02
4.5354208350e-01 5.8476154814e+02
4.5716106892e-01 5.7541672991e+02
4.6078005433e-01 5.6620339771e+02
4.6439903975e-01 5.5710665499e+02
4.6801802516e-01 5.4811887329e+02
4.7163704038e-01 5.3924113379e+02
4.7525602579e-01 5.3048593038e+02
4.7887501121e-01 5.2187506728e+02
4.8249399662e-01 5.1343275136e+02
4.8611298203e-01 5.0518198817e+02
4.8973196745e-01 4.9713902577e+02
4.9335095286e-01 4.8931056158e+02
4.9696993828e-01 4.8169845768e+02
5.0058895349e-01 4.7430283421e+02
5.0420790911e-01 4.6711939638e+02
5.0782692432e-01 4.6013513976e+02
5.1144587994e-01 4.5332925123e+02
5.1506489515e-01 4.4668010679e+02
5.1868385077e-01 4.4017010687e+02
5.2230286598e-01 4.3378612691e+02
5.2592182159e-01 4.2751687436e+02
5.2954083681e-01 4.2135153723e+02
5.3315985203e-01 4.1528062495e+02
5.3677880764e-01 4.0930074378e+02
5.4039782286e-01 4.0341480694e+02
5.4401677847e-01 3.9762903133e+02
5.4763579369e-01 3.9194819227e+02
5.5125474930e-01 3.8637457229e+02
5.5487376452e-01 3.8091021365e+02
5.5849272013e-01 3.7555902068e+02
5.6211173534e-01 3.7032540831e+02
5.6573069096e-01 3.6521027751e+02
5.6934970617e-01 3.6020954377e+02
5.7296866179e-01 3.5531690006e+02
5.7658767700e-01 3.5052688033e+02
5.8020669222e-01 3.4583518981e+02
6.2818288803e-01 2.9091905070e+02
7.6726418734e-01 1.8680932787e+02
9.3713837862e-01 1.1876469344e+02
1.1446232796e+00 7.4829552172e+01
1.3980456591e+00 4.6762714027e+01
1.7075780630e+00 2.9005838485e+01
2.0856404304e+00 1.7869130836e+01
2.5474064350e+00 1.0939821177e+01
3.1114084721e+00 6.6592905603e+00
3.8002820015e+00 4.0323476448e+00
4.6416788101e+00 2.4298424559e+00
5.6693577766e+00 1.4576497442e+00
