-4.7418670538585016e-09 1.0721102917880613e-08 1.4731675076408264e-08 1.7120573937200406e-08 1.8830277817253522e-08 2.0187637359889230e-08 2.1350385103879859e-08 2.2420728851040831e-08 2.3506931989895874e-08 2.4994495699257744e-08 
-2.4096786539151187e-08 -1.0581371777934720e-09 4.9202087175074438e-09 8.5787419412850450e-09 1.1204863464838511e-08 1.3262640339251319e-08 1.5012531299793256e-08 1.6620978072844202e-08 1.8253041709743761e-08 2.0488141955190462e-08 
-3.6195606032142282e-08 -8.0494291416131861e-09 -9.6239635488372684e-10 3.4377433540953832e-09 6.7632807040128277e-09 9.3706054729871548e-09 1.1536527054195735e-08 1.3505897015807085e-08 1.5500236070199433e-08 1.8231069935037545e-08 
-4.6881661340808640e-08 -1.4085787338313876e-08 -5.8695944861624309e-09 -9.9215087461242101e-10 2.7794445472942176e-09 5.9094505896463472e-09 8.5169944759013578e-09 1.0834161513246525e-08 1.3154915969273649e-08 1.6327313132017872e-08 
-5.7198053981960889e-08 -1.9899011961785717e-08 -1.0406082945969943e-08 -4.9038024879654241e-09 -9.0610325090828557e-10 2.5114414272016849e-09 5.5571911585456131e-09 8.2848751106389945e-09 1.0948623034675578e-08 1.4552322476410255e-08 
-6.7423359313279119e-08 -2.5753364581437408e-08 -1.5040733915156975e-08 -8.7473974638261724e-09 -4.3715168555155816e-09 -8.6520286185289842e-10 2.3901958501610006e-09 5.5541066472882171e-09 8.6471659690070938e-09 1.2693897771530367e-08 
-7.8686045619116854e-08 -3.2189104881219691e-08 -2.0203951956719936e-08 -1.3070285798907368e-08 -8.0573639583073898e-09 -4.2450670546831591e-09 -9.8353349600411431e-10 2.3722401298216789e-09 6.0446229593317465e-09 1.0699900724396256e-08 
-9.2559294754293728e-08 -3.9981597269323007e-08 -2.6424261322540349e-08 -1.8322984688589644e-08 -1.2534994191310301e-08 -8.0534736026925339e-09 -4.4764124218818734e-09 -1.2838740231518999e-09 2.6878519372587776e-09 8.4444497086581512e-09 
-1.1016515459850832e-07 -4.9969458582034960e-08 -3.4447415473111722e-08 -2.5167590821578491e-08 -1.8506428020921877e-08 -1.3231755498711288e-08 -8.8407114820929925e-09 -5.2483397383424369e-09 -1.9358247877218802e-09 4.8499783219853962e-09 
-1.4593099682144254e-07 -7.0217674731816981e-08 -5.0694175115909732e-08 -3.9021882235813528e-08 -3.0640438623069795e-08 -2.3976906052679782e-08 -1.8272442888645203e-08 -1.3088086823847609e-08 -8.3880904181481254e-09 -2.5295458417465988e-09 
