-9.8083441973758011e-10 1.3690145683217474e-09 1.9793381429322216e-09 2.3427425444059162e-09 2.6027327272631312e-09 2.8091243016594745e-09 2.9859234132428066e-09 3.1486723644737838e-09 3.3138328020892903e-09 3.5400211173960979e-09 
-3.9307587700845042e-09 -1.5899125243533483e-10 8.2050660895707992e-10 1.4196124363979723e-09 1.8491499293049390e-09 2.1858029081633513e-09 2.4722344368443057e-09 2.7355593752133094e-09 3.0027568272635788e-09 3.3686823603806840e-09 
-5.6077388860836664e-09 -1.2211954055532260e-09 -1.1582647338577885e-10 5.7161759084256654e-10 1.0899451294804141e-09 1.4954727764160350e-09 1.8325908249382421e-09 2.1394519535933089e-09 2.4503028781976447e-09 2.8759619083577711e-09 
-6.7722251080542469e-09 -2.0097296576024116e-09 -8.1771853487765392e-10 -1.0813465753854258e-10 4.4219377811161303e-10 8.9702778373703108e-10 1.2746481989500921e-09 1.6106123893620576e-09 1.9475714324692219e-09 2.4083258160288478e-09 
-7.6467788178328390e-09 -2.6389478145147140e-09 -1.3657896770494657e-09 -6.2804624040305453e-10 -8.9148805736740289e-11 3.7233421646330862e-10 7.8125095372428037e-10 1.1463171775631095e-09 1.5034042330360906e-09 1.9872037567370460e-09 
-8.3414402137500427e-09 -3.1688864263985977e-09 -1.8395816766331561e-09 -1.0595625533233983e-09 -5.1687149789291451e-10 -7.9776242102427614e-11 3.2684703567676737e-10 7.1962970064474441e-10 1.1019534850400792e-09 1.6037502439583314e-09 
-8.9155084214876483e-09 -3.6309242824977738e-09 -2.2688357457539741e-09 -1.4585214919290094e-09 -8.8998430736514327e-10 -4.5757043427371022e-10 -8.4438390936822106e-11 3.0104129184301944e-10 7.1705264980516354e-10 1.2437434508181870e-09 
-9.4229754136705690e-09 -4.0573318304930945e-09 -2.6737891925648791e-09 -1.8471171849297764e-09 -1.2568999471120445e-09 -8.0087981813293492e-10 -4.3668912308687781e-10 -1.0688015341194188e-10 3.0240434966023510e-10 8.8554514560420755e-10 
-1.0131951592000031e-08 -4.5884847986863885e-09 -3.1590484802932256e-09 -2.3044655990758187e-09 -1.6910702445047184e-09 -1.2055709310261107e-09 -8.0214569544761195e-10 -4.7242669793608384e-10 -1.6377815245217244e-10 4.6303731837188179e-10 
-1.1579940417241674e-08 -5.5568620968808438e-09 -4.0037464690912724e-09 -3.0752028851575930e-09 -2.4084502038162813e-09 -1.8783642272913418e-09 -1.4246424143271701e-09 -1.0129927444860462e-09 -6.4403508636392344e-10 -1.7552552149974764e-10 
