5.080632741623e-10 1.311721263586e-09 1.811368684212e-09 2.139436098618e-09 2.377534784281e-09 2.566857599121e-09 2.729057618305e-09 2.878369556834e-09 3.029894505717e-09 3.237394687892e-09 
4.318874144692e-11 3.541999997891e-10 8.511442414049e-10 1.326570286385e-09 1.712079695736e-09 2.022625735959e-09 2.287997999298e-09 2.532070203705e-09 2.779738596989e-09 3.118904381262e-09 
2.678449818587e-12 5.613591775384e-11 2.611729116683e-10 6.239802880409e-10 1.030803547576e-09 1.393219354467e-09 1.705088903450e-09 1.990695520736e-09 2.280181409936e-09 2.676579281287e-09 
-1.178102232755e-13 9.906613115791e-13 3.644608994614e-11 1.935101884911e-10 4.959842917763e-10 8.534134442691e-10 1.191319905745e-09 1.503086444868e-09 1.817577576929e-09 2.247757107620e-09 
-4.943781396993e-14 -1.536756545244e-12 -4.219398329407e-12 2.572288910736e-11 1.597749697877e-10 4.188354604240e-10 7.432264538233e-10 1.072476129010e-09 1.405062851292e-09 1.857284421504e-09 
-4.637580605602e-15 -2.899334142454e-13 -2.508780507487e-12 -4.928051695104e-12 1.929076083792e-11 1.291891210326e-10 3.625999881280e-10 6.818412497107e-10 1.031238214113e-09 1.500134089580e-09 
-1.789275477005e-16 -2.294724167013e-14 -4.094629827218e-13 -2.678696733360e-12 -7.068203530522e-12 4.840585024630e-12 9.326080912464e-11 3.229869943504e-10 6.741058565778e-10 1.162449916933e-09 
-2.761229166212e-18 -8.089160727519e-16 -2.914901160362e-14 -3.948334663304e-13 -2.771407338284e-12 -1.066903263675e-11 -1.620742620740e-11 4.606091231721e-11 3.080059571582e-10 8.279533824673e-10 
-1.134892758256e-20 -7.985652848903e-18 -5.910058808812e-16 -1.575863530766e-14 -2.268032402860e-13 -2.071692835974e-12 -1.240498290605e-11 -4.273950846594e-11 -2.020936674288e-11 4.410382674535e-10 
-2.238912740826e-24 -4.289941779447e-21 -7.603427944900e-19 -4.589097172965e-17 -1.479593748021e-15 -3.162862287537e-14 -4.990314515216e-13 -5.982200270245e-12 -4.910732431141e-11 -5.679044257602e-12 
