-1.7397300951296555e-09 3.1168811331102938e-09 4.3770844708043068e-09 5.1274244301272197e-09 5.6644100330123418e-09 6.0907664573806908e-09 6.4560063248540870e-09 6.7922220385387734e-09 7.1334195865417382e-09 7.6006921131762816e-09 
-7.3350112182718137e-09 -2.5036804691412325e-10 1.5901610017658469e-09 2.7149433521272616e-09 3.5211424390182287e-09 4.1532500027258251e-09 4.6911866460609853e-09 5.1857487894103761e-09 5.6875854799524503e-09 6.3748483066558836e-09 
-1.0252165762246714e-08 -2.2231387226041452e-09 -1.9928408173160450e-10 1.0592342293314072e-09 2.0075795171165557e-09 2.7496042185853469e-09 3.3666294948904928e-09 3.9283114639816971e-09 4.4972922005301576e-09 5.2764154686747377e-09 
-1.2347723658849237e-08 -3.6659768641759939e-09 -1.4927517378193690e-09 -1.9908150327552452e-10 8.0374284261258544e-10 1.6325984196523268e-09 2.3210612719254175e-09 2.9336219786380059e-09 3.5479086308299292e-09 4.3878364149836730e-09 
-1.4059477754150891e-08 -4.8582753116858713e-09 -2.5186746191535769e-09 -1.1627515097206521e-09 -1.7301673076059854e-10 6.7397237417762627e-10 1.4250819887830998e-09 2.0962363591299244e-09 2.7525747596897637e-09 3.6415152702228063e-09 
-1.5598104269663826e-08 -5.9340960768737328e-09 -3.4503334359301449e-09 -1.9924423799670340e-09 -9.7814287422766930e-10 -1.6237367746789073e-10 5.9592982667604460e-10 1.3297536153265996e-09 2.0449003853217668e-09 2.9826900709347487e-09 
-1.7095284847868701e-08 -6.9714886880272673e-09 -4.3620621211208273e-09 -2.8094609081606258e-09 -1.7196065359911346e-09 -8.9076213144860140e-10 -1.7735207554239580e-10 5.5891897715866187e-10 1.3565666453903517e-09 2.3669265017453266e-09 
-1.8703323463690428e-08 -8.0626262861241635e-09 -5.3188955194822096e-09 -3.6794584040208389e-09 -2.5086917960340975e-09 -1.6034665448251620e-09 -8.8049921012229556e-10 -2.2886644404679952e-10 5.7936185966578901e-10 1.7387954298819888e-09 
-2.1137398000181315e-08 -9.5822753458336438e-09 -6.6026753408776880e-09 -4.8213304671709345e-09 -3.5426986231181593e-09 -2.5304315825468034e-09 -1.6883400163899502e-09 -9.9905481285851482e-10 -3.6005497593139136e-10 9.4257236352169452e-10 
-2.6479277781558595e-08 -1.2725214379122125e-08 -9.1785805841284382e-09 -7.0581949431353500e-09 -5.5356243188829593e-09 -4.3251327687824709e-09 -3.2889182542510815e-09 -2.3477590381403698e-09 -1.4988657018804145e-09 -4.3371688774976028e-10 
