9.638236994643e-08 3.022927467244e-08 5.901113704164e-09 7.614752236256e-10 6.911651752059e-11 4.090068642554e-12 1.356512783563e-13 1.897345245775e-15 6.096051028418e-18 7.093613817240e-22 
3.022927467244e-08 1.005816600372e-07 4.164270433399e-08 1.253810915781e-08 2.350731896156e-09 2.770273491355e-10 1.852632408115e-11 5.448716471454e-13 3.980580307860e-15 1.225880147982e-18 
5.901113704164e-09 4.164270433399e-08 8.908728813622e-08 3.948714226583e-08 1.428310450565e-08 3.047136639334e-09 3.605073205701e-10 1.921259080822e-11 2.741511972004e-13 1.963656615816e-16 
7.614752236256e-10 1.253810915781e-08 3.948714226583e-08 7.946390958967e-08 3.486052173591e-08 1.332949776886e-08 2.749067477027e-09 2.567506421325e-10 6.773615843134e-12 1.069981486897e-14 
6.911651752059e-11 2.350731896156e-09 1.428310450565e-08 3.486052173591e-08 7.166018391842e-08 2.979904503557e-08 1.091556876664e-08 1.821595097702e-09 8.940369067009e-11 3.105173151512e-13 
4.090068642554e-12 2.770273491355e-10 3.047136639334e-09 1.332949776886e-08 2.979904503557e-08 6.506042320935e-08 2.465157613834e-08 7.674099278840e-09 7.373437191022e-10 5.930309747173e-12 
1.356512783563e-13 1.852632408115e-11 3.605073205701e-10 2.749067477027e-09 1.091556876664e-08 2.465157613834e-08 5.936120316613e-08 1.922000301017e-08 3.947060225075e-09 8.226522064999e-11 
1.897345245775e-15 5.448716471454e-13 1.921259080822e-11 2.567506421325e-10 1.821595097702e-09 7.674099278840e-09 1.922000301017e-08 5.382662620362e-08 1.292049135112e-08 8.433392090766e-10 
6.096051028418e-18 3.980580307860e-15 2.741511972004e-13 6.773615843134e-12 8.940369067009e-11 7.373437191022e-10 3.947060225075e-09 1.292049135112e-08 4.834032093627e-08 5.821660753473e-09 
7.093613817240e-22 1.225880147982e-18 1.963656615816e-16 1.069981486897e-14 3.105173151512e-13 5.930309747173e-12 8.226522064999e-11 8.433392090766e-10 5.821660753473e-09 3.966505983002e-08 
