2.098898108365e-07 7.096725520701e-08 1.317974047856e-08 1.651305763944e-09 1.472343170182e-10 8.643712417741e-12 2.862854455950e-13 4.024136208237e-15 1.319920795340e-17 1.585674151777e-21 
7.096725520701e-08 1.910763293323e-07 9.091158387873e-08 2.684573818776e-08 4.978333506200e-09 5.848015469986e-10 3.914294060693e-11 1.163386633913e-12 8.677564045414e-15 2.760440648652e-18 
1.317974047856e-08 9.091158387873e-08 1.588660888255e-07 8.379473538224e-08 3.016972776487e-08 6.432030313775e-09 7.641003293516e-10 4.131059959352e-11 6.010800004894e-13 4.455444046622e-16 
1.651305763944e-09 2.684573818776e-08 8.379473538224e-08 1.365116851465e-07 7.357929233500e-08 2.817441204509e-08 5.858748163953e-09 5.559220541899e-10 1.493828714186e-11 2.447121679429e-14 
1.472343170182e-10 4.978333506200e-09 3.016972776487e-08 7.357929233500e-08 1.200010350369e-07 6.327534916509e-08 2.345131309250e-08 3.972523832276e-09 1.985450724969e-10 7.161414495948e-13 
8.643712417741e-12 5.848015469986e-10 6.432030313775e-09 2.817441204509e-08 6.327534916509e-08 1.071898590904e-07 5.347885337759e-08 1.686892017086e-08 1.652812434603e-09 1.380319328490e-11 
2.862854455950e-13 3.914294060693e-11 7.641003293516e-10 5.858748163953e-09 2.345131309250e-08 5.347885337759e-08 9.649720357924e-08 4.269464363687e-08 8.965367310963e-09 1.936386677078e-10 
4.024136208237e-15 1.163386633913e-12 4.131059959352e-11 5.559220541899e-10 3.972523832276e-09 1.686892017086e-08 4.269464363687e-08 8.606084837325e-08 2.988534236796e-08 2.018347674907e-09 
1.319920795340e-17 8.677564045414e-15 6.010800004894e-13 1.493828714186e-11 1.985450724969e-10 1.652812434603e-09 8.965367310963e-09 2.988534236796e-08 7.596672162905e-08 1.436483188325e-08 
1.585674151777e-21 2.760440648652e-18 4.455444046622e-16 2.447121679429e-14 7.161414495948e-13 1.380319328490e-11 1.936386677078e-10 2.018347674907e-09 1.436483188325e-08 5.811545625376e-08 
