1.779271852134e-07 5.997797580536e-08 1.121872332638e-08 1.409725547252e-09 1.257704943808e-10 7.377724200508e-12 2.432784030796e-13 3.410962770279e-15 1.108166312118e-17 1.322939264643e-21 
5.997797580536e-08 1.667073730946e-07 7.757590992591e-08 2.292846551013e-08 4.251757321004e-09 4.979528286793e-10 3.321286646158e-11 9.840282998137e-13 7.255333494050e-15 2.304690910690e-18 
1.121872332638e-08 7.757590992591e-08 1.397933946879e-07 7.157799687568e-08 2.572984018672e-08 5.464975679826e-09 6.477491365040e-10 3.482323688433e-11 5.013480694395e-13 3.719898190231e-16 
1.409725547252e-09 2.292846551013e-08 7.157799687568e-08 1.206169912436e-07 6.258072930087e-08 2.390248515447e-08 4.958383093440e-09 4.667213642303e-10 1.244885275777e-11 2.041302877667e-14 
1.257704943808e-10 4.251757321004e-09 2.572984018672e-08 6.258072930087e-08 1.061029306582e-07 5.361451660887e-08 1.977688330206e-08 3.321483674273e-09 1.655102459157e-10 5.962217499797e-13 
7.377724200508e-12 4.979528286793e-10 5.464975679826e-09 2.390248515447e-08 5.361451660887e-08 9.489933061885e-08 4.484520326362e-08 1.406433633441e-08 1.379114393417e-09 1.145484067723e-11 
2.432784030796e-13 3.321286646158e-11 6.477491365040e-10 4.958383093440e-09 1.977688330206e-08 4.484520326362e-08 8.517848711036e-08 3.559360323114e-08 7.481748214811e-09 1.598825944500e-10 
3.410962770279e-15 9.840282998137e-13 3.482323688433e-11 4.667213642303e-10 3.321483674273e-09 1.406433633441e-08 3.559360323114e-08 7.649952752367e-08 2.484928335171e-08 1.653438138017e-09 
1.108166312118e-17 7.255333494050e-15 5.013480694395e-13 1.244885275777e-11 1.655102459157e-10 1.379114393417e-09 7.481748214811e-09 2.484928335171e-08 6.749362539676e-08 1.163963095964e-08 
1.322939264643e-21 2.304690910690e-18 3.719898190231e-16 2.041302877667e-14 5.962217499797e-13 1.145484067723e-11 1.598825944500e-10 1.653438138017e-09 1.163963095964e-08 5.211104917440e-08 
