8.110657887759e-08 2.414744490424e-08 4.787939367810e-09 6.249906991580e-10 5.717999753617e-11 3.407775674815e-12 1.136103778783e-13 1.593115825890e-15 5.144442865081e-18 5.957620917535e-22 
2.414744490424e-08 8.678076557865e-08 3.408103196237e-08 1.034886835284e-08 1.953205271414e-09 2.316123528036e-10 1.553249385453e-11 4.585411853869e-13 3.357602083413e-15 1.029925081963e-18 
4.787939367810e-09 3.408103196237e-08 7.840440639530e-08 3.274883687184e-08 1.191655429555e-08 2.552259794324e-09 3.026272733487e-10 1.619697766516e-11 2.309403558601e-13 1.650978980178e-16 
6.249906991580e-10 1.034886835284e-08 3.274883687184e-08 7.093520027672e-08 2.917756468523e-08 1.117747809200e-08 2.312018724189e-09 2.166198851256e-10 5.697807762038e-12 9.002346204569e-15 
5.717999753617e-11 1.953205271414e-09 1.191655429555e-08 2.917756468523e-08 6.463435924265e-08 2.503098933224e-08 9.200430901795e-09 1.536170645084e-09 7.512373717144e-11 2.613033059848e-13 
3.407775674815e-12 2.316123528036e-10 2.552259794324e-09 1.117747809200e-08 2.503098933224e-08 5.925242846866e-08 2.079982589472e-08 6.460388208654e-09 6.194131167004e-10 4.986063153139e-12 
1.136103778783e-13 1.553249385453e-11 3.026272733487e-10 2.312018724189e-09 9.200430901795e-09 2.079982589472e-08 5.445147496516e-08 1.614969026082e-08 3.318625684736e-09 6.897984443420e-11 
1.593115825890e-15 4.585411853869e-13 1.619697766516e-11 2.166198851256e-10 1.536170645084e-09 6.460388208654e-09 1.614969026082e-08 4.973878986797e-08 1.086700061053e-08 7.031419628798e-10 
5.144442865081e-18 3.357602083413e-15 2.309403558601e-13 5.697807762038e-12 7.512373717144e-11 6.194131167004e-10 3.318625684736e-09 1.086700061053e-08 4.504253336456e-08 4.813550174618e-09 
5.957620917535e-22 1.029925081963e-18 1.650978980178e-16 9.002346204569e-15 2.613033059848e-13 4.986063153139e-12 6.897984443420e-11 7.031419628798e-10 4.813550174618e-09 3.762614556844e-08 
