3.406951877999e-07 1.155693747668e-07 2.134894165643e-08 2.686834137233e-09 2.413918518129e-10 1.432576670832e-11 4.822302778560e-13 6.944137007882e-15 2.340659784904e-17 2.958288787478e-21 
1.155693747668e-07 2.920406318276e-07 1.476809627388e-07 4.389289030569e-08 8.214402660026e-09 9.775620358326e-10 6.669692934917e-11 2.028866746777e-12 1.553503818446e-14 5.196555484002e-18 
2.134894165643e-08 1.476809627388e-07 2.415980676497e-07 1.378727515704e-07 5.015518884199e-08 1.085250292338e-08 1.315421993659e-09 7.265839789871e-11 1.086497555287e-12 8.454028413129e-16 
2.686834137233e-09 4.389289030569e-08 1.378727515704e-07 2.079342392891e-07 1.235375579747e-07 4.807708471163e-08 1.018820894993e-08 9.861327604615e-10 2.728266519258e-11 4.677610529167e-14 
2.413918518129e-10 8.214402660026e-09 5.015518884199e-08 1.235375579747e-07 1.843923210916e-07 1.093807580318e-07 4.120861689899e-08 7.118288159077e-09 3.667865183183e-10 1.378876128103e-12 
1.432576670832e-11 9.775620358326e-10 1.085250292338e-08 4.807708471163e-08 1.093807580318e-07 1.665859823015e-07 9.509666745016e-08 3.063217028295e-08 3.093186137255e-09 2.678719449563e-11 
4.822302778560e-13 6.669692934917e-11 1.315421993659e-09 1.018820894993e-08 4.120861689899e-08 9.509666745016e-08 1.516045030738e-07 7.890792394024e-08 1.702441062207e-08 3.794435470603e-10 
6.944137007882e-15 2.028866746777e-12 7.265839789871e-11 9.861327604615e-10 7.118288159077e-09 3.063217028295e-08 7.890792394024e-08 1.374045924423e-07 5.768852751267e-08 4.010164623331e-09 
2.340659784904e-17 1.553503818446e-14 1.086497555287e-12 2.728266519258e-11 3.667865183183e-10 3.093186137255e-09 1.702441062207e-08 5.768852751267e-08 1.224092813930e-07 2.915004812251e-08 
2.958288787478e-21 5.196555484002e-18 8.454028413129e-16 4.677610529167e-14 1.378876128103e-12 2.678719449563e-11 3.794435470603e-10 4.010164623331e-09 2.915004812251e-08 9.037428879851e-08 
