7.902272268610e-08 2.329051960077e-08 4.628902737687e-09 6.052871267487e-10 5.547196758270e-11 3.308357869616e-12 1.104285121288e-13 1.549995114470e-15 5.002967588883e-18 5.802843745011e-22 
2.329051960077e-08 8.481236622071e-08 3.299196526537e-08 1.003417847033e-08 1.895900393094e-09 2.249767822943e-10 1.510925314549e-11 4.459490486192e-13 3.267452880544e-15 1.002475558172e-18 
4.628902737687e-09 3.299196526537e-08 7.686610826766e-08 3.178258082703e-08 1.157091945409e-08 2.481049561810e-09 2.944252578915e-10 1.574928904894e-11 2.248964058631e-13 1.605746083491e-16 
6.052871267487e-10 1.003417847033e-08 3.178258082703e-08 6.969193115555e-08 2.835159040404e-08 1.087324439161e-08 2.248807946629e-09 2.106806681466e-10 5.551205708948e-12 8.750062879610e-15 
5.547196758270e-11 1.895900393094e-09 1.157091945409e-08 2.835159040404e-08 6.363879146223e-08 2.435145646949e-08 8.946287843430e-09 1.495017926576e-09 7.319319797354e-11 2.538909351105e-13 
3.308357869616e-12 2.249767822943e-10 2.481049561810e-09 1.087324439161e-08 2.435145646949e-08 5.839578692097e-08 2.023201210538e-08 6.292623293181e-09 6.031521035936e-10 4.844895639314e-12 
1.104285121288e-13 1.510925314549e-11 2.944252578915e-10 2.248807946629e-09 8.946287843430e-09 2.023201210538e-08 5.376352752962e-08 1.573442228866e-08 3.227687957631e-09 6.706473522840e-11 
1.549995114470e-15 4.459490486192e-13 1.574928904894e-11 2.106806681466e-10 1.495017926576e-09 6.292623293181e-09 1.573442228866e-08 4.915896816258e-08 1.056001111321e-08 6.843283600884e-10 
5.002967588883e-18 3.267452880544e-15 2.248964058631e-13 5.551205708948e-12 7.319319797354e-11 6.031521035936e-10 3.227687957631e-09 1.056001111321e-08 4.458355892861e-08 4.685493812200e-09 
5.802843745011e-22 1.002475558172e-18 1.605746083491e-16 8.750062879610e-15 2.538909351105e-13 4.844895639314e-12 6.706473522840e-11 6.843283600884e-10 4.685493812200e-09 3.733966635246e-08 
