5.1272810776970792e-07 2.5469367929065673e-07 1.8882515791838410e-07 1.4945593835997693e-07 1.2119037958418548e-07 9.8732354885739918e-08 7.9528713250308018e-08 6.1945795887005982e-08 4.4323688088435547e-08 2.0987061673883720e-08 
2.5469367929065673e-07 1.3052868446889905e-07 9.5321817875316697e-08 7.5795492702258482e-08 6.1777693311399074e-08 5.0639934757903476e-08 4.1114386089143333e-08 3.2389846067221486e-08 2.3643273358680313e-08 1.2077620203545976e-08 
1.8882515791838410e-07 9.5321817875316697e-08 7.3750414559148486e-08 5.6800789986244297e-08 4.6455641321795867e-08 3.8235897874624056e-08 3.1205125376963362e-08 2.4764081801291367e-08 1.8305422250313826e-08 9.7740216746754526e-09 
1.4945593835997693e-07 7.5795492702258482e-08 5.6800789986244297e-08 4.7985544544687545e-08 3.7297120508398563e-08 3.0821322196890087e-08 2.5281511509066845e-08 2.0205215656562124e-08 1.5113971468509096e-08 8.3960388892573859e-09 
1.2119037958418548e-07 6.1777693311399074e-08 4.6455641321795867e-08 3.7297120508398563e-08 3.3262175365519152e-08 2.5500376831210541e-08 2.1031084297037238e-08 1.6934588921482352e-08 1.2825133925927583e-08 7.4093134589259441e-09 
9.8732354885739918e-08 5.0639934757903476e-08 3.8235897874624056e-08 3.0821322196890087e-08 2.5500376831210541e-08 2.3811003779804225e-08 1.7654130626591460e-08 1.4336028143419340e-08 1.1006392547401107e-08 6.6250252171463957e-09 
7.9528713250308018e-08 4.1114386089143333e-08 3.1205125376963362e-08 2.5281511509066845e-08 2.1031084297037238e-08 1.7654130626591460e-08 1.7302222645663870e-08 1.2111764855364054e-08 9.4484425879644097e-09 5.9508453669159471e-09 
6.1945795887005982e-08 3.2389846067221486e-08 2.4764081801291367e-08 2.0205215656562124e-08 1.6934588921482352e-08 1.4336028143419340e-08 1.2111764855364054e-08 1.2609545705603104e-08 8.0190469252093340e-09 5.3280553907521101e-09 
4.4323688088435547e-08 2.3643273358680313e-08 1.8305422250313826e-08 1.5113971468509096e-08 1.2825133925927583e-08 1.1006392547401107e-08 9.4484425879644097e-09 8.0190469252093340e-09 9.1242335693247493e-09 4.7032718259425527e-09 
2.0987061673883720e-08 1.2077620203545976e-08 9.7740216746754526e-09 8.3960388892573859e-09 7.4093134589259441e-09 6.6250252171463957e-09 5.9508453669159471e-09 5.3280553907521101e-09 4.7032718259425527e-09 6.4580425907290004e-09 
