2.548506913459e-09 1.671120198547e-11 1.932408562975e-11 2.090332201268e-11 2.203682509461e-11 2.293795750723e-11 2.371017137332e-11 2.442104964532e-11 2.514246518160e-11 2.613034826236e-11 
1.671120198547e-11 2.571137140029e-09 4.069004144454e-11 4.577256633484e-11 4.942218220211e-11 5.231876739783e-11 5.480106488696e-11 5.708639141443e-11 5.940561734183e-11 6.258155700227e-11 
1.932408562975e-11 4.069004144454e-11 2.591976666809e-09 6.231872618961e-11 6.876409502143e-11 7.385973621022e-11 7.821938824216e-11 8.223328427367e-11 8.630701419907e-11 9.188567341588e-11 
2.090332201268e-11 4.577256633484e-11 6.231872618961e-11 2.613315957080e-09 8.449687569483e-11 9.219372492584e-11 9.874448885321e-11 1.047648666433e-10 1.108752168608e-10 1.192435557912e-10 
2.203682509461e-11 4.942218220211e-11 6.876409502143e-11 8.449687569483e-11 2.636041680875e-09 1.083686982491e-10 1.175789136915e-10 1.259934520390e-10 1.345216123301e-10 1.462041980017e-10 
2.293795750723e-11 5.231876739783e-11 7.385973621022e-11 9.219372492584e-11 1.083686982491e-10 2.660989163353e-09 1.348803556858e-10 1.461495340125e-10 1.574926769155e-10 1.730260199813e-10 
2.371017137332e-11 5.480106488696e-11 7.821938824216e-11 9.874448885321e-11 1.175789136915e-10 1.348803556858e-10 2.689247524433e-09 1.655627370543e-10 1.802843120804e-10 2.002947106547e-10 
2.442104964532e-11 5.708639141443e-11 8.223328427367e-11 1.047648666433e-10 1.259934520390e-10 1.461495340125e-10 1.655627370543e-10 2.723153508804e-09 2.039777526239e-10 2.293978848808e-10 
2.514246518160e-11 5.940561734183e-11 8.630701419907e-11 1.108752168608e-10 1.345216123301e-10 1.574926769155e-10 1.802843120804e-10 2.039777526239e-10 2.768565525441e-09 2.637227233449e-10 
2.613034826236e-11 6.258155700227e-11 9.188567341588e-11 1.192435557912e-10 1.462041980017e-10 1.730260199813e-10 2.002947106547e-10 2.293978848808e-10 2.637227233449e-10 2.856300192496e-09 
