3.0843174364403132e-08 1.3909697949761900e-08 1.0199843147130645e-08 7.9829895840291651e-09 6.3911437751181304e-09 5.1265545285907894e-09 4.0458945471320719e-09 3.0574852061002395e-09 2.0688803142344980e-09 7.5139918132520960e-10 
1.3909697949761900e-08 9.4576312594899058e-09 5.1171813806695223e-09 4.0403888882913643e-09 3.2674052078660038e-09 2.6533771316961694e-09 2.1285574864701512e-09 1.6484246386588434e-09 1.1682023206668800e-09 5.2979644037281530e-10 
1.0199843147130645e-08 5.1171813806695223e-09 6.3453091766111812e-09 3.0238033614156352e-09 2.4617956222097736e-09 2.0153803428281781e-09 1.6337771805730151e-09 1.2846082356523439e-09 9.3537614365209577e-10 4.7193755881763621e-10 
7.9829895840291651e-09 4.0403888882913643e-09 3.0238033614156352e-09 4.9548200942604345e-09 1.9804213220279484e-09 1.6341540053961824e-09 1.3381185678900959e-09 1.0672031388709598e-09 7.9624334444790538e-10 4.3735470019508703e-10 
6.3911437751181304e-09 3.2674052078660038e-09 2.4617956222097736e-09 1.9804213220279484e-09 4.1735794417325413e-09 1.3607981942422062e-09 1.1262192314134800e-09 9.1149735180318703e-10 6.9675293323791550e-10 4.1295927029280942e-10 
5.1265545285907894e-09 2.6533771316961694e-09 2.0153803428281781e-09 1.6341540053961824e-09 1.3607981942422062e-09 3.6821837198393043e-09 9.5798638149720262e-10 7.8789913611920175e-10 6.1779388412094413e-10 3.9365227572606278e-10 
4.0458945471320719e-09 2.1285574864701512e-09 1.6337771805730151e-09 1.3381185678900959e-09 1.1262192314134800e-09 9.5798638149720262e-10 3.3525430464735638e-09 6.8217107085779916e-10 5.5017153789813242e-10 3.7694804046519576e-10 
3.0574852061002395e-09 1.6484246386588434e-09 1.2846082356523439e-09 1.0672031388709598e-09 9.1149735180318703e-10 7.8789913611920175e-10 6.8217107085779916e-10 3.1238131634838777e-09 4.8829439467969748e-10 3.6145717450285798e-10 
2.0688803142344980e-09 1.1682023206668800e-09 9.3537614365209577e-10 7.9624334444790538e-10 6.9675293323791550e-10 6.1779388412094413e-10 5.5017153789813242e-10 4.8829439467969748e-10 2.9651713059970855e-09 3.4628380964799498e-10 
7.5139918132520960e-10 5.2979644037281530e-10 4.7193755881763621e-10 4.3735470019508703e-10 4.1295927029280942e-10 3.9365227572606278e-10 3.7694804046519576e-10 3.6145717450285798e-10 3.4628380964799498e-10 2.8681837897906245e-09 
