3.3301132356907752e-07 1.6490147877241669e-07 1.2221678923913145e-07 9.6704443311881299e-08 7.8387195729090219e-08 6.3833563215932988e-08 5.1388506688764814e-08 3.9992166097890504e-08 2.8574025347222118e-08 1.3472890773272437e-08 
1.6490147877241669e-07 8.5410488630255582e-08 6.1722312438348744e-08 4.9080929899762881e-08 4.0005703073424359e-08 3.2795081954806521e-08 2.6628039849092674e-08 2.0978912595678190e-08 1.5317254317351984e-08 7.8402008740981731e-09 
1.2221678923913145e-07 6.1722312438348744e-08 4.8662391486004805e-08 3.6800392308972749e-08 3.0107429117278402e-08 2.4789565644682546e-08 2.0240807769962843e-08 1.6073155814698600e-08 1.1895357682317418e-08 6.3835510889748350e-09 
9.6704443311881299e-08 4.9080929899762881e-08 3.6800392308972749e-08 3.1998501133135690e-08 2.4190986247110672e-08 2.0004325915101123e-08 1.6422709261577890e-08 1.3140473231044334e-08 9.8495351693514210e-09 5.5122917580406583e-09 
7.8387195729090219e-08 4.0005703073424359e-08 3.0107429117278402e-08 2.4190986247110672e-08 2.2483089844841027e-08 1.6570402537222399e-08 1.3683220894618525e-08 1.1036674594861963e-08 8.3825130295048243e-09 4.8886626564583640e-09 
6.3833563215932988e-08 3.2795081954806521e-08 2.4789565644682546e-08 2.0004325915101123e-08 1.6570402537222399e-08 1.6380411040500623e-08 1.1506722095640880e-08 9.3651870179317866e-09 7.2168007916813758e-09 4.3929721388108307e-09 
5.1388506688764814e-08 2.6628039849092674e-08 2.0240807769962843e-08 1.6422709261577890e-08 1.3683220894618525e-08 1.1506722095640880e-08 1.2182264979701318e-08 7.9344424142373505e-09 6.2182267383594472e-09 3.9668415713104060e-09 
3.9992166097890504e-08 2.0978912595678190e-08 1.6073155814698600e-08 1.3140473231044334e-08 1.1036674594861963e-08 9.3651870179317866e-09 7.9344424142373505e-09 9.1602510170064227e-09 5.3021129848810382e-09 3.5732883343935318e-09 
2.8574025347222118e-08 1.5317254317351984e-08 1.1895357682317418e-08 9.8495351693514210e-09 8.3825130295048243e-09 7.2168007916813758e-09 6.2182267383594472e-09 5.3021129848810382e-09 6.9221877809205061e-09 3.1785413162916039e-09 
1.3472890773272437e-08 7.8402008740981731e-09 6.3835510889748350e-09 5.5122917580406583e-09 4.8886626564583640e-09 4.3929721388108307e-09 3.9668415713104060e-09 3.5732883343935318e-09 3.1785413162916039e-09 5.2228498741971960e-09 
