4.5165762205351074e-08 2.1036251652836441e-08 1.5471446493456355e-08 1.2145922577178823e-08 9.7579629455100580e-09 7.8607878799791490e-09 6.2391775257696167e-09 4.7553240454066836e-09 3.2702052378712994e-09 1.2939152057517962e-09 
2.1036251652836441e-08 1.3038491006165568e-08 7.7839252532553004e-09 6.1607810951792429e-09 4.9955477157885133e-09 4.0698472958247409e-09 3.2784547237187405e-09 2.5541052150059452e-09 1.8290788408010385e-09 8.6638314658910682e-10 
1.5471446493456355e-08 7.7839252532553004e-09 8.3404344316497336e-09 4.6175113765730565e-09 3.7673393543203426e-09 3.0919584793598135e-09 2.5144984340043997e-09 1.9858632847454605e-09 1.4567016536157738e-09 7.5518916260768361e-10 
1.2145922577178823e-08 6.1607810951792429e-09 4.6175113765730565e-09 6.2337440209581280e-09 3.0333970227382725e-09 2.5075932465326506e-09 2.0579627421847871e-09 1.6462798484973912e-09 1.2341644466682647e-09 6.8873083835642581e-10 
9.7579629455100580e-09 4.9955477157885133e-09 3.7673393543203426e-09 3.0333970227382725e-09 5.0453033333963028e-09 2.0884969561152146e-09 1.7306747608186411e-09 1.4029750422322901e-09 1.0749213615550957e-09 6.4159172215639065e-10 
7.8607878799791490e-09 4.0698472958247409e-09 3.0919584793598135e-09 2.5075932465326506e-09 2.0884969561152146e-09 4.2940868960251819e-09 1.4707757612370975e-09 1.2097894783672453e-09 9.4849435228811107e-10 6.0422126089644493e-10 
6.2391775257696167e-09 3.2784547237187405e-09 2.5144984340043997e-09 2.0579627421847871e-09 1.7306747608186411e-09 1.4707757612370975e-09 3.7868663102502516e-09 1.0444924611645154e-09 8.4020340376972985e-10 5.7197131680568193e-10 
4.7553240454066836e-09 2.5541052150059452e-09 1.9858632847454605e-09 1.6462798484973912e-09 1.4029750422322901e-09 1.2097894783672453e-09 1.0444924611645154e-09 3.4314822265472766e-09 7.4102170319988556e-10 5.4211439404879362e-10 
3.2702052378712994e-09 1.8290788408010385e-09 1.4567016536157738e-09 1.2341644466682647e-09 1.0749213615550957e-09 9.4849435228811107e-10 8.4020340376972985e-10 7.4102170319988556e-10 3.1805172607330875e-09 5.1255368063285511e-10 
1.2939152057517962e-09 8.6638314658910682e-10 7.5518916260768361e-10 6.8873083835642581e-10 6.4159172215639065e-10 6.0422126089644493e-10 5.7197131680568193e-10 5.4211439404879362e-10 5.1255368063285511e-10 3.0166790131621377e-09 
