2.9040788408743462e-07 9.8337588896259780e-08 1.8134318665458042e-08 2.2727245147565173e-09 2.0360677381420497e-10 1.2043347959672982e-11 4.0286938210790123e-13 5.7510897913878897e-15 1.9175184568085708e-17 2.3866425143843046e-21 
9.8337588896259780e-08 2.5244711298895604e-07 1.2506336901755079e-07 3.7050631429704053e-08 6.9159019706962615e-09 8.1908734082318755e-10 5.5490213673305051e-11 1.6733854204693339e-12 1.2683535576103687e-14 4.1822128096933893e-18 
1.8134318665458042e-08 1.2506336901755079e-07 2.0839788493487234e-07 1.1617726392429231e-07 4.2114823425155327e-08 9.0611477611188733e-09 1.0903366536362549e-09 5.9719508415123565e-11 8.8437629235246290e-13 6.7895573918027212e-16 
2.2727245147565173e-09 3.7050631429704053e-08 1.1617726392429231e-07 1.7922598037180588e-07 1.0333577213664652e-07 3.9977798137475060e-08 8.4124825466834759e-09 8.0781835977121212e-10 2.2140469752388353e-11 3.7495709599972264e-14 
2.0360677381420497e-10 6.9159019706962615e-09 4.2114823425155327e-08 1.0333577213664652e-07 1.5821521770186877e-07 9.0525729326905493e-08 3.3883332513624004e-08 5.8103098650108349e-09 2.9670673901021114e-10 1.1033448688529125e-12 
1.2043347959672982e-11 8.1908734082318755e-10 9.0611477611188733e-09 3.9977798137475060e-08 9.0525729326905493e-08 1.4212500345841166e-07 7.7829053690589266e-08 2.4900183403632137e-08 2.4933773165729618e-09 2.1394626565979999e-11 
4.0286938210790123e-13 5.5490213673305051e-11 1.0903366536362549e-09 8.4124825466834759e-09 3.3883332513624004e-08 7.7829053690589266e-08 1.2866142732640505e-07 6.3823696432901253e-08 1.3670244973518041e-08 3.0233453594803906e-10 
5.7510897913878897e-15 1.6733854204693339e-12 5.9719508415123565e-11 8.0781835977121212e-10 5.8103098650108349e-09 2.4900183403632137e-08 6.3823696432901253e-08 1.1602887151251658e-07 4.6133804537749340e-08 3.1822968946569942e-09 
1.9175184568085708e-17 1.2683535576103687e-14 8.8437629235246290e-13 2.2140469752388353e-11 2.9670673901021114e-10 2.4933773165729618e-09 1.3670244973518041e-08 4.6133804537749340e-08 1.0312091373358878e-07 2.2952007485989218e-08 
2.3866425143843046e-21 4.1822128096933893e-18 6.7895573918027212e-16 3.7495709599972264e-14 1.1033448688529125e-12 2.1394626565979999e-11 3.0233453594803906e-10 3.1822968946569942e-09 2.2952007485989218e-08 7.6870984651863793e-08 
