8.910119485108e-08 2.103933291451e-07 2.810211381711e-07 3.269360195477e-07 3.602240773152e-07 3.866929060429e-07 4.093701875459e-07 4.302456237289e-07 4.514304475535e-07 4.804361226289e-07 
5.697720608149e-09 4.549638262676e-08 1.082632540369e-07 1.681961095235e-07 2.168207423855e-07 2.559998339783e-07 2.894798501388e-07 3.202722337984e-07 3.515182461499e-07 3.943035140826e-07 
3.373813366323e-10 7.033838487930e-09 3.276256106284e-08 7.849662701671e-08 1.299575167984e-07 1.758741078149e-07 2.154000557943e-07 2.515957548627e-07 2.882823242971e-07 3.385142432322e-07 
-1.511463742496e-11 1.161433253046e-10 4.575778103697e-09 2.450425180843e-08 6.305628403108e-08 1.087531993330e-07 1.520075688340e-07 1.919195873921e-07 2.321789676712e-07 2.872446341938e-07 
-6.294834928863e-12 -1.965205230582e-10 -5.460669835876e-10 3.263683193383e-09 2.044651370733e-08 5.377140566729e-08 9.554845190529e-08 1.379620692603e-07 1.808071157224e-07 2.390604099357e-07 
-5.927158904077e-13 -3.719567429693e-11 -3.229857384898e-10 -6.374279079877e-10 2.483710408594e-09 1.666377491483e-08 4.678051749634e-08 8.798555821608e-08 1.330746938715e-07 1.935761101500e-07 
-2.300297209347e-14 -2.956235185563e-12 -5.277617236548e-11 -3.451689876134e-10 -9.100991374416e-10 6.289665989779e-10 1.205758951438e-08 4.174229843881e-08 8.699181075116e-08 1.498532616395e-07 
-3.559889524731e-16 -1.042818209667e-13 -3.758310462077e-12 -5.091554342400e-11 -3.571794618066e-10 -1.370259286105e-09 -2.043579842678e-09 6.064185878431e-09 3.964544921740e-08 1.059518718386e-07 
-1.463809034087e-18 -1.029885825268e-15 -7.613470219737e-14 -2.025388707766e-12 -2.904788699199e-11 -2.640772870487e-10 -1.572012034336e-09 -5.374230086869e-09 -2.344318202698e-09 5.580937217295e-08 
-2.861081202085e-22 -5.465289716235e-19 -9.660447069765e-17 -5.816567634820e-15 -1.871115640732e-13 -3.990039737248e-12 -6.273515755942e-11 -7.467170918529e-10 -6.018331674115e-09 -1.722706632383e-10 
