1.688113664397e-10 4.553111079353e-10 6.413487488182e-10 7.648892634125e-10 8.547232806232e-10 9.261581563196e-10 9.873564683479e-10 1.043691713966e-09 1.100861865430e-09 1.179139234127e-09 
1.660077874187e-11 1.407405606197e-10 3.458807196748e-10 5.464057932842e-10 7.105038888450e-10 8.429197215246e-10 9.560542854935e-10 1.060097672059e-09 1.165672704977e-09 1.310237179032e-09 
1.077748774820e-12 2.347006938035e-11 1.123553005801e-10 2.738190044871e-10 4.578093090840e-10 6.227872732301e-10 7.649152469070e-10 8.950516261093e-10 1.026943703986e-09 1.207531575595e-09 
-5.827244035295e-14 2.886818939626e-13 1.591033988273e-11 8.796077247168e-11 2.293709766727e-10 3.982874709810e-10 5.587584417727e-10 7.069329387543e-10 8.563745301963e-10 1.060766847327e-09 
-2.313479538176e-14 -7.332593737912e-13 -2.118827224964e-12 1.177007183392e-11 7.564084141545e-11 2.007869492586e-10 3.587594082975e-10 5.195690390683e-10 6.820457725471e-10 9.029212864403e-10 
-2.200427856417e-15 -1.392901632920e-13 -1.222037795659e-12 -2.484134631546e-12 9.129886021001e-12 6.295547442234e-11 1.782656496432e-10 3.366751191910e-10 5.102954283971e-10 7.432413144554e-10 
-8.649697572075e-17 -1.121603109656e-14 -2.018412782164e-13 -1.330859947727e-12 -3.550202724399e-12 2.257322638904e-12 4.622633906246e-11 1.611777070824e-10 3.371676098110e-10 5.817794914618e-10 
-1.361140510303e-18 -4.011648049399e-16 -1.451326268566e-14 -1.972541303627e-13 -1.389147814797e-12 -5.363193147094e-12 -8.137718715086e-12 2.335892700438e-11 1.549476056407e-10 4.147933522390e-10 
-5.665706545101e-21 -3.997964833951e-18 -2.964461569088e-16 -7.910795451465e-15 -1.137862049801e-13 -1.036746147767e-12 -6.175187017213e-12 -2.106408524155e-11 -9.064518585386e-12 2.187867804284e-10 
-1.122281907195e-24 -2.145966388556e-21 -3.794058824481e-19 -2.283542698951e-17 -7.339932116154e-16 -1.563599707280e-14 -2.456279345466e-13 -2.923619265700e-12 -2.358467557640e-11 -3.418604435432e-13 
