z(iz=00)            wb(ip=00)           h(ip=01)           wm(ip=02)            ns(ip=03) 
1.7820000000e+00        0.022445000000000007        0.67067        0.14364800000000003        0.96
   k(h/Mpc)      Pk/s8^2(Mpc/h)^3 
7.0298974606e-06 5.0474212557e+01
7.5145258052e-06 5.3810118351e+01
8.0325635281e-06 5.7366497097e+01
8.5863139248e-06 6.1157938443e+01
9.1782385425e-06 6.5199942553e+01
9.8109694591e-06 6.9509087925e+01
1.0487319742e-05 7.4103034961e+01
1.1210296179e-05 7.9000579528e+01
1.1983113836e-05 8.4221831491e+01
1.2809206964e-05 8.9788121874e+01
1.3692250832e-05 9.5722317076e+01
1.4636168999e-05 1.0204867605e+02
1.5645160602e-05 1.0879318594e+02
1.6723708541e-05 1.1598339783e+02
1.7876611309e-05 1.2364881237e+02
1.9108991182e-05 1.3182085838e+02
2.0426330593e-05 1.4053294279e+02
2.1834483050e-05 1.4982080059e+02
2.3339713152e-05 1.5972246629e+02
2.4948709324e-05 1.7027848812e+02
2.6668629289e-05 1.8153215654e+02
2.8507114621e-05 1.9352950431e+02
3.0472343497e-05 2.0631967775e+02
3.2573050703e-05 2.1995510819e+02
3.4818578570e-05 2.3449155480e+02
3.7218906073e-05 2.4998863306e+02
3.9784710680e-05 2.6650968616e+02
4.2527393816e-05 2.8412249921e+02
4.5459153625e-05 3.0289897068e+02
4.8593024985e-05 3.2291619791e+02
5.1942937716e-05 3.4425593434e+02
5.5523789342e-05 3.6700561791e+02
5.9351499658e-05 3.9125819959e+02
6.3443083491e-05 4.1711294328e+02
6.7816734372e-05 4.4467556858e+02
7.2491893661e-05 4.7405870788e+02
7.7489348769e-05 5.0538247763e+02
8.2831327745e-05 5.3877513532e+02
8.8541564764e-05 5.7437250825e+02
9.4645460194e-05 6.1232033580e+02
1.0117013881e-04 6.5277304115e+02
1.0814462439e-04 6.9589607363e+02
1.1559991981e-04 7.4186470901e+02
1.2356915977e-04 7.9086627751e+02
1.3208779274e-04 8.4310004961e+02
1.4119368279e-04 8.9877826435e+02
1.5092732792e-04 9.5812670066e+02
1.6133197642e-04 1.0213863913e+03
1.7245390336e-04 1.0888125943e+03
1.8434255617e-04 1.1606780498e+03
1.9705080194e-04 1.2372727512e+03
2.1063511667e-04 1.3189045165e+03
2.2515591991e-04 1.4059009308e+03
2.4067774939e-04 1.4986096890e+03
2.5726962485e-04 1.5974007671e+03
2.7500532451e-04 1.7026665358e+03
2.9396370519e-04 1.8148232464e+03
3.1422902248e-04 1.9343113736e+03
3.3589138184e-04 2.0615997286e+03
3.5904711694e-04 2.1971829454e+03
3.8379916805e-04 2.3415843376e+03
4.1025757673e-04 2.4953569265e+03
4.3854000978e-04 2.6590848121e+03
4.6877213754e-04 2.8333836305e+03
5.0108844880e-04 3.0189000967e+03
5.3563254187e-04 3.2163147467e+03
5.7255808497e-04 3.4263417093e+03
6.1202916550e-04 3.6497289343e+03
6.5422133775e-04 3.8872581926e+03
6.9932214683e-04 4.1397434767e+03
7.4753217632e-04 4.4080328287e+03
7.9906563042e-04 4.6930065122e+03
8.5415178910e-04 4.9955712992e+03
9.1303541558e-04 5.3166705252e+03
9.7597844433e-04 5.6572680925e+03
1.0432605632e-03 6.0183530408e+03
1.1151810177e-03 6.4009368048e+03
1.1920596007e-03 6.8060422454e+03
1.2742379913e-03 7.2347036495e+03
1.3620816171e-03 7.6879562179e+03
1.4559810516e-03 8.1668278389e+03
1.5563537599e-03 8.6723304045e+03
1.6636458458e-03 9.2054328442e+03
1.7783346120e-03 9.7670739232e+03
1.9009297248e-03 1.0358111053e+04
2.0319763571e-03 1.0979332175e+04
2.1720570512e-03 1.1631424680e+04
2.3217946291e-03 1.2314958043e+04
2.4818549864e-03 1.3030371939e+04
2.6529494207e-03 1.3777935110e+04
2.8358388227e-03 1.4557747189e+04
3.0313364696e-03 1.5369680206e+04
3.2403112855e-03 1.6213365784e+04
3.4636922646e-03 1.7088148525e+04
3.7024728954e-03 1.7993068638e+04
3.9577148855e-03 1.8926802531e+04
4.2305523530e-03 1.9887622582e+04
4.5221988112e-03 2.0873364240e+04
4.8339506611e-03 2.1882407745e+04
5.1671946421e-03 2.2909513564e+04
5.5234115571e-03 2.3951922990e+04
5.9041851200e-03 2.5005270354e+04
6.3112089410e-03 2.6063926722e+04
6.7462921143e-03 2.7123222949e+04
7.2113694623e-03 2.8176157146e+04
7.7085080557e-03 2.9215637845e+04
8.2399183884e-03 3.0232973927e+04
8.8079627603e-03 3.1219115953e+04
9.4151683152e-03 3.2164301499e+04
1.0064232163e-02 3.3057621878e+04
1.0758042335e-02 3.3887420681e+04
1.1499681510e-02 3.4640933629e+04
1.2292448431e-02 3.5304723676e+04
1.3139867224e-02 3.5864710262e+04
1.4045706019e-02 3.6306355782e+04
1.5013990924e-02 3.6614976381e+04
1.6049027443e-02 3.6776169738e+04
1.7155418172e-02 3.6776257490e+04
1.8338082358e-02 3.6602899493e+04
1.9602276385e-02 3.6245993283e+04
2.0953619853e-02 3.5698606441e+04
2.2398125380e-02 3.4957989401e+04
2.3942209780e-02 3.4026756444e+04
2.5592742488e-02 3.2914000886e+04
2.7357058600e-02 3.1636172594e+04
2.9243005440e-02 3.0217657523e+04
3.1258963049e-02 2.8690816099e+04
3.3413898200e-02 2.7095273894e+04
3.5717394203e-02 2.5476257994e+04
3.8179684430e-02 2.3881880334e+04
4.0811721235e-02 2.2359486846e+04
4.3625205755e-02 2.0951169304e+04
4.6448014677e-02 1.9759323478e+04
4.9270823598e-02 1.8768451977e+04
5.2093628794e-02 1.7948512492e+04
5.4916437715e-02 1.7264084240e+04
5.7739246637e-02 1.6677940206e+04
6.0562051833e-02 1.6153661426e+04
6.3384860754e-02 1.5658304287e+04
6.6207669675e-02 1.5164411512e+04
6.9030478597e-02 1.4652103585e+04
7.1853287518e-02 1.4107824631e+04
7.4676088989e-02 1.3526346086e+04
7.7498897910e-02 1.2912700898e+04
8.0321706832e-02 1.2273255670e+04
8.3144515753e-02 1.1620650363e+04
8.5967324674e-02 1.0971777264e+04
8.8790133596e-02 1.0344359562e+04
9.1612935066e-02 9.7525491169e+03
9.5230370760e-02 9.0608986812e+03
9.8847806454e-02 8.4569519328e+03
1.0246524215e-01 7.9502308923e+03
1.0608267784e-01 7.5399873815e+03
1.0970010608e-01 7.2139484416e+03
1.1331754178e-01 6.9550860454e+03
1.1693497747e-01 6.7455677710e+03
1.2055241317e-01 6.5660301045e+03
1.2416984886e-01 6.3972059680e+03
1.2778727710e-01 6.2233657916e+03
1.3140471280e-01 6.0334281261e+03
1.3502214849e-01 5.8198823944e+03
1.3863958418e-01 5.5824077526e+03
1.4225701988e-01 5.3266477600e+03
1.4587445557e-01 5.0613867707e+03
1.4949189127e-01 4.7958712088e+03
1.5310931206e-01 4.5393589244e+03
1.5672674775e-01 4.3006822613e+03
1.6034418345e-01 4.0866877139e+03
1.6396161914e-01 3.9010119685e+03
1.6757905483e-01 3.7441963916e+03
1.7119649053e-01 3.6144055011e+03
1.7481392622e-01 3.5078963487e+03
1.7843136191e-01 3.4193841534e+03
1.8204879761e-01 3.3427413483e+03
1.8566623330e-01 3.2719240052e+03
1.8928365409e-01 3.2016462006e+03
1.9290108979e-01 3.1276818923e+03
1.9651852548e-01 3.0471304609e+03
2.0013596117e-01 2.9587524075e+03
2.0375339687e-01 2.8630683035e+03
2.0737083256e-01 2.7619844724e+03
2.1098826826e-01 2.6582070622e+03
2.1460570395e-01 2.5548231655e+03
2.1822313964e-01 2.4549390706e+03
2.2184057534e-01 2.3612211628e+03
2.2545801103e-01 2.2755748517e+03
2.2907543182e-01 2.1990970389e+03
2.3269286752e-01 2.1320459533e+03
2.3631030321e-01 2.0737867632e+03
2.3992773890e-01 2.0230182690e+03
2.4354517460e-01 1.9781680162e+03
2.4716261029e-01 1.9374928455e+03
2.5078004599e-01 1.8990395863e+03
2.5439748168e-01 1.8609462478e+03
2.5801491737e-01 1.8218790664e+03
2.6163235307e-01 1.7810967193e+03
2.6524978876e-01 1.7382733352e+03
2.6886722445e-01 1.6934738142e+03
2.7248466015e-01 1.6471801074e+03
2.7610209584e-01 1.6001826697e+03
2.7971953154e-01 1.5534316920e+03
2.8333693743e-01 1.5079230698e+03
2.8695437312e-01 1.4645359240e+03
2.9057180881e-01 1.4238877187e+03
2.9418924451e-01 1.3863221500e+03
2.9780668020e-01 1.3519567919e+03
3.0142411590e-01 1.3206829826e+03
3.0504155159e-01 1.2921681095e+03
3.0865898728e-01 1.2659063410e+03
3.1227642298e-01 1.2413020367e+03
3.1589385867e-01 1.2177569280e+03
3.1951129436e-01 1.1947378751e+03
3.2312873006e-01 1.1718054317e+03
3.2674616575e-01 1.1486371545e+03
3.3036360145e-01 1.1250710219e+03
3.3398103714e-01 1.1011080622e+03
3.3759847283e-01 1.0768652784e+03
3.4121590853e-01 1.0525461685e+03
3.4483334422e-01 1.0284318136e+03
3.4845077992e-01 1.0048248899e+03
3.5206821561e-01 9.8197859902e+02
3.5568562150e-01 9.6008821223e+02
3.5930305719e-01 9.3930421074e+02
3.6292049289e-01 9.1970943348e+02
3.6653792858e-01 9.0129051197e+02
3.7015536428e-01 8.8395243851e+02
3.7377279997e-01 8.6754667434e+02
3.7739023566e-01 8.5189445878e+02
3.8100767136e-01 8.3681200364e+02
3.8462510705e-01 8.2213443091e+02
3.8824254274e-01 8.0771600120e+02
3.9185997844e-01 7.9342811422e+02
3.9547741413e-01 7.7918273218e+02
3.9909484982e-01 7.6495517479e+02
4.0271228552e-01 7.5077492128e+02
4.0632972121e-01 7.3669841639e+02
4.0994715691e-01 7.2278901762e+02
4.1356459260e-01 7.0911773791e+02
4.1718202829e-01 6.9576370274e+02
4.2079946399e-01 6.8280403800e+02
4.2441689968e-01 6.7029553120e+02
4.2803430557e-01 6.5826503358e+02
4.3165174127e-01 6.4671157393e+02
4.3526917696e-01 6.3561435682e+02
4.3888661265e-01 6.2493853276e+02
4.4250404835e-01 6.1463851179e+02
4.4612148404e-01 6.0465962022e+02
4.4973891974e-01 5.9494164270e+02
4.5335635543e-01 5.8542636347e+02
4.5697379112e-01 5.7606876385e+02
4.6059122682e-01 5.6684199262e+02
4.6420866251e-01 5.5773153866e+02
4.6782609820e-01 5.4873037496e+02
4.7144353390e-01 5.3984015829e+02
4.7506096959e-01 5.3107408576e+02
4.7867840528e-01 5.2245323843e+02
4.8229584098e-01 5.1400223948e+02
4.8591327667e-01 5.0574439805e+02
4.8953071237e-01 4.9769525359e+02
4.9314814806e-01 4.8986149035e+02
4.9676558375e-01 4.8224430805e+02
5.0038301945e-01 4.7484367814e+02
5.0400042534e-01 4.6765520159e+02
5.0761789083e-01 4.6066559559e+02
5.1123529673e-01 4.5385377907e+02
5.1485276222e-01 4.4719812821e+02
5.1847016811e-01 4.4068090406e+02
5.2208763361e-01 4.3428936656e+02
5.2570503950e-01 4.2801237531e+02
5.2932250500e-01 4.2183918980e+02
5.3293991089e-01 4.1576046923e+02
5.3655731678e-01 4.0977298574e+02
5.4017478228e-01 4.0387988150e+02
5.4379218817e-01 3.9808726946e+02
5.4740965366e-01 3.9240017707e+02
5.5102705955e-01 3.8682074672e+02
5.5464452505e-01 3.8135106366e+02
5.5826193094e-01 3.7599492707e+02
5.6187939644e-01 3.7075667885e+02
5.6549680233e-01 3.6563691885e+02
5.6911426783e-01 3.6063170510e+02
5.7273167372e-01 3.5573463900e+02
5.7634913921e-01 3.5094006465e+02
5.7996654511e-01 3.4624364015e+02
6.2792295218e-01 2.9126507157e+02
7.6694667339e-01 1.8703864579e+02
9.3675053120e-01 1.1891433195e+02
1.1441495419e+00 7.4925946878e+01
1.3974671364e+00 4.6824165121e+01
1.7068715095e+00 2.9044631588e+01
2.0847771168e+00 1.7893401353e+01
2.5463521481e+00 1.0954893048e+01
3.1101210117e+00 6.6685855120e+00
3.7987093926e+00 4.0380433740e+00
4.6397581100e+00 2.4333138523e+00
5.6670117378e+00 1.4597553715e+00
