1.986811289938e-07 6.717072314274e-08 1.250360787298e-08 1.567731249662e-09 1.398471630196e-10 8.199201439513e-12 2.712852009541e-13 3.810738533324e-15 1.242446625409e-17 1.496642512361e-21 
6.717072314274e-08 1.826727433450e-07 8.630206483353e-08 2.549475075625e-08 4.725831466601e-09 5.542323031820e-10 3.710023869811e-11 1.099035071604e-12 8.168610895387e-15 2.603206207233e-18 
1.250360787298e-08 8.630206483353e-08 1.522820279372e-07 7.957352614266e-08 2.860760550337e-08 6.095390131015e-09 7.236767891875e-10 3.894206057380e-11 5.663630103917e-13 4.195789194727e-16 
1.567731249662e-09 2.549475075625e-08 7.957352614266e-08 1.309285296194e-07 6.972315611429e-08 2.670155977191e-08 5.538493680149e-09 5.234156352210e-10 1.409023038014e-11 2.300596564063e-14 
1.398471630196e-10 4.725831466601e-09 2.860760550337e-08 6.972315611429e-08 1.152079605715e-07 5.989359477815e-08 2.211219134934e-08 3.740261202612e-09 1.873878937640e-10 6.720619776131e-13 
8.199201439513e-12 5.542323031820e-10 6.095390131015e-09 2.670155977191e-08 5.989359477815e-08 1.027310913618e-07 5.034243493104e-08 1.590213996389e-08 1.559316410726e-09 1.293069238458e-11 
2.712852009541e-13 3.710023869811e-11 7.236767891875e-10 5.538493680149e-09 2.211219134934e-08 5.034243493104e-08 9.255158812567e-08 4.029596552685e-08 8.440517432978e-09 1.810676075541e-10 
3.810738533324e-15 1.099035071604e-12 3.894206057380e-11 5.234156352210e-10 3.740261202612e-09 1.590213996389e-08 4.029596552685e-08 8.273135846685e-08 2.803164824039e-08 1.883079583984e-09 
1.242446625409e-17 8.168610895387e-15 5.663630103917e-13 1.409023038014e-11 1.873878937640e-10 1.559316410726e-09 8.440517432978e-09 2.803164824039e-08 7.281977781757e-08 1.336012952755e-08 
1.496642512361e-21 2.603206207233e-18 4.195789194727e-16 2.300596564063e-14 6.720619776131e-13 1.293069238458e-11 1.810676075541e-10 1.883079583984e-09 1.336012952755e-08 5.590588044793e-08 
