z(iz=00)            wb(ip=00)           h(ip=01)           wm(ip=02)            ns(ip=03) 
1.2375000000e+00        0.022445000000000007        0.67        0.14364800000000003        0.9580799999999999
   k(h/Mpc)      Pk/s8^2(Mpc/h)^3 
7.0355977186e-06 5.0100169004e+01
7.5206098700e-06 5.3404425065e+01
8.0390564108e-06 5.6926599632e+01
8.5932442744e-06 6.0681076902e+01
9.1856354629e-06 6.4683162473e+01
9.8188638731e-06 6.8949185633e+01
1.0495745300e-05 7.3496554274e+01
1.1219289263e-05 7.8343821145e+01
1.1992711734e-05 8.3510755163e+01
1.2819450603e-05 8.9018429707e+01
1.3703183868e-05 9.4889327308e+01
1.4647837816e-05 1.0114737670e+02
1.5657613403e-05 1.0781810931e+02
1.6736999896e-05 1.1492872936e+02
1.7890795789e-05 1.2250823060e+02
1.9124130631e-05 1.3058751703e+02
2.0442488676e-05 1.3919953339e+02
2.1851728889e-05 1.4837936979e+02
2.3358117687e-05 1.5816444706e+02
2.4968352591e-05 1.6859464000e+02
2.6689593142e-05 1.7971244532e+02
2.8529490010e-05 1.9156313469e+02
3.0496221370e-05 2.0419495154e+02
3.2598534744e-05 2.1765933898e+02
3.4845776099e-05 2.3201108201e+02
3.7247933506e-05 2.4730853907e+02
3.9815688069e-05 2.6361391489e+02
4.2560455768e-05 2.8099347003e+02
4.5494442020e-05 2.9951780575e+02
4.8630685342e-05 3.1926207373e+02
5.1983130106e-05 3.4030636277e+02
5.5566681112e-05 3.6273596284e+02
5.9397272707e-05 3.8664171281e+02
6.3491934270e-05 4.1212031661e+02
6.7868866609e-05 4.3927471843e+02
7.2547532909e-05 4.6821455781e+02
7.7548735135e-05 4.9905652350e+02
8.2894701336e-05 5.3192476439e+02
8.8609194791e-05 5.6695142315e+02
9.4717637694e-05 6.0427724557e+02
1.0124716937e-04 6.4405177756e+02
1.0822682816e-04 6.8643430623e+02
1.1568764603e-04 7.3159425426e+02
1.2366278679e-04 7.7971182945e+02
1.3218770619e-04 8.3097879366e+02
1.4130031923e-04 8.8559926235e+02
1.5104110935e-04 9.4379014424e+02
1.6145341215e-04 1.0057826138e+03
1.7258350272e-04 1.0718223943e+03
1.8448085757e-04 1.1421710691e+03
1.9719838747e-04 1.2171071971e+03
2.1079262660e-04 1.2969271478e+03
2.2532400908e-04 1.3819464259e+03
2.4085713085e-04 1.4725008744e+03
2.5746106985e-04 1.5689481759e+03
2.7520960430e-04 1.6716687142e+03
2.9418169288e-04 1.7810678973e+03
3.1446164940e-04 1.8975766434e+03
3.3613966662e-04 2.0216538082e+03
3.5931204911e-04 2.1537868490e+03
3.8408191176e-04 2.2944950495e+03
4.1055929614e-04 2.4443293058e+03
4.3886195635e-04 2.6038755891e+03
4.6911570826e-04 2.7737557662e+03
5.0145509886e-04 2.9546300476e+03
5.3602381376e-04 3.1471977480e+03
5.7297560852e-04 3.3522007184e+03
6.1247474514e-04 3.5704237015e+03
6.5469677793e-04 3.8026962711e+03
6.9982954301e-04 4.0498954288e+03
7.4807356577e-04 4.3129444590e+03
7.9964339966e-04 4.5928162246e+03
8.5476832464e-04 4.8905321276e+03
9.1369333677e-04 5.2071616638e+03
9.7668042872e-04 5.5438222983e+03
1.0440096958e-03 5.9016768598e+03
1.1159804417e-03 6.2819290771e+03
1.1929126922e-03 6.6858189963e+03
1.2751482427e-03 7.1146131834e+03
1.3630529866e-03 7.5695983162e+03
1.4570176136e-03 8.0520623653e+03
1.5574598219e-03 8.5632791984e+03
1.6648261808e-03 9.1044862958e+03
1.7795939930e-03 9.6768570419e+03
1.9022736233e-03 1.0281469769e+04
2.0334103610e-03 1.0919269140e+04
2.1735872142e-03 1.1591027533e+04
2.3234274704e-03 1.2297301968e+04
2.4835972581e-03 1.3038389782e+04
2.6548085734e-03 1.3814287786e+04
2.8378227726e-03 1.4624657453e+04
3.0334533658e-03 1.5468793527e+04
3.2425699755e-03 1.6345606370e+04
3.4661025274e-03 1.7253614238e+04
3.7050447427e-03 1.8190941011e+04
3.9604585618e-03 1.9155323979e+04
4.2334804311e-03 2.0144130727e+04
4.5253229327e-03 2.1154357047e+04
4.8372847959e-03 2.2182649310e+04
5.1707518287e-03 2.3225285573e+04
5.5272071622e-03 2.4278177226e+04
5.9082354419e-03 2.5336838290e+04
6.3155302778e-03 2.6396353724e+04
6.7509030923e-03 2.7451339490e+04
7.2162891738e-03 2.8495884433e+04
7.7137574553e-03 2.9523490532e+04
8.2455193624e-03 3.0526997684e+04
8.8139399886e-03 3.1498497775e+04
9.4215450808e-03 3.2429223813e+04
1.0071036406e-02 3.3309434719e+04
1.0765301995e-02 3.4128274221e+04
1.1507427320e-02 3.4873627976e+04
1.2300713919e-02 3.5532010298e+04
1.3148685917e-02 3.6088511978e+04
1.4055115171e-02 3.6526920572e+04
1.5024030581e-02 3.6830103114e+04
1.6059739515e-02 3.6980815834e+04
1.7166847363e-02 3.6963053627e+04
1.8350275233e-02 3.6763967917e+04
1.9615285099e-02 3.6376170498e+04
2.0967502147e-02 3.5799954988e+04
2.2412935272e-02 3.5044732779e+04
2.3958012462e-02 3.4128971882e+04
2.5609601289e-02 3.3078333931e+04
2.7375046164e-02 3.1922341099e+04
2.9262196273e-02 3.0690532252e+04
3.1279440969e-02 2.9409206260e+04
3.3435747027e-02 2.8099510061e+04
3.5740699619e-02 2.6777016068e+04
3.8204550743e-02 2.5452429353e+04
4.0838252753e-02 2.4132875311e+04
4.3653514236e-02 2.2823250512e+04
4.6478152275e-02 2.1603996631e+04
4.9302790314e-02 2.0470360817e+04
5.2127432078e-02 1.9414310944e+04
5.4952070117e-02 1.8428947497e+04
5.7776708156e-02 1.7508292017e+04
6.0601349920e-02 1.6647102881e+04
6.3425987959e-02 1.5840732661e+04
6.6250629723e-02 1.5085013032e+04
6.9075264037e-02 1.4376174516e+04
7.1899905801e-02 1.3710781107e+04
7.4724547565e-02 1.3085697881e+04
7.7549181879e-02 1.2498046721e+04
8.0373823643e-02 1.1945177110e+04
8.3198465407e-02 1.1424653247e+04
8.6023099720e-02 1.0934228240e+04
8.8847741485e-02 1.0471825104e+04
9.1672383249e-02 1.0035530173e+04
9.5292858779e-02 9.5116735887e+03
9.8913334310e-02 9.0244068091e+03
1.0253380984e-01 8.5706476379e+03
1.0615429282e-01 8.1476053306e+03
1.0977476835e-01 7.7527544623e+03
1.1339524388e-01 7.3838032275e+03
1.1701571941e-01 7.0386732116e+03
1.2063620240e-01 6.7154765149e+03
1.2425667793e-01 6.4124992328e+03
1.2787716091e-01 6.1281797498e+03
1.3149763644e-01 5.8610983691e+03
1.3511811197e-01 5.6099593454e+03
1.3873858750e-01 5.3735809205e+03
1.4235906303e-01 5.1508836798e+03
1.4597953856e-01 4.9408806372e+03
1.4960001409e-01 4.7426683800e+03
1.5322048962e-01 4.5554191048e+03
1.5684096515e-01 4.3783734929e+03
1.6046145558e-01 4.2108336330e+03
1.6408193111e-01 4.0521599948e+03
1.6770240664e-01 3.9017621348e+03
1.7132288217e-01 3.7590968372e+03
1.7494335771e-01 3.6236632305e+03
1.7856383324e-01 3.4949990241e+03
1.8218430877e-01 3.3726771046e+03
1.8580478430e-01 3.2563024776e+03
1.8942527473e-01 3.1455090570e+03
1.9304575026e-01 3.0399589562e+03
1.9666622579e-01 2.9393374943e+03
2.0028670132e-01 2.8433529920e+03
2.0390717685e-01 2.7517344383e+03
2.0752765238e-01 2.6642298054e+03
2.1114812791e-01 2.5806045174e+03
2.1476860344e-01 2.5006400497e+03
2.1838907898e-01 2.4241326631e+03
2.2200956941e-01 2.3508919531e+03
2.2563004494e-01 2.2807409834e+03
2.2925052047e-01 2.2135135174e+03
2.3287099600e-01 2.1490543582e+03
2.3649147153e-01 2.0872182326e+03
2.4011194706e-01 2.0278690560e+03
2.4373242259e-01 1.9708792593e+03
2.4735289812e-01 1.9161291670e+03
2.5097337365e-01 1.8635064307e+03
2.5459384918e-01 1.8129055085e+03
2.5821432471e-01 1.7642271832e+03
2.6183480024e-01 1.7173781221e+03
2.6545527577e-01 1.6722704709e+03
2.6907578111e-01 1.6288211271e+03
2.7269625664e-01 1.5869528117e+03
2.7631673217e-01 1.5465916059e+03
2.7993720770e-01 1.5076680988e+03
2.8355768323e-01 1.4701167512e+03
2.8717815876e-01 1.4338756438e+03
2.9079863429e-01 1.3988862428e+03
2.9441910982e-01 1.3650931844e+03
2.9803958535e-01 1.3324440740e+03
3.0166006088e-01 1.3008893001e+03
3.0528053641e-01 1.2703818610e+03
3.0890101194e-01 1.2408772049e+03
3.1252148747e-01 1.2123330803e+03
3.1614196301e-01 1.1847093964e+03
3.1976243854e-01 1.1579680947e+03
3.2338291407e-01 1.1320730277e+03
3.2700338960e-01 1.1069898468e+03
3.3062389493e-01 1.0826857005e+03
3.3424437046e-01 1.0591299301e+03
3.3786484599e-01 1.0362927785e+03
3.4148532152e-01 1.0141461111e+03
3.4510579705e-01 9.9266313262e+02
3.4872627258e-01 9.7181831210e+02
3.5234674811e-01 9.5158731336e+02
3.5596722364e-01 9.3194692917e+02
3.5958769917e-01 9.1287501969e+02
3.6320817471e-01 8.9435045513e+02
3.6682865024e-01 8.7635306149e+02
3.7044912577e-01 8.5886356976e+02
3.7406960130e-01 8.4186356841e+02
3.7769007683e-01 8.2533545850e+02
3.8131055236e-01 8.0926241148e+02
3.8493102789e-01 7.9362832975e+02
3.8855153322e-01 7.7841768571e+02
3.9217200875e-01 7.6361598400e+02
3.9579248428e-01 7.4920897745e+02
3.9941295981e-01 7.3518313999e+02
4.0303343535e-01 7.2152551035e+02
4.0665391088e-01 7.0822366434e+02
4.1027438641e-01 6.9526568869e+02
4.1389486194e-01 6.8264015633e+02
4.1751533747e-01 6.7033610305e+02
4.2113581300e-01 6.5834300549e+02
4.2475628853e-01 6.4665076020e+02
4.2837676406e-01 6.3524966404e+02
4.3199723959e-01 6.2413039543e+02
4.3561771512e-01 6.1328399674e+02
4.3923819065e-01 6.0270185754e+02
4.4285866618e-01 5.9237569881e+02
4.4647914171e-01 5.8229755785e+02
4.5009964704e-01 5.7245969412e+02
4.5372012258e-01 5.6285489761e+02
4.5734059811e-01 5.5347599031e+02
4.6096107364e-01 5.4431613981e+02
4.6458154917e-01 5.3536876588e+02
4.6820202470e-01 5.2662752947e+02
4.7182250023e-01 5.1808632227e+02
4.7544297576e-01 5.0973925690e+02
4.7906345129e-01 5.0158065741e+02
4.8268392682e-01 4.9360505039e+02
4.8630440235e-01 4.8580715646e+02
4.8992487788e-01 4.7818188211e+02
4.9354535341e-01 4.7072431204e+02
4.9716582894e-01 4.6342970181e+02
5.0078630447e-01 4.5629347081e+02
5.0440680981e-01 4.4931113879e+02
5.0802725554e-01 4.4247860371e+02
5.1164776087e-01 4.3579151273e+02
5.1526820660e-01 4.2924609723e+02
5.1888871193e-01 4.2283828628e+02
5.2250915766e-01 4.1656456373e+02
5.2612966299e-01 4.1042111898e+02
5.2975010872e-01 4.0440466873e+02
5.3337061405e-01 3.9851164303e+02
5.3699105978e-01 3.9273897352e+02
5.4061156511e-01 3.8708331293e+02
5.4423207045e-01 3.8154170123e+02
5.4785251617e-01 3.7611126831e+02
5.5147302151e-01 3.7078897051e+02
5.5509346724e-01 3.6557220852e+02
5.5871397257e-01 3.6045812282e+02
5.6233441830e-01 3.5544427782e+02
5.6595492363e-01 3.5052798496e+02
5.6957536936e-01 3.4570696038e+02
5.7319587469e-01 3.4097867439e+02
5.7681632042e-01 3.3634098390e+02
5.8043682575e-01 3.3179150694e+02
6.2843209505e-01 2.7887350952e+02
7.6756852865e-01 1.7889668245e+02
9.3751013279e-01 1.1375367016e+02
1.1450772285e+00 7.1740753803e+01
1.3986002207e+00 4.4899736276e+01
1.7082554102e+00 2.7900908263e+01
2.0864677429e+00 1.7222555103e+01
2.5484168529e+00 1.0565155617e+01
3.1126427650e+00 6.4437391182e+00
3.8017895222e+00 3.9089383090e+00
4.6435198784e+00 2.3594034312e+00
5.6716070175e+00 1.4175060065e+00
