z(iz=00)            wb(ip=00)           h(ip=01)           wm(ip=02)            ns(ip=03) 
2.8000000000e+00        0.022445000000000007        0.67        0.14364800000000003        0.9580799999999999
   k(h/Mpc)      Pk/s8^2(Mpc/h)^3 
7.0355977186e-06 4.9981476225e+01
7.5206098700e-06 5.3277904186e+01
8.0390564108e-06 5.6791734387e+01
8.5932442744e-06 6.0537316952e+01
9.1856354629e-06 6.4529921220e+01
9.8188638731e-06 6.8785837798e+01
1.0495745300e-05 7.3322433340e+01
1.1219289263e-05 7.8158216649e+01
1.1992711734e-05 8.3312909813e+01
1.2819450603e-05 8.8807536293e+01
1.3703183868e-05 9.4664525367e+01
1.4647837816e-05 1.0090774909e+02
1.5657613403e-05 1.0756267841e+02
1.6736999896e-05 1.1465645313e+02
1.7890795789e-05 1.2221799832e+02
1.9124130631e-05 1.3027814480e+02
2.0442488676e-05 1.3886975928e+02
2.1851728889e-05 1.4802784877e+02
2.3358117687e-05 1.5778974551e+02
2.4968352591e-05 1.6819522989e+02
2.6689593142e-05 1.7928669798e+02
2.8529490010e-05 1.9110931430e+02
3.0496221370e-05 2.0371120808e+02
3.2598534744e-05 2.1714370068e+02
3.4845776099e-05 2.3146144745e+02
3.7247933506e-05 2.4672266875e+02
3.9815688069e-05 2.6298942217e+02
4.2560455768e-05 2.8032781154e+02
4.5494442020e-05 2.9880827119e+02
4.8630685342e-05 3.1850577514e+02
5.1983130106e-05 3.3950022293e+02
5.5566681112e-05 3.6187670303e+02
5.9397272707e-05 3.8572583979e+02
6.3491934270e-05 4.1114410890e+02
6.7868866609e-05 4.3823421166e+02
7.2547532909e-05 4.6710552909e+02
7.7548735135e-05 4.9787447496e+02
8.2894701336e-05 5.3066490585e+02
8.8609194791e-05 5.6560865349e+02
9.4717637694e-05 6.0284613281e+02
1.0124716937e-04 6.4252653855e+02
1.0822682816e-04 6.8480878418e+02
1.1568764603e-04 7.2986189544e+02
1.2366278679e-04 7.7786565855e+02
1.3218770619e-04 8.2901138743e+02
1.4130031923e-04 8.8350272159e+02
1.5104110935e-04 9.4155606490e+02
1.6145341215e-04 1.0034020549e+03
1.7258350272e-04 1.0692858455e+03
1.8448085757e-04 1.1394684155e+03
1.9719838747e-04 1.2142276816e+03
2.1079262660e-04 1.2938593324e+03
2.2532400908e-04 1.3786781500e+03
2.4085713085e-04 1.4690192111e+03
2.5746106985e-04 1.5652393855e+03
2.7520960430e-04 1.6677181963e+03
2.9418169288e-04 1.7768601387e+03
3.1446164940e-04 1.8930951661e+03
3.3613966662e-04 2.0168811125e+03
3.5931204911e-04 2.1487043572e+03
3.8408191176e-04 2.2890830435e+03
4.1055929614e-04 2.4385668679e+03
4.3886195635e-04 2.5977405361e+03
4.6911570826e-04 2.7672245856e+03
5.0145509886e-04 2.9476778306e+03
5.3602381376e-04 3.1397981255e+03
5.7297560852e-04 3.3443257923e+03
6.1247474514e-04 3.5620439815e+03
6.5469677793e-04 3.7937806124e+03
6.9982954301e-04 4.0404109709e+03
7.4807356577e-04 4.3028565752e+03
7.9964339966e-04 4.5820884731e+03
8.5476832464e-04 4.8791262154e+03
9.1369333677e-04 5.1950374241e+03
9.7668042872e-04 5.5309376815e+03
1.0440096958e-03 5.8879879465e+03
1.1159804417e-03 6.2673901189e+03
1.1929126922e-03 6.6703824872e+03
1.2751482427e-03 7.0982299754e+03
1.3630529866e-03 7.5522177749e+03
1.4570176136e-03 8.0336325949e+03
1.5574598219e-03 8.5437473313e+03
1.6648261808e-03 9.0837988639e+03
1.7795939930e-03 9.6549604443e+03
1.9022736233e-03 1.0258310843e+04
2.0334103610e-03 1.0894795852e+04
2.1735872142e-03 1.1565189791e+04
2.3234274704e-03 1.2270052557e+04
2.4835972581e-03 1.3009685424e+04
2.6548085734e-03 1.3784090311e+04
2.8378227726e-03 1.4592935051e+04
3.0334533658e-03 1.5435522068e+04
3.2425699755e-03 1.6310770746e+04
3.4661025274e-03 1.7217209691e+04
3.7050447427e-03 1.8152974409e+04
3.9604585618e-03 1.9115815012e+04
4.2334804311e-03 2.0103112968e+04
4.5253229327e-03 2.1111878896e+04
4.8372847959e-03 2.2138774757e+04
5.1707518287e-03 2.3180094807e+04
5.5272071622e-03 2.4231767046e+04
5.9082354419e-03 2.5289322324e+04
6.3155302778e-03 2.6347862433e+04
6.7509030923e-03 2.7402019932e+04
7.2162891738e-03 2.8445899778e+04
7.7137574553e-03 2.9473019301e+04
8.2455193624e-03 3.0476232713e+04
8.8139399886e-03 3.1447644877e+04
9.4215450808e-03 3.2378500171e+04
1.0071036406e-02 3.3259067000e+04
1.0765301995e-02 3.4078496432e+04
1.1507427320e-02 3.4824679074e+04
1.2300713919e-02 3.5484131527e+04
1.3148685917e-02 3.6041943870e+04
1.4055115171e-02 3.6481899508e+04
1.5024030581e-02 3.6786857242e+04
1.6059739515e-02 3.6939560142e+04
1.7166847363e-02 3.6923983987e+04
1.8350275233e-02 3.6727254114e+04
1.9615285099e-02 3.6341948636e+04
2.0967502147e-02 3.5768320141e+04
2.2412935272e-02 3.5015733242e+04
2.3958012462e-02 3.4102606484e+04
2.5609601289e-02 3.3054553421e+04
2.7375046164e-02 3.1901053675e+04
2.9262196273e-02 3.0671612207e+04
3.1279440969e-02 2.9392504047e+04
3.3435747027e-02 2.8084862019e+04
3.5740699619e-02 2.6764252599e+04
3.8204550743e-02 2.5441381027e+04
4.0838252753e-02 2.4123376982e+04
4.3653514236e-02 2.2815143873e+04
4.6478152275e-02 2.1597061844e+04
4.9302790314e-02 2.0464414309e+04
5.2127432078e-02 1.9409201850e+04
5.4952070117e-02 1.8424551019e+04
5.7776708156e-02 1.7504504303e+04
6.0601349920e-02 1.6643837039e+04
6.3425987959e-02 1.5837915631e+04
6.6250629723e-02 1.5082583108e+04
6.9075264037e-02 1.4374079370e+04
7.1899905801e-02 1.3708976197e+04
7.4724547565e-02 1.3084145158e+04
7.7549181879e-02 1.2496713579e+04
8.0373823643e-02 1.1944035523e+04
8.3198465407e-02 1.1423679057e+04
8.6023099720e-02 1.0933400565e+04
8.8847741485e-02 1.0471125854e+04
9.1672383249e-02 1.0034943634e+04
9.5292858779e-02 9.5112117614e+03
9.8913334310e-02 9.0240508037e+03
1.0253380984e-01 8.5703815415e+03
1.0615429282e-01 8.1474156974e+03
1.0977476835e-01 7.7526298984e+03
1.1339524388e-01 7.3837340530e+03
1.1701571941e-01 7.0386511821e+03
1.2063620240e-01 6.7154945929e+03
1.2425667793e-01 6.4125513984e+03
1.2787716091e-01 6.1282608436e+03
1.3149763644e-01 5.8612039615e+03
1.3511811197e-01 5.6100856272e+03
1.3873858750e-01 5.3737246114e+03
1.4235906303e-01 5.1510419516e+03
1.4597953856e-01 4.9410510484e+03
1.4960001409e-01 4.7428488212e+03
1.5322048962e-01 4.5556077522e+03
1.5684096515e-01 4.3785687688e+03
1.6046145558e-01 4.2110341719e+03
1.6408193111e-01 4.0523646147e+03
1.6770240664e-01 3.9019698126e+03
1.7132288217e-01 3.7593066877e+03
1.7494335771e-01 3.6238744881e+03
1.7856383324e-01 3.4952110272e+03
1.8218430877e-01 3.3728892822e+03
1.8580478430e-01 3.2565143376e+03
1.8942527473e-01 3.1457201760e+03
1.9304575026e-01 3.0401689708e+03
1.9666622579e-01 2.9395460939e+03
2.0028670132e-01 2.8435599116e+03
2.0390717685e-01 2.7519394531e+03
2.0752765238e-01 2.6644327257e+03
2.1114812791e-01 2.5808051840e+03
2.1476860344e-01 2.5008383307e+03
2.1838907898e-01 2.4243284498e+03
2.2200956941e-01 2.3510851575e+03
2.2563004494e-01 2.2809315356e+03
2.2925052047e-01 2.2137013632e+03
2.3287099600e-01 2.1492394571e+03
2.3649147153e-01 2.0874005562e+03
2.4011194706e-01 2.0280485865e+03
2.4373242259e-01 1.9710559878e+03
2.4735289812e-01 1.9163030927e+03
2.5097337365e-01 1.8636775597e+03
2.5459384918e-01 1.8130738528e+03
2.5821432471e-01 1.7643927601e+03
2.6183480024e-01 1.7175409531e+03
2.6545527577e-01 1.6724305814e+03
2.6907578111e-01 1.6289785459e+03
2.7269625664e-01 1.5871075701e+03
2.7631673217e-01 1.5467437377e+03
2.7993720770e-01 1.5078176396e+03
2.8355768323e-01 1.4702637382e+03
2.8717815876e-01 1.4340201154e+03
2.9079863429e-01 1.3990282386e+03
2.9441910982e-01 1.3652327446e+03
2.9803958535e-01 1.3325812395e+03
3.0166006088e-01 1.3010241121e+03
3.0528053641e-01 1.2705143610e+03
3.0890101194e-01 1.2410074346e+03
3.1252148747e-01 1.2124610812e+03
3.1614196301e-01 1.1848352100e+03
3.1976243854e-01 1.1580917623e+03
3.2338291407e-01 1.1321945903e+03
3.2700338960e-01 1.1071093449e+03
3.3062389493e-01 1.0828031743e+03
3.3424437046e-01 1.0592454194e+03
3.3786484599e-01 1.0364063225e+03
3.4148532152e-01 1.0142577485e+03
3.4510579705e-01 9.9277290146e+02
3.4872627258e-01 9.7192624993e+02
3.5234674811e-01 9.5169345708e+02
3.5596722364e-01 9.3205131504e+02
3.5958769917e-01 9.1297768334e+02
3.6320817471e-01 8.9445143152e+02
3.6682865024e-01 8.7645238492e+02
3.7044912577e-01 8.5896127388e+02
3.7406960130e-01 8.4195968620e+02
3.7769007683e-01 8.2543002228e+02
3.8131055236e-01 8.0935545292e+02
3.8493102789e-01 7.9371987984e+02
3.8855153322e-01 7.7850777479e+02
3.9217200875e-01 7.6370464180e+02
3.9579248428e-01 7.4929623303e+02
3.9941295981e-01 7.3526902180e+02
4.0303343535e-01 7.2161004619e+02
4.0665391088e-01 7.0830688143e+02
4.1027438641e-01 6.9534761364e+02
4.1389486194e-01 6.8272081513e+02
4.1751533747e-01 6.7041552115e+02
4.2113581300e-01 6.5842120773e+02
4.2475628853e-01 6.4672777089e+02
4.2837676406e-01 6.3532550692e+02
4.3199723959e-01 6.2420509372e+02
4.3561771512e-01 6.1335757311e+02
4.3923819065e-01 6.0277433416e+02
4.4285866618e-01 5.9244709734e+02
4.4647914171e-01 5.8236789945e+02
4.5009964704e-01 5.7252899946e+02
4.5372012258e-01 5.6292318693e+02
4.5734059811e-01 5.5354328333e+02
4.6096107364e-01 5.4438245584e+02
4.6458154917e-01 5.3543412378e+02
4.6820202470e-01 5.2669194766e+02
4.7182250023e-01 5.1814981875e+02
4.7544297576e-01 5.0980184927e+02
4.7906345129e-01 5.0164236287e+02
4.8268392682e-01 4.9366588575e+02
4.8630440235e-01 4.8586713813e+02
4.8992487788e-01 4.7824102613e+02
4.9354535341e-01 4.7078263411e+02
4.9716582894e-01 4.6348721727e+02
5.0078630447e-01 4.5635019465e+02
5.0440680981e-01 4.4936708564e+02
5.0802725554e-01 4.4253378791e+02
5.1164776087e-01 4.3584594827e+02
5.1526820660e-01 4.2929979782e+02
5.1888871193e-01 4.2289126529e+02
5.2250915766e-01 4.1661683426e+02
5.2612966299e-01 4.1047269381e+02
5.2975010872e-01 4.0445556039e+02
5.3337061405e-01 3.9856186375e+02
5.3699105978e-01 3.9278853528e+02
5.4061156511e-01 3.8713222743e+02
5.4423207045e-01 3.8158997993e+02
5.4785251617e-01 3.7615892242e+02
5.5147302151e-01 3.7083601098e+02
5.5509346724e-01 3.6561864608e+02
5.5871397257e-01 3.6050396797e+02
5.6233441830e-01 3.5548954082e+02
5.6595492363e-01 3.5057267586e+02
5.6957536936e-01 3.4575108902e+02
5.7319587469e-01 3.4102225038e+02
5.7681632042e-01 3.3638401667e+02
5.8043682575e-01 3.3183400571e+02
6.2843209505e-01 2.7890971385e+02
7.6756852865e-01 1.7892055303e+02
9.3751013279e-01 1.1376915961e+02
1.1450772285e+00 7.1750671043e+01
1.3986002207e+00 4.4906013457e+01
1.7082554102e+00 2.7904842018e+01
2.0864677429e+00 1.7224998762e+01
2.5484168529e+00 1.0566661843e+01
3.1126427650e+00 6.4446610779e+00
3.8017895222e+00 3.9094991094e+00
4.6435198784e+00 2.3597426175e+00
5.6716070175e+00 1.4177101004e+00
