2.751704010105e-10 7.303165422914e-10 1.020880651616e-09 1.212917940860e-09 1.352441027374e-09 1.463385046365e-09 1.558432739208e-09 1.645927828639e-09 1.734719635323e-09 1.856293045280e-09 
2.563492310662e-11 2.143518626969e-10 5.216966978919e-10 8.192058878409e-10 1.061631903945e-09 1.257083731718e-09 1.424089298369e-09 1.577682569527e-09 1.733537880206e-09 1.946951302129e-09 
1.635633722588e-12 3.499547263223e-11 1.652945183156e-10 3.991203883464e-10 6.634435105910e-10 8.996418244903e-10 1.103018910017e-09 1.289252093144e-09 1.478006658647e-09 1.736452397663e-09 
-8.034300927786e-14 5.263806776625e-13 2.330811608170e-11 1.261838083483e-10 3.259521269882e-10 5.632832066615e-10 7.881935438522e-10 9.957536447374e-10 1.205111535053e-09 1.491462018704e-09 
-3.267029667285e-14 -1.023350896460e-12 -2.871292242874e-12 1.682967172733e-11 1.061993289446e-10 2.801525289879e-10 4.986118478629e-10 7.205099413067e-10 9.446907443841e-10 1.249481091731e-09 
-3.081005205596e-15 -1.938666371773e-13 -1.689649163699e-12 -3.365436856469e-12 1.290789846378e-11 8.717627639386e-11 2.450836127060e-10 4.613770320984e-10 6.982459263094e-10 1.016058105686e-09 
-1.200931217330e-16 -1.547847500972e-14 -2.767934085309e-13 -1.812310734215e-12 -4.788882442953e-12 3.223617309994e-12 6.314014829175e-11 2.193956607623e-10 4.579932867333e-10 7.894408740791e-10 
-1.866975895097e-18 -5.473092877666e-16 -1.974244713797e-14 -2.678832634976e-13 -1.883875088717e-12 -7.251026401360e-12 -1.086448311518e-11 3.199122919689e-11 2.094006464122e-10 5.597402368048e-10 
-7.697543961087e-21 -5.426227170211e-18 -4.018323068453e-16 -1.070244902861e-14 -1.535641784519e-13 -1.395610449656e-12 -8.301424360980e-12 -2.840843645201e-11 -1.278939656999e-11 2.952579793937e-10 
-1.512379217827e-24 -2.887706514886e-21 -5.102017920203e-19 -3.071372038277e-17 -9.883617106876e-16 -2.109969161210e-14 -3.324612141357e-13 -3.969978477064e-12 -3.208656324956e-11 -1.268968686143e-12 
