3.217929723445e-09 7.423419142838e-09 9.843188928646e-09 1.141243918393e-08 1.254969328543e-08 1.345397861773e-08 1.422873494853e-08 1.494193277289e-08 1.566570124323e-08 1.665683538185e-08 
1.935549407519e-10 1.535944477115e-09 3.631380344017e-09 5.620427391476e-09 7.232391791888e-09 8.531563562748e-09 9.641866398092e-09 1.066303086750e-08 1.169923464555e-08 1.311824761508e-08 
1.134348616296e-11 2.331847971287e-10 1.078160984962e-09 2.578396377502e-09 4.272159267101e-09 5.788864422151e-09 7.096334857112e-09 8.293719081654e-09 9.507246428136e-09 1.116892426678e-08 
-4.941720047060e-13 3.586183807616e-12 1.482876128472e-10 8.030124822689e-10 2.085023668039e-09 3.622277927001e-09 5.088456593550e-09 6.444411410504e-09 7.811973690705e-09 9.682305014239e-09 
-2.086474390907e-13 -6.613197702605e-12 -1.936047139911e-11 1.049483481118e-10 6.845776565679e-10 1.833935547566e-09 3.301509112170e-09 4.807815403357e-09 6.332595839339e-09 8.404440586185e-09 
-1.993924611969e-14 -1.273013781434e-12 -1.132498030436e-11 -2.409206758699e-11 7.973825953795e-11 5.783508773030e-10 1.674277084578e-09 3.213990082125e-09 4.919826851826e-09 7.208374506473e-09 
-7.955807864314e-16 -1.046009456389e-13 -1.913987593225e-12 -1.294714448610e-11 -3.660130270066e-11 1.170054832044e-11 4.351086818449e-10 1.595919265656e-09 3.425958489262e-09 5.992469175155e-09 
-1.289582075054e-17 -3.880643177970e-15 -1.434866651649e-13 -1.997604554196e-12 -1.448156513077e-11 -5.827335048719e-11 -9.906594258892e-11 2.117196463052e-10 1.643619125757e-09 4.606249433207e-09 
-5.698357145329e-20 -4.113454326690e-17 -3.112590119670e-15 -8.474547646887e-14 -1.246581694642e-12 -1.168761460149e-11 -7.259700416139e-11 -2.667368244046e-10 -1.935994928270e-10 2.681036761699e-09 
-1.246080316003e-23 -2.428525900273e-20 -4.379241239823e-18 -2.693036518117e-16 -8.866487728188e-15 -1.941984170231e-13 -3.156180904842e-12 -3.927552696574e-11 -3.376182392929e-10 -9.891942555485e-11 
