2.083108366503e-09 4.926811900885e-09 6.580463573420e-09 7.653353593494e-09 8.430813132685e-09 9.048998370695e-09 9.578637309579e-09 1.006619406601e-08 1.056097676519e-08 1.123841932850e-08 
1.339826256398e-10 1.062134437861e-09 2.505799051471e-09 3.870090079424e-09 4.972565084334e-09 5.860379393966e-09 6.619138475864e-09 7.317014541160e-09 8.025173366739e-09 8.994856799342e-09 
7.867717864756e-12 1.607780408469e-10 7.378651588060e-10 1.752103491525e-09 2.887271573010e-09 3.898898470105e-09 4.770003157148e-09 5.567836474843e-09 6.376486789578e-09 7.483700399810e-09 
-3.188200777097e-13 2.910864078694e-12 1.018136357245e-10 5.385136768097e-10 1.380438523583e-09 2.379465707112e-09 3.327485778462e-09 4.203288051195e-09 5.086719035475e-09 6.294965524225e-09 
-1.372115725999e-13 -4.271878836173e-12 -1.187317304870e-11 7.075562152532e-11 4.451098104446e-10 1.176663281895e-09 2.101922295176e-09 3.047053186429e-09 4.003081318729e-09 5.302446554443e-09 
-1.291894274728e-14 -8.137042678024e-13 -7.129284106728e-12 -1.458124171970e-11 5.249554922743e-11 3.659323099752e-10 1.044825506245e-09 1.988944171465e-09 3.030759747166e-09 4.428724353397e-09 
-5.052451244049e-16 -6.562012200166e-14 -1.187311434283e-12 -7.921867987899e-12 -2.182203391350e-11 9.811996207726e-12 2.696191711132e-10 9.692791507681e-10 2.062985685786e-09 3.593663960504e-09 
-8.003813520192e-18 -2.382465900170e-15 -8.724827117050e-14 -1.203264000685e-12 -8.635964554142e-12 -3.433663286861e-11 -5.687200071414e-11 1.306477904082e-10 9.761964067976e-10 2.706548128646e-09 
-3.441308646948e-20 -2.464078846812e-17 -1.852841108772e-15 -5.018062116432e-14 -7.344232224990e-13 -6.845488685982e-12 -4.214828750310e-11 -1.521968287506e-10 -9.968222955776e-11 1.538953387267e-09 
-7.321331763184e-24 -1.421441709953e-20 -2.552696536028e-18 -1.562279404198e-16 -5.114111214660e-15 -1.112292310555e-13 -1.792180575771e-12 -2.208280575663e-11 -1.888090443321e-10 -5.560975829314e-11 
