4.573818665014e-10 1.187128414519e-09 1.643060921673e-09 1.942769606704e-09 2.160326659802e-09 2.333316703918e-09 2.481523318933e-09 2.617953674457e-09 2.756406113800e-09 2.946004687008e-09 
3.957614331885e-11 3.256522263349e-10 7.842016373005e-10 1.223734466210e-09 1.580413004976e-09 1.867770077115e-09 2.113326886610e-09 2.339172629989e-09 2.568345822263e-09 2.882183634759e-09 
2.468889130867e-12 5.188868909397e-11 2.419764885249e-10 5.790579802133e-10 9.573631111756e-10 1.294540781301e-09 1.584737010967e-09 1.850490265296e-09 2.119852272883e-09 2.488694065195e-09 
-1.101009249251e-13 9.107217486961e-13 3.390852422215e-11 1.801481097397e-10 4.620020338815e-10 7.954628370853e-10 1.110794740928e-09 1.401726313033e-09 1.695205490112e-09 2.096642859468e-09 
-4.598327037218e-14 -1.429654395479e-12 -3.933147056835e-12 2.395698933339e-11 1.491698531043e-10 3.913177324348e-10 6.943826348656e-10 1.002015612718e-09 1.312800643713e-09 1.735372597120e-09 
-4.319458976774e-15 -2.705372302873e-13 -2.342840589346e-12 -4.587752746664e-12 1.811377879899e-11 1.207762354364e-10 3.387273658591e-10 6.371290293052e-10 9.637207572545e-10 1.401977395019e-09 
-1.671300614334e-16 -2.142645353616e-14 -3.819351381191e-13 -2.497295999947e-12 -6.599125322936e-12 4.480722446560e-12 8.722959475936e-11 3.023634433634e-10 6.304867480058e-10 1.086726802087e-09 
-2.576190520095e-18 -7.546769682047e-16 -2.722279863937e-14 -3.691488618507e-13 -2.591379414023e-12 -9.946327842015e-12 -1.490091718592e-11 4.350379154750e-11 2.873209515508e-10 7.715788421443e-10 
-1.061068476026e-20 -7.469673598378e-18 -5.523116799029e-16 -1.469816363987e-14 -2.110362472771e-13 -1.923880294745e-12 -1.151882735771e-11 -3.980366537304e-11 -1.879462166978e-11 4.111430343191e-10 
-2.080868920419e-24 -3.983852832927e-21 -7.061537804690e-19 -4.265335129149e-17 -1.376811042367e-15 -2.946558888084e-14 -4.650806578931e-13 -5.561033726061e-12 -4.521684273998e-11 -4.531442731482e-12 
