2.343455673793e-10 6.253631144562e-10 8.764919988574e-10 1.042743335254e-09 1.163568240369e-09 1.259645277201e-09 1.341955721738e-09 1.417725615609e-09 1.494618508075e-09 1.599916737943e-09 
2.226295671466e-11 1.869892770962e-10 4.565456519283e-10 7.183324916277e-10 9.319452309296e-10 1.104223566541e-09 1.251426577347e-09 1.386805540373e-09 1.524178129758e-09 1.712300964002e-09 
1.432086188200e-12 3.078065933758e-11 1.459795907223e-10 3.533906427900e-10 5.884161328591e-10 7.987093563894e-10 9.798097385542e-10 1.145641635686e-09 1.313717161501e-09 1.543864616831e-09 
-7.165225107534e-14 4.558287323547e-13 2.065521256426e-11 1.122950207437e-10 2.909474139559e-10 5.035442482965e-10 7.051174120898e-10 8.911926365734e-10 1.078877355753e-09 1.335595526356e-09 
-2.910777869904e-14 -9.160968391733e-13 -2.591122087396e-12 1.505200655923e-11 9.528549359729e-11 2.515110120006e-10 4.479984913704e-10 6.477945555836e-10 8.496455073586e-10 1.124082669515e-09 
-2.759691409196e-15 -1.738868884950e-13 -1.515446967773e-12 -3.018944999346e-12 1.156419553795e-11 7.836273555851e-11 2.209390772193e-10 4.164257577397e-10 6.304646160673e-10 9.176876516218e-10 
-1.077527019093e-16 -1.389781065744e-14 -2.490805399453e-13 -1.636386877873e-12 -4.339482454286e-12 2.929563088154e-12 5.725966454169e-11 1.985276256118e-10 4.142195948846e-10 7.140539622824e-10 
-1.680643566985e-18 -4.941912702508e-16 -1.785036296319e-14 -2.421200529649e-13 -1.699800345454e-12 -6.530474944652e-12 -9.810583234028e-12 2.870427906047e-11 1.893556833486e-10 5.069152186071e-10 
-6.961041168281e-21 -4.900839915899e-18 -3.625581767726e-16 -9.656971252201e-15 -1.387558183052e-13 -1.264385198658e-12 -7.542439650411e-12 -2.578395849601e-11 -1.107999659827e-11 2.674888049349e-10 
-1.368612939780e-24 -2.618227247754e-21 -4.632740318869e-19 -2.790797263239e-17 -8.977148054080e-16 -1.913114362575e-14 -3.004506233113e-13 -3.572420137573e-12 -2.885644857913e-11 -1.180002921650e-12 
