-8.7270319885504667e-10 1.1706693962184653e-09 1.7014676865625620e-09 2.0175360706290151e-09 2.2436492707234783e-09 2.4231412698162224e-09 2.5768962278589439e-09 2.7184321932990876e-09 2.8620653214655974e-09 3.0587718283543265e-09 
-3.4923427907336329e-09 -1.4699696036964490e-10 7.2161978773534133e-10 1.2530018654631139e-09 1.6340386267573186e-09 1.9326581314874283e-09 2.1867129098109393e-09 2.4202692859887893e-09 2.6572600485512961e-09 2.9818176552424788e-09 
-5.0186822840266442e-09 -1.0950318074403387e-09 -1.0637490467664419e-10 5.0839238303744101e-10 9.7200653941526058e-10 1.3347698589076341e-09 1.6363222309119931e-09 1.9107978116131242e-09 2.1888396587970558e-09 2.5695718492686148e-09 
-6.0845223034150692e-09 -1.8064832829263136e-09 -7.3565188436637371e-10 -9.8288653679969006e-11 3.9595739003861424e-10 8.0448766954592142e-10 1.1436963224167426e-09 1.4454844220282079e-09 1.7481631810955515e-09 2.1620427724632515e-09 
-6.8822685780902235e-09 -2.3753423869792649e-09 -1.2294809761978924e-09 -5.6547836541066638e-10 -8.0502134816278072e-11 3.3477263547338696e-10 7.0275581581551667e-10 1.0312886998202579e-09 1.3526507272174532e-09 1.7880563338718706e-09 
-7.5081594021278176e-09 -2.8522066942534867e-09 -1.6556558664720286e-09 -9.5351687448492235e-10 -4.6499601564449589e-10 -7.1530666146350617e-11 2.9448208988753343e-10 6.4800054477955480e-10 9.9209956879496004e-10 1.4437681028908292e-09 
-8.0132800825142244e-09 -3.2631508223821757e-09 -2.0388167250705759e-09 -1.3104537162000402e-09 -7.9941421661928287e-10 -4.1071311568876842e-10 -7.5253904263636785e-11 2.7130014736816821e-10 6.4517429221305777e-10 1.1185235636842061e-09 
-8.4407842718520827e-09 -3.6339423948075018e-09 -2.3944880858619786e-09 -1.6539107247900450e-09 -1.1251698452466553e-09 -7.1666647081663050e-10 -3.9040939586094746e-10 -9.4806058438456563e-11 2.7199991442500223e-10 7.9421260999718617e-10 
-9.0180749239931107e-09 -4.0834615311607853e-09 -2.8110239443512399e-09 -2.0503022642470492e-09 -1.5042793892350998e-09 -1.0721165009616923e-09 -7.1305727721247206e-10 -4.1964505528946290e-10 -1.4464429127539087e-10 4.1353405877140958e-10 
-1.0152936831993519e-08 -4.8707638281575815e-09 -3.5086986447373194e-09 -2.6943762188726741e-09 -2.1096415363810691e-09 -1.6447625214785784e-09 -1.2468608187000502e-09 -8.8592382608009900e-10 -5.6279757606781770e-10 -1.5166947072261167e-10 
