2.438500027473e-10 6.497701213760e-10 9.100774164746e-10 1.082334684332e-09 1.207515392819e-09 1.307055884430e-09 1.392333641630e-09 1.470835079225e-09 1.550500001144e-09 1.659594282343e-09 
2.305256781330e-11 1.933873912496e-10 4.717890989497e-10 7.419441927384e-10 9.623096468663e-10 1.140022024977e-09 1.291868491302e-09 1.431518569606e-09 1.573225240511e-09 1.767283320517e-09 
1.480548873620e-12 3.178009871266e-11 1.505350044887e-10 3.641324039861e-10 6.060433016495e-10 8.224262438180e-10 1.008761527882e-09 1.179389372769e-09 1.352326230566e-09 1.589130454996e-09 
-7.347232344601e-14 4.751830972774e-13 2.127927436712e-11 1.155733683687e-10 2.992188668887e-10 5.176181943715e-10 7.246714792901e-10 9.158001310051e-10 1.108582186593e-09 1.372273532021e-09 
-2.993537104570e-14 -9.410922207935e-13 -2.651951770026e-12 1.549453838176e-11 9.786569720648e-11 2.582175878596e-10 4.598750837899e-10 6.648754472009e-10 8.719805327722e-10 1.153565716303e-09 
-2.834596145096e-15 -1.784483489258e-13 -1.554665947589e-12 -3.096715304662e-12 1.187776269258e-11 8.045733950712e-11 2.266978463364e-10 4.270778747840e-10 6.464835698441e-10 9.409134655063e-10 
-1.105643779353e-16 -1.426134863379e-14 -2.555422476090e-13 -1.677406178131e-12 -4.438423166611e-12 3.033670332158e-12 5.867376565652e-11 2.033694256245e-10 4.244035021850e-10 7.316310527015e-10 
-1.724336958317e-18 -5.066528194053e-16 -1.828658137002e-14 -2.479377759432e-13 -1.740977683579e-12 -6.695435634914e-12 -1.007709164831e-11 2.943779562886e-11 1.941457791276e-10 5.194673031131e-10 
-7.128590569814e-21 -5.019157970444e-18 -3.714817782909e-16 -9.899424904824e-15 -1.422697147555e-13 -1.295996798297e-12 -7.723042909039e-12 -2.636597221803e-11 -1.137562470310e-11 2.738379533221e-10 
-1.403180599382e-24 -2.683331733667e-21 -4.745437998479e-19 -2.857122083956e-17 -9.186416493783e-16 -1.957365409436e-14 -3.075207230447e-13 -3.661925890422e-12 -2.964165396153e-11 -1.209303709848e-12 
