1.729503220357e-09 4.140231865824e-09 5.552310774777e-09 6.469249926959e-09 7.133747459026e-09 7.662113185142e-09 8.114798128034e-09 8.531515282497e-09 8.954408833093e-09 9.533523120210e-09 
1.154163782606e-10 9.162364792234e-10 2.162115769686e-09 3.338705213459e-09 4.288954301754e-09 5.054138334930e-09 5.708108376774e-09 6.309606989302e-09 6.919969375909e-09 7.755820850749e-09 
6.815633479428e-12 1.390353423220e-10 6.367911989039e-10 1.508920564397e-09 2.483543636282e-09 3.351863836802e-09 4.099437703668e-09 4.784114865097e-09 5.478087438229e-09 6.428352685292e-09 
-2.676191148565e-13 2.663918371531e-12 8.788705894405e-11 4.622175447964e-10 1.183429590449e-09 2.038271451002e-09 2.848213409572e-09 3.596085771252e-09 4.350517900284e-09 5.382426202276e-09 
-1.170123489985e-13 -3.642500083589e-12 -1.006568964289e-11 6.104897789491e-11 3.818291378165e-10 1.005470571022e-09 1.790518666878e-09 2.590575612876e-09 3.399651640322e-09 4.499503481642e-09 
-1.103944832394e-14 -6.938552671595e-13 -6.043129233820e-12 -1.207459098430e-11 4.575054713284e-11 3.115406571742e-10 8.825553858907e-10 1.672824212084e-09 2.543302222199e-09 3.711543565603e-09 
-4.299929854718e-16 -5.549972406477e-14 -9.976227060998e-13 -6.603877821283e-12 -1.793515521681e-11 9.394381808795e-12 2.269379634199e-10 8.078635337772e-10 1.711868684859e-09 2.975741164863e-09 
-6.729659209371e-18 -1.991576340850e-15 -7.260092043423e-14 -9.969861492105e-13 -7.121883401292e-12 -2.813517889783e-11 -4.581758747570e-11 1.102062999598e-10 8.040743837287e-10 2.216870526778e-09 
-2.855553780399e-20 -2.037259018540e-17 -1.527216458317e-15 -4.124233461704e-14 -6.017812746678e-13 -5.589294249675e-12 -3.425432910938e-11 -1.228287171387e-10 -7.761152958658e-11 1.247213098181e-09 
-5.989730776349e-24 -1.160281143767e-20 -2.079143867902e-18 -1.269651022354e-16 -4.146820862484e-15 -8.998206209408e-14 -1.446359637191e-12 -1.777723051411e-11 -1.514270097111e-10 -4.121033444390e-11 
