1.241597715767e-09 3.039040224323e-09 4.108007604020e-09 4.803730332340e-09 5.308040482750e-09 5.709034735184e-09 6.052590822907e-09 6.368849758671e-09 6.689796139806e-09 7.129303377457e-09 
8.878011511179e-11 7.090712569090e-10 1.677847513563e-09 2.593692562122e-09 3.333302384517e-09 3.928780366934e-09 4.437705396603e-09 4.905800278466e-09 5.380793712919e-09 6.031266290805e-09 
5.300549558411e-12 1.084037811820e-10 4.967389963214e-10 1.176427249910e-09 1.934566820008e-09 2.609182224309e-09 3.189831436187e-09 3.721638915005e-09 4.260676572362e-09 4.998789252248e-09 
-2.074071295420e-13 2.139009943693e-12 6.880869911788e-11 3.598648920566e-10 9.181488653328e-10 1.578040921000e-09 2.202423766216e-09 2.778775552283e-09 3.360203207126e-09 4.155494233550e-09 
-9.063963774449e-14 -2.805723111002e-12 -7.631314603857e-12 4.757795198994e-11 2.947635091801e-10 7.734662965159e-10 1.374358042476e-09 1.985862678680e-09 2.604043649272e-09 3.444459767914e-09 
-8.511486298032e-15 -5.330988645738e-13 -4.624422923727e-12 -9.129368194090e-12 3.545712516806e-11 2.387254145813e-10 6.735860501456e-10 1.273313156136e-09 1.932198258476e-09 2.816363257171e-09 
-3.298531075485e-16 -4.242435507424e-14 -7.598834265737e-13 -5.008148178694e-12 -1.348083524507e-11 7.804331314879e-12 1.735810411501e-10 6.116174246951e-10 1.286956257973e-09 2.228725378273e-09 
-5.126592292531e-18 -1.511993411522e-15 -5.493727231379e-14 -7.511227386410e-13 -5.327954481248e-12 -2.077283301068e-11 -3.251428272982e-11 8.592349160431e-11 5.964003102694e-10 1.624893766104e-09 
-2.154432760491e-20 -1.529083714906e-17 -1.139316235584e-15 -3.055496868731e-14 -4.423822707475e-13 -4.072583630840e-12 -2.470288820648e-11 -8.735082200093e-11 -5.075849747053e-11 8.938247550654e-10 
-4.383511380401e-24 -8.444874824758e-21 -1.505966429540e-18 -9.154816105847e-17 -2.976765699791e-15 -6.429071506598e-14 -1.027798841518e-12 -1.254113266202e-11 -1.055587030249e-10 -2.424809237813e-11 
