-1.1074997710097881e-09 1.6177759359834135e-09 2.3254579419746401e-09 2.7468298238893136e-09 3.0483159671002639e-09 3.2876597328856713e-09 3.4926885543457081e-09 3.6814240206605037e-09 3.8729560301328102e-09 4.1352604111776831e-09 
-4.4561236300695522e-09 -1.7268943675431141e-10 9.3978030309399373e-10 1.6200248046310795e-09 2.1076915187731674e-09 2.4899561797027893e-09 2.8152245005637491e-09 3.1142589294442264e-09 3.4176915210084256e-09 3.8332409187059221e-09 
-6.3137612134242880e-09 -1.3723841195337683e-09 -1.2702289030922164e-10 6.4743429543267617e-10 1.2311859156332273e-09 1.6878923681878308e-09 2.0676151962189347e-09 2.4132828917741482e-09 2.7634492124540819e-09 3.2429445116557199e-09 
-7.6003629430726346e-09 -2.2546672595083373e-09 -9.1661404000042404e-10 -1.2001149923589309e-10 4.9770040087948114e-10 1.0081242285339682e-09 1.4319211529699402e-09 1.8090117366670697e-09 2.1872329308486473e-09 2.7044098560421053e-09 
-8.5742252168596037e-09 -2.9589956783563462e-09 -1.5313858867339887e-09 -7.0407325141506649e-10 -9.9757577240599637e-11 4.1763583772436647e-10 8.7605915033672022e-10 1.2853745775634324e-09 1.6857757843475049e-09 2.2282564456525302e-09 
-9.3617051094175274e-09 -3.5569005226672210e-09 -2.0650976440648706e-09 -1.1896758565980979e-09 -5.8056207889785160e-10 -9.0037871873373440e-11 3.6616418521437170e-10 8.0687535634460400e-10 1.2359533414813538e-09 1.7991014488078844e-09 
-1.0033121967487432e-08 -4.0867536598614468e-09 -2.5540882174082597e-09 -1.6422736147266692e-09 -1.0024590469125618e-09 -5.1579780228091729e-10 -9.6003177582789115e-11 3.3753296162565586e-10 8.0561952207042799e-10 1.3983571224981472e-09 
-1.0654407519278404e-08 -4.5883421214207462e-09 -3.0241938315758522e-09 -2.0896047034462865e-09 -1.4223116307064807e-09 -9.0666642639305697e-10 -4.9481847133047014e-10 -1.2211818442827289e-10 3.4023354412959165e-10 9.9969277059542034e-10 
-1.1547609357307427e-08 -5.2305005412729718e-09 -3.6015731453293811e-09 -2.6277250445997622e-09 -1.9287212575530696e-09 -1.3754395455932011e-09 -9.1559115554286449e-10 -5.3962728518103482e-10 -1.8829765925737299e-10 5.2555283662862942e-10 
-1.3427927734141340e-08 -6.4456203194377931e-09 -4.6451570960877128e-09 -3.5687346157807145e-09 -2.7957955474909768e-09 -2.1812878085323036e-09 -1.6552952341623881e-09 -1.1779717007799376e-09 -7.4960532726077304e-10 -2.0697319593331197e-10 
