-4.4225756633095107e-10 5.0050027965518840e-10 7.4557646780196399e-10 8.9154760450388309e-10 9.9594246577266331e-10 1.0787937117547672e-09 1.1497607520372123e-09 1.2150875610738278e-09 1.2813823084798622e-09 1.3721733672367878e-09 
-1.7971743111447552e-09 -9.2784044754865262e-11 3.4938132409286478e-10 6.2025051090520205e-10 8.1465644590005661e-10 9.6692010832512747e-10 1.0963902454462651e-09 1.2153985597369154e-09 1.3361553138786636e-09 1.5015309619141698e-09 
-2.7085078039389633e-09 -5.9921146329852386e-10 -6.8102965613597578e-11 2.6196655695298938e-10 5.1133094113742947e-10 7.0659708891936203e-10 8.6879809388048386e-10 1.0163592697127909e-09 1.1658210889717371e-09 1.3704824627873526e-09 
-3.3884090919967463e-09 -1.0104064860797312e-09 -4.1505206485013232e-10 -6.1096585032795631e-11 2.1327800130234267e-10 4.4041902687580902e-10 6.2913718969532245e-10 7.9695157672946603e-10 9.6519948135438097e-10 1.1952454910560226e-09 
-3.9126276310607482e-09 -1.3527646947706864e-09 -7.0177145938566024e-10 -3.2456509187412429e-10 -4.9386471120528631e-11 1.8623469339454561e-10 3.9529390228709472e-10 5.8201904643671916e-10 7.6458534406081964e-10 1.0118872244522913e-09 
-4.3229522280549990e-09 -1.6432780654055084e-09 -9.5457596680021482e-10 -5.5038175481807556e-10 -2.6922778008127902e-10 -4.2949094138993250e-11 1.6759362815320774e-10 3.7113108758571227e-10 5.6924411466697400e-10 8.2920369387662794e-10 
-4.6395191988313620e-09 -1.8894869535861155e-09 -1.1806691449467027e-09 -7.5897561442327273e-10 -4.6309529162800595e-10 -2.3809068234133439e-10 -4.3951315432648732e-11 1.5670489964380116e-10 3.7321672867047983e-10 6.4723620821657037e-10 
-4.8750774011842708e-09 -2.0983964703601142e-09 -1.3824234301384128e-09 -9.5462797119793030e-10 -6.4920610636072647e-10 -4.1326746356462625e-10 -2.2487119255042452e-10 -5.4051120743127996e-11 1.5808627871747333e-10 4.5960395078781422e-10 
-5.1282479378363001e-09 -2.3211405832437352e-09 -1.5973009434505210e-09 -1.1645565120435232e-09 -8.5394813397069594e-10 -6.0812906456162077e-10 -4.0398196282894594e-10 -2.3730039120635294e-10 -8.0489598043422134e-11 2.3755024508102826e-10 
-5.4529583066879091e-09 -2.6128890626207324e-09 -1.8805466922700942e-09 -1.4427094870595837e-09 -1.1283149082079787e-09 -8.7836423290535876e-10 -6.6444009699875771e-10 -4.7054156034141428e-10 -2.9782187613603837e-10 -7.6190959284553299e-11 
