-1.6553002104329316e-09 2.8937542416189158e-09 4.0742242537499258e-09 4.7770978564258079e-09 5.2801071317254298e-09 5.6794839164378443e-09 6.0216109993215417e-09 6.3365505631364824e-09 6.6561567031738478e-09 7.0938596196220596e-09 
-6.9221774485504894e-09 -2.3822090569765879e-10 1.4981388465245548e-09 2.5592505787918840e-09 3.3198231272746015e-09 3.9161662863358227e-09 4.4236720368569911e-09 4.8902585316585504e-09 5.3637082965249131e-09 6.0120953854162906e-09 
-9.6763454552878184e-09 -2.0977140575767815e-09 -1.8731207508314407e-10 1.0005899146943027e-09 1.8956384309677659e-09 2.5959549586536772e-09 3.1783315182979554e-09 3.7084933110738384e-09 4.2455496249210212e-09 4.9809585059097630e-09 
-1.1638452780122420e-08 -3.4543238371143774e-09 -1.4055992394025946e-09 -1.8596571386542027e-10 7.5941439346008314e-10 1.5406709459026004e-09 2.1895740433708364e-09 2.7669816012849556e-09 3.3460500995938606e-09 4.1378332875804028e-09 
-1.3222633968330609e-08 -4.5678886729772775e-09 -2.3672506961825357e-09 -1.0918113263725728e-09 -1.6071013710875551e-10 6.3606620610602930e-10 1.3424908637541517e-09 1.9736620145573512e-09 2.5909713031514247e-09 3.4271132931788296e-09 
-1.4626724303509652e-08 -5.5632932994164488e-09 -3.2339030162704854e-09 -1.8666456244157605e-09 -9.1533887804578584e-10 -1.5007835763921696e-10 5.6124211542453590e-10 1.2493491078469839e-09 1.9198873893785667e-09 2.7993575770395273e-09 
-1.5973115586401853e-08 -6.5127221175179161e-09 -4.0742929208755163e-09 -2.6234543337232910e-09 -1.6050577996720466e-09 -8.3048643006891078e-10 -1.6358713479132961e-10 5.2461809604663513e-10 1.2697987166984078e-09 2.2137665487688732e-09 
-1.7403108523916962e-08 -7.5011445478079112e-09 -4.9478984042302519e-09 -3.4222838750323749e-09 -2.3328206724977390e-09 -1.4904950298673233e-09 -8.1770985169207241e-10 -2.1100950768723058e-10 5.4136774990254041e-10 1.6199021727095956e-09 
-1.9564930092725396e-08 -8.8685236492686477e-09 -6.1103519422746917e-09 -4.4613875313421080e-09 -3.2777797214787113e-09 -2.3407596812509927e-09 -1.5613345836446322e-09 -9.2338872502704256e-10 -3.3145882583005424e-10 8.7461424838439793e-10 
-2.4306441254365587e-08 -1.1679618080899013e-08 -8.4236553820011926e-09 -6.4770499669055030e-09 -5.0792645356357757e-09 -3.9679817223570611e-09 -3.0167006856134100e-09 -2.1527630062547626e-09 -1.3739371501447659e-09 -3.9579864150960452e-10 
