-5.8591400443822696e-09 1.2790962056855688e-08 1.7628903040392858e-08 2.0510865324049981e-08 2.2573326880972295e-08 2.4210662379546837e-08 2.5613221498177912e-08 2.6904316273379042e-08 2.8214541233756074e-08 3.0008904473113300e-08 
-2.9978951722256928e-08 -1.4040646072917212e-09 6.0086984492629160e-09 1.0546359264600663e-08 1.3804843517277432e-08 1.6357781765758627e-08 1.8528303734510890e-08 2.0523306220026026e-08 2.2547595350025673e-08 2.5319845095215772e-08 
-4.5720158365325878e-08 -1.0210703083400119e-08 -1.2718642346466286e-09 4.2758688561918440e-09 8.4728088011829405e-09 1.1763616520771495e-08 1.4496223115548980e-08 1.6980764382861667e-08 1.9496751978901028e-08 2.2941854554853340e-08 
-5.9683225680749780e-08 -1.7945778955972703e-08 -7.4899618939932252e-09 -1.2838425896926786e-09 3.5177248459899161e-09 7.5000815702841723e-09 1.0817431887487269e-08 1.3766938573708490e-08 1.6720594038725047e-08 2.0757861639259486e-08 
-7.3337207394395282e-08 -2.5545973445066882e-08 -1.3381685135951280e-08 -6.3281931635098777e-09 -1.2043734164617413e-09 3.1669243781585724e-09 7.0655901035813308e-09 1.0564347038663242e-08 1.3978757862354037e-08 1.8596149045852158e-08 
-8.7913623678032574e-08 -3.3614657663698225e-08 -1.9654217607998428e-08 -1.1449494097388380e-08 -5.7452386158726516e-09 -1.1857554930716945e-09 3.0502665545528081e-09 7.1808754973590306e-09 1.1212682122744665e-08 1.6484694469596975e-08 
-1.0237065486476931e-07 -4.1838963910012242e-08 -2.6236086011402058e-08 -1.6948982546706023e-08 -1.0424832668865693e-08 -5.4687709940210978e-09 -1.2203899120124762e-09 3.1687897745481134e-09 7.9458878076901239e-09 1.3996036395876602e-08 
-1.1667611205109969e-07 -5.0357766038420261e-08 -3.3257373868830951e-08 -2.3039162508921814e-08 -1.5740364019247597e-08 -1.0093343523984704e-08 -5.5824592131924760e-09 -1.5317373238435981e-09 3.4797218025535105e-09 1.0722121795592195e-08 
-1.4072652502487864e-07 -6.3893541136918024e-08 -4.4081411245408081e-08 -3.2236769220573244e-08 -2.3734548946844106e-08 -1.7001538163776498e-08 -1.1391230193596140e-08 -6.7838208158748530e-09 -2.5745998952773775e-09 6.0356223439460370e-09 
-1.9477388268501777e-07 -9.3660381606570112e-08 -6.7587172124305788e-08 -5.1999078576212095e-08 -4.0805841082337334e-08 -3.1906803878863482e-08 -2.4288154190060394e-08 -1.7361045411821152e-08 -1.1087810744328749e-08 -3.3231350668616692e-09 
