3.422943349471e-10 9.002022960764e-10 1.253264882478e-09 1.486084825801e-09 1.655175277119e-09 1.789629389889e-09 1.904819718211e-09 2.010857038930e-09 2.118465969201e-09 2.265827100877e-09 
3.097276072498e-11 2.571589354191e-10 6.229473120100e-10 9.755044208106e-10 1.262255926545e-09 1.493380253984e-09 1.690876254367e-09 1.872515023280e-09 2.056829458824e-09 2.309236113172e-09 
1.961610638136e-12 4.159131395393e-11 1.952477152433e-10 4.693413796908e-10 7.781605948736e-10 1.053833644390e-09 1.291146045964e-09 1.508465344147e-09 1.728732001090e-09 2.030346239297e-09 
-9.105270385453e-14 6.957593469853e-13 2.749437463609e-11 1.473252432978e-10 3.793033996544e-10 6.542798499655e-10 9.145548683024e-10 1.154749583231e-09 1.397038761729e-09 1.728453002584e-09 
-3.777177390535e-14 -1.179986391593e-12 -3.270784310221e-12 1.971121257533e-11 1.231799389640e-10 3.236730923740e-10 5.750969623866e-10 8.304617432797e-10 1.088434621761e-09 1.439198712465e-09 
-3.562522471831e-15 -2.234494381817e-13 -1.937725312627e-12 -3.809857014718e-12 1.496972133653e-11 1.002928563713e-10 2.817477385620e-10 5.300965102744e-10 8.018781469126e-10 1.166616118747e-09 
-1.381840618956e-16 -1.775354467130e-14 -3.171438418175e-13 -2.076524092081e-12 -5.478533497512e-12 3.827790543285e-12 7.278661539603e-11 2.516887227531e-10 5.246383872535e-10 9.041161849630e-10 
-2.140155066911e-18 -6.277074673901e-16 -2.263470831943e-14 -3.066085850580e-13 -2.149993174978e-12 -8.250478971459e-12 -1.237778359251e-11 3.626794680642e-11 2.393158416036e-10 6.412376150572e-10 
-8.818148525813e-21 -6.202283135977e-18 -4.585393201678e-16 -1.220869934803e-14 -1.754063094832e-13 -1.598994402618e-12 -9.550251879259e-12 -3.274472432964e-11 -1.452660403248e-11 3.393017025996e-10 
-1.730311921913e-24 -3.311486626006e-21 -5.862833167369e-19 -3.534487476996e-17 -1.138005628452e-15 -2.428085144253e-14 -3.819504673019e-13 -4.553390240196e-12 -3.698525771302e-11 -2.702353607287e-12 
