1.150292881965e-09 2.830188756001e-09 3.833006339643e-09 4.486089326434e-09 4.959528565259e-09 5.335976551109e-09 5.658501789592e-09 5.955400827122e-09 6.256700364584e-09 6.669303086061e-09 
8.360243887530e-11 6.688873267679e-10 1.584237748797e-09 2.450064860414e-09 3.149406311444e-09 3.712457406543e-09 4.193663775418e-09 4.636264215979e-09 5.085387494226e-09 5.700432597734e-09 
5.006354610061e-12 1.025074436091e-10 4.699337438200e-10 1.113320708817e-09 1.831010852878e-09 2.469453172644e-09 3.018952901079e-09 3.522233957209e-09 4.032357809369e-09 4.730878857034e-09 
-1.967277822669e-13 2.011723695414e-12 6.514500450844e-11 3.408403976789e-10 8.690442809299e-10 1.493006715855e-09 2.083374882355e-09 2.628257409130e-09 3.177937589601e-09 3.929810304023e-09 
-8.586429726943e-14 -2.653294567726e-12 -7.179211916377e-12 4.507630133806e-11 2.786384658574e-10 7.310774691929e-10 1.298684044856e-09 1.875818973745e-09 2.459242227685e-09 3.252439190300e-09 
-8.045310987245e-15 -5.034715959351e-13 -4.367659678137e-12 -8.617138094700e-12 3.364006778174e-11 2.258808644609e-10 6.357273014784e-10 1.200002102318e-09 1.820020268603e-09 2.652042653374e-09 
-3.115714694527e-16 -4.007649714060e-14 -7.168699412269e-13 -4.709629393108e-12 -1.259851953067e-11 7.547140690621e-12 1.630981510262e-10 5.745202085568e-10 1.209428741678e-09 2.094437133888e-09 
-4.837097434753e-18 -1.422761849012e-15 -5.159147678143e-14 -7.049045976048e-13 -5.004401117671e-12 -1.955582255959e-11 -3.067490412347e-11 8.115603499740e-11 5.614759465491e-10 1.526300715088e-09 
-2.021888978242e-20 -1.435801952856e-17 -1.071025974647e-15 -2.874817719409e-14 -4.162313191607e-13 -3.826611203004e-12 -2.313551827648e-11 -8.138548993244e-11 -4.594177691624e-11 8.349757000567e-10 
-4.122458817911e-24 -7.931703513192e-21 -1.412168778882e-18 -8.570049417409e-17 -2.782102191956e-15 -5.999306313634e-14 -9.574865841884e-13 -1.165744765485e-11 -9.781664868708e-11 -2.136810293168e-11 
