1.9491872190112128e-06 8.1395548625222233e-07 1.6512086670144326e-07 2.2831457900761042e-08 2.1871106945423481e-09 1.3350189679812102e-10 4.5571899021521113e-12 6.7406390761995767e-14 2.3977592039415634e-16 3.2599879993184426e-20 
8.1395548625222233e-07 2.0330373488197485e-06 1.2249345323355790e-06 3.9074141475036485e-07 7.5941438479746100e-08 9.1827137351585757e-09 6.3726188868532739e-10 2.0058765748479374e-11 1.6217138675981062e-13 5.7751793385731249e-17 
1.6512086670144326e-07 1.2249345323355790e-06 1.9121375374121014e-06 1.2656175568830248e-06 4.6885004047004829e-07 1.0272933544319305e-07 1.2732417304847277e-08 7.3120385727067812e-10 1.1524655316115010e-11 9.4598722017524458e-15 
2.2831457900761042e-08 3.9074141475036485e-07 1.2656175568830248e-06 1.7051907330624019e-06 1.1646167354596290e-06 4.6017927604730420e-07 1.0022913083210177e-07 1.0106118791536726e-08 2.9355992270892347e-10 5.2641515303153720e-13 
2.1871106945423481e-09 7.5941438479746100e-08 4.6885004047004829e-07 1.1646167354596290e-06 1.5183543671645255e-06 1.0651222325486177e-06 4.1387571903667529e-07 7.4395820568184085e-08 4.0001598088866734e-09 1.5589993193481798e-11 
1.3350189679812102e-10 9.1827137351585757e-09 1.0272933544319305e-07 4.6017927604730420e-07 1.0651222325486177e-06 1.4093014859655237e-06 9.7956177433943760e-07 3.2701740895237996e-07 3.4182907971845326e-08 3.0387500867949936e-10 
4.5571899021521113e-12 6.3726188868532739e-10 1.2732417304847277e-08 1.0022913083210177e-07 4.1387571903667529e-07 9.7956177433943760e-07 1.3361421792619697e-06 8.6096468312613866e-07 1.9056351373459268e-07 4.3091463420281645e-09 
6.7406390761995767e-14 2.0058765748479374e-11 7.3120385727067812e-10 1.0106118791536726e-08 7.4395820568184085e-08 3.2701740895237996e-07 8.6096468312613866e-07 1.2444048421198169e-06 6.5270210857703647e-07 4.5361817160968928e-08 
2.3977592039415634e-16 1.6217138675981062e-13 1.1524655316115010e-11 2.9355992270892347e-10 4.0001598088866734e-09 3.4182907971845326e-08 1.9056351373459268e-07 6.5270210857703647e-07 1.0958919563356728e-06 3.2475585513358403e-07 
3.2599879993184426e-20 5.7751793385731249e-17 9.4598722017524458e-15 5.2641515303153720e-13 1.5589993193481798e-11 3.0387500867949936e-10 4.3091463420281645e-09 4.5361817160968928e-08 3.2475585513358403e-07 6.9642995723471955e-07 
