6.0508265967497533e-08 1.5477857342173354e-08 3.1584605671787753e-09 4.2155329775526552e-10 3.9278621292926812e-11 2.3768566207963789e-12 8.0217511370379786e-14 1.1391197776836209e-15 3.7066458550293819e-18 4.3307419229596157e-22 
1.5477857342173354e-08 6.6659580539360698e-08 2.2861379936150472e-08 7.0672482608693140e-09 1.3550360550395194e-09 1.6269319900378156e-10 1.1038376247069829e-11 3.2911423888486990e-13 2.4236158674514682e-15 7.4888819347109264e-19 
3.1584605671787753e-09 2.2861379936150472e-08 6.2399526450260908e-08 2.2629227797688073e-08 8.3338489493278456e-09 1.8037258761244214e-09 2.1613242889007037e-10 1.1650444276018037e-11 1.6702537862640398e-13 1.1998581137075946e-16 
4.2155329775526552e-10 7.0672482608693140e-09 2.2629227797688073e-08 5.8040402027980831e-08 2.0557515581151637e-08 7.9490983206026939e-09 1.6577528786134590e-09 1.5608563420491365e-10 4.1291809350288720e-12 6.5350174812842023e-15 
3.9278621292926812e-11 1.3550360550395194e-09 8.3338489493278456e-09 2.0557515581151637e-08 5.4073620466274455e-08 1.7908640109143285e-08 6.6164280887485647e-09 1.1090718777220652e-09 5.4541198379530576e-11 1.8938498976967053e-13 
2.3768566207963789e-12 1.6269319900378156e-10 1.8037258761244214e-09 7.9490983206026939e-09 1.7908640109143285e-08 5.0516869900849791e-08 1.4994397128663421e-08 4.6766238338959957e-09 4.5022279931584650e-10 3.6070331292030525e-12 
8.0217511370379786e-14 1.1038376247069829e-11 2.1613242889007037e-10 1.6577528786134590e-09 6.6164280887485647e-09 1.4994397128663421e-08 4.7186278309725881e-08 1.1725820485913671e-08 2.4109578429697542e-09 4.9803884692696811e-11 
1.1391197776836209e-15 3.2911423888486990e-13 1.1650444276018037e-11 1.5608563420491365e-10 1.1090718777220652e-09 4.6766238338959957e-09 1.1725820485913671e-08 4.3856684699630578e-08 7.8713047533868333e-09 5.0676191243732029e-10 
3.7066458550293819e-18 2.4236158674514682e-15 1.6702537862640398e-13 4.1291809350288720e-12 5.4541198379530576e-11 4.5022279931584650e-10 2.4109578429697542e-09 7.8713047533868333e-09 4.0352390398318271e-08 3.4607313639755539e-09 
4.3307419229596157e-22 7.4888819347109264e-19 1.1998581137075946e-16 6.5350174812842023e-15 1.8938498976967053e-13 3.6070331292030525e-12 4.9803884692696811e-11 5.0676191243732029e-10 3.4607313639755539e-09 3.4876243487490016e-08 
