7.6488184970483746e-08 2.2298229533686058e-08 4.4471974964537354e-09 5.8269734884715626e-10 5.3486599874767656e-11 3.1964670616036185e-12 1.0672708817245943e-13 1.5013437338996360e-15 4.8451682299858584e-18 5.6269563260143082e-22 
2.2298229533686058e-08 8.2561307680025707e-08 3.1748089421456952e-08 9.6689134838212862e-09 1.8305465280817099e-09 2.1741817152330418e-10 1.4614784580588221e-11 4.3227253460894892e-13 3.1619229516390307e-15 9.7267552593908822e-19 
4.4471974964537354e-09 3.1748089421456952e-08 7.5083722748054934e-08 3.0669747620912577e-08 1.1180954176160974e-08 2.3982465226346524e-09 2.8509950456270099e-10 1.5262854097860268e-11 2.1759728015042862e-13 1.5581360684529939e-16 
5.8269734884715626e-10 9.6689134838212862e-09 3.0669747620912577e-08 6.8290407188501020e-08 2.7401015372509784e-08 1.0518885441684034e-08 2.1793967940374352e-09 2.0403375963439999e-10 5.3733808753465491e-12 8.4863367765888396e-15 
5.3486599874767656e-11 1.8305465280817099e-09 1.1180954176160974e-08 2.7401015372509784e-08 6.2474277398908294e-08 2.3589979095979138e-08 8.6703887525220488e-09 1.4468385788760812e-09 7.0910331568467450e-11 2.4597828327596328e-13 
3.1964670616036185e-12 2.1741817152330418e-10 2.3982465226346524e-09 1.0518885441684034e-08 2.3589979095979138e-08 5.7468569690746390e-08 1.9589307003210579e-08 6.0895447198199199e-09 5.8492524599964672e-10 4.6869025620433394e-12 
1.0672708817245943e-13 1.4614784580588221e-11 2.8509950456270099e-10 2.1793967940374352e-09 8.6703887525220488e-09 1.9589307003210579e-08 5.2935341365194632e-08 1.5244587748278288e-08 3.1310730224897729e-09 6.4769306485989186e-11 
1.5013437338996360e-15 4.3227253460894892e-13 1.5262854097860268e-11 2.0403375963439999e-10 1.4468385788760812e-09 6.0895447198199199e-09 1.5244587748278288e-08 4.8533453718970384e-08 1.0225345773797094e-08 6.6021112319651247e-10 
4.8451682299858584e-18 3.1619229516390307e-15 2.1759728015042862e-13 5.3733808753465491e-12 7.0910331568467450e-11 5.8492524599964672e-10 3.1310730224897729e-09 1.0225345773797094e-08 4.4015584977667135e-08 4.5268806131484053e-09 
5.6269563260143082e-22 9.7267552593908822e-19 1.5581360684529939e-16 8.4863367765888396e-15 2.4597828327596328e-13 4.6869025620433394e-12 6.4769306485989186e-11 6.6021112319651247e-10 4.5268806131484053e-09 3.7021708434877540e-08 
