2.0972361511336680e-07 7.1034587137064950e-08 1.3187611208079883e-08 1.6503779162159852e-09 1.4706055657921610e-10 8.6282498308586800e-12 2.8543049539270624e-13 4.0151973147955303e-15 1.3123166557526606e-17 1.5852406978141543e-21 
7.1034587137064950e-08 1.9119336502411004e-07 9.0894851231931938e-08 2.6815590462809291e-08 4.9712962448420099e-09 5.8326002091276661e-10 3.9042334216730463e-11 1.1598440659694945e-12 8.6228369831500613e-15 2.7641356052937418e-18 
1.3187611208079883e-08 9.0894851231931938e-08 1.5872721993094148e-07 8.3688486197678145e-08 3.0106176565632583e-08 6.4134942680740400e-09 7.6231799469697331e-10 4.1127825853444343e-11 5.9766225923690940e-13 4.4667074426673967e-16 
1.6503779162159852e-09 2.6815590462809291e-08 8.3688486197678145e-08 1.3630466640624413e-07 7.3368783021218248e-08 2.8102779300542390e-08 5.8423036556689495e-09 5.5279047918898247e-10 1.4875206531641691e-11 2.4554355568381043e-14 
1.4706055657921610e-10 4.9712962448420099e-09 3.0106176565632583e-08 7.3368783021218248e-08 1.1975688466609025e-07 6.3124926414706961e-08 2.3351660889882081e-08 3.9482949382659837e-09 1.9811348461759636e-10 7.1904428442851873e-13 
8.6282498308586800e-12 5.8326002091276661e-10 6.4134942680740400e-09 2.8102779300542390e-08 6.3124926414706961e-08 1.0689299591094644e-07 5.3162889437861293e-08 1.6783810006152591e-08 1.6531928710066221e-09 1.3866595660160798e-11 
2.8543049539270624e-13 3.9042334216730463e-11 7.6231799469697331e-10 5.8423036556689495e-09 2.3351660889882081e-08 5.3162889437861293e-08 9.6111473552633598e-08 4.2606012849685810e-08 8.9880054322772617e-09 1.9462033155912202e-10 
4.0151973147955303e-15 1.1598440659694945e-12 4.1127825853444343e-11 5.5279047918898247e-10 3.9482949382659837e-09 1.6783810006152591e-08 4.2606012849685810e-08 8.6156898659260059e-08 3.0010637400062095e-08 2.0293326538888446e-09 
1.3123166557526606e-17 8.6228369831500613e-15 5.9766225923690940e-13 1.4875206531641691e-11 1.9811348461759636e-10 1.6531928710066221e-09 8.9880054322772617e-09 3.0010637400062095e-08 7.6216772665984863e-08 1.4444654984445053e-08 
1.5852406978141543e-21 2.7641356052937418e-18 4.4667074426673967e-16 2.4554355568381043e-14 7.1904428442851873e-13 1.3866595660160798e-11 1.9462033155912202e-10 2.0293326538888446e-09 1.4444654984445053e-08 5.8277629212860278e-08 
