6.6676927434052725e-08 1.8157930466206402e-08 3.6696911317128833e-09 4.8588690399775336e-10 4.4974918078602511e-11 2.7062847820873170e-12 9.0889235202501223e-14 1.2849793028127208e-15 4.1644177516808702e-18 4.8494801615502114e-22 
1.8157930466206402e-08 7.2958056751678255e-08 2.6403859604152312e-08 8.1090215889973450e-09 1.5460024027358347e-09 1.8471012108628850e-10 1.2478627017338997e-11 3.7063420431945174e-13 2.7202950741275685e-15 8.3832234664150168e-19 
3.6696911317128833e-09 2.6403859604152312e-08 6.7475763431580547e-08 2.5856241872372147e-08 9.4786170261056269e-09 2.0430654115162470e-09 2.4390436573876510e-10 1.3103656247975334e-11 1.8733313804700008e-13 1.3428425624221893e-16 
4.8588690399775336e-10 8.1090215889973450e-09 2.5856241872372147e-08 6.2160810709547981e-08 2.3311756394698072e-08 8.9839743443720588e-09 1.8677367353024806e-09 1.7536415170562089e-10 4.6283507821819882e-12 7.3126945738482213e-15 
4.4974918078602511e-11 1.5460024027358347e-09 9.4786170261056269e-09 2.3311756394698072e-08 5.7456540630941285e-08 2.0196195134671059e-08 7.4427509912452321e-09 1.2447894142229318e-09 6.1100233086932482e-11 2.1190854384280929e-13 
2.7062847820873170e-12 1.8471012108628850e-10 2.0430654115162470e-09 8.9839743443720588e-09 2.0196195134671059e-08 5.3314092087724582e-08 1.6841590526836938e-08 5.2437747941184628e-09 5.0410254941892633e-10 4.0361901058112815e-12 
9.0889235202501223e-14 1.2478627017338997e-11 2.4390436573876510e-10 1.8677367353024806e-09 7.4427509912452321e-09 1.6841590526836938e-08 4.9494925707463100e-08 1.3135696364829324e-08 2.6983026581338420e-09 5.5741366411543590e-11 
1.2849793028127208e-15 3.7063420431945174e-13 1.3103656247975334e-11 1.7536415170562089e-10 1.2447894142229318e-09 5.2437747941184628e-09 1.3135696364829324e-08 4.5724795305573546e-08 8.8077798813962791e-09 5.6749341956283081e-10 
4.1644177516808702e-18 2.7202950741275685e-15 1.8733313804700008e-13 4.6283507821819882e-12 6.1100233086932482e-11 5.0410254941892633e-10 2.6983026581338420e-09 8.8077798813962791e-09 4.1804121084153766e-08 3.8806666405365250e-09 
4.8494801615502114e-22 8.3832234664150168e-19 1.3428425624221893e-16 7.3126945738482213e-15 2.1190854384280929e-13 4.0361901058112815e-12 5.5741366411543590e-11 5.6749341956283081e-10 3.8806666405365250e-09 3.5713724339568629e-08 
