1.8734744780991376e-07 6.3364408825713732e-08 1.1821503911578522e-08 1.4823918201153701e-09 1.3212601482861647e-10 7.7444774312636889e-12 2.5567144063146884e-13 3.5847792264420156e-15 1.1657645425676313e-17 1.3949979919630676e-21 
6.3364408825713732e-08 1.7421317592652860e-07 8.1613093140412901e-08 2.4093521710913803e-08 4.4641705736691802e-09 5.2296285554320260e-10 3.4919100652604627e-11 1.0337093728092102e-12 7.6451909612854935e-15 2.4283442633570953e-18 
1.1821503911578522e-08 8.1613093140412901e-08 1.4547709193571638e-07 7.5170837423682475e-08 2.7012424209096482e-08 5.7435780138686437e-09 6.8082365622885701e-10 3.6595805576137736e-11 5.2892736256906720e-13 3.9179328538937933e-16 
1.4823918201153701e-09 2.4093521710913803e-08 7.5170837423682475e-08 1.2521736334214990e-07 6.5746928268954246e-08 2.5129769793399162e-08 5.2094174729125088e-09 4.9103152241107852e-10 1.3139763632737116e-11 2.1504004447620786e-14 
1.3212601482861647e-10 4.4641705736691802e-09 2.7012424209096482e-08 6.5746928268954246e-08 1.1010372441033055e-07 5.6341726848707142e-08 2.0782265722596209e-08 3.5001010554504865e-09 1.7464396179956432e-10 6.2869121873009073e-13 
7.7444774312636889e-12 5.2296285554320260e-10 5.7435780138686437e-09 2.5129769793399162e-08 5.6341726848707142e-08 9.8275297818270028e-08 4.7199808399354393e-08 1.4841208038976233e-08 1.4539241131209574e-09 1.2102022803545028e-11 
2.5567144063146884e-13 3.4919100652604627e-11 6.8082365622885701e-10 5.2094174729125088e-09 2.0782265722596209e-08 4.7199808399354393e-08 8.8306453160851794e-08 3.7555863367739660e-08 7.8821979579470452e-09 1.6947030935211272e-10 
3.5847792264420156e-15 1.0337093728092102e-12 3.6595805576137736e-11 4.9103152241107852e-10 3.5001010554504865e-09 1.4841208038976233e-08 3.7555863367739660e-08 7.9089129343829234e-08 2.6223948132054372e-08 1.7614739260839213e-09 
1.1657645425676313e-17 7.6451909612854935e-15 5.2892736256906720e-13 1.3139763632737116e-11 1.7464396179956432e-10 1.4539241131209574e-09 7.8821979579470452e-09 2.6223948132054372e-08 6.9950128824647920e-08 1.2477123888168695e-08 
1.3949979919630676e-21 2.4283442633570953e-18 3.9179328538937933e-16 2.1504004447620786e-14 6.2869121873009073e-13 1.2102022803545028e-11 1.6947030935211272e-10 1.7614739260839213e-09 1.2477123888168695e-08 5.3984976341860204e-08 
