9.6562660764048584e-07 3.6871539671027351e-07 7.2909083788887780e-08 9.7308040664775660e-09 9.2366147781546467e-10 5.8283790052392672e-11 2.0645595835822614e-12 3.0498753312455239e-14 1.0554809809194486e-16 1.4452388264156819e-20 
3.6871539671027351e-07 9.1831646332845615e-07 5.2696388919425735e-07 1.6483930013619489e-07 3.2649943478286189e-08 4.1048200993039374e-09 2.8994088092281993e-10 8.9774471766195937e-12 7.1108340406006168e-14 2.5728504328638650e-17 
7.2909083788887780e-08 5.2696388919425735e-07 8.2334961272325453e-07 5.3921101668535564e-07 2.0655018418027255e-07 4.6546168433195763e-08 5.7672301645136368e-09 3.2423831685589153e-10 5.0524242588522761e-12 4.2337990760430197e-15 
9.7308040664775660e-09 1.6483930013619489e-07 5.3921101668535564e-07 7.6294126123642997e-07 5.2479212374808611e-07 2.0928143310857995e-07 4.4993231063233632e-08 4.4506317104712666e-09 1.2899817121251286e-10 2.3661041595182210e-13 
9.2366147781546467e-10 3.2649943478286189e-08 2.0655018418027255e-07 5.2479212374808611e-07 7.0615141052538482e-07 4.8097880713770746e-07 1.8371423479265579e-07 3.2634935150871454e-08 1.7654355388728955e-09 7.0347096381306265e-12 
5.8283790052392672e-11 4.1048200993039374e-09 4.6546168433195763e-08 2.0928143310857995e-07 4.8097880713770746e-07 6.4315776678635727e-07 4.3072509436368359e-07 1.4350902153369557e-07 1.5181960328853984e-08 1.3759305486183023e-10 
2.0645595835822614e-12 2.8994088092281993e-10 5.7672301645136368e-09 4.4993231063233632e-08 1.8371423479265579e-07 4.3072509436368359e-07 6.0171023967942246e-07 3.8006110704090711e-07 8.5326013595500783e-08 1.9566666640079585e-09 
3.0498753312455239e-14 8.9774471766195937e-12 3.2423831685589153e-10 4.4506317104712666e-09 3.2634935150871454e-08 1.4350902153369557e-07 3.8006110704090711e-07 5.7091596343575102e-07 2.9480174352195509e-07 2.0629778094323751e-08 
1.0554809809194486e-16 7.1108340406006168e-14 5.0524242588522761e-12 1.2899817121251286e-10 1.7654355388728955e-09 1.5181960328853984e-08 8.5326013595500783e-08 2.9480174352195509e-07 5.1333188699725643e-07 1.4760942943520156e-07 
1.4452388264156819e-20 2.5728504328638650e-17 4.2337990760430197e-15 2.3661041595182210e-13 7.0347096381306265e-12 1.3759305486183023e-10 1.9566666640079585e-09 2.0629778094323751e-08 1.4760942943520156e-07 3.3381087063634274e-07 
