2.3698701401577112e-07 8.0287707031163275e-08 1.4845648165425347e-08 1.8561270871774273e-09 1.6552767878376634e-10 9.7315539936093419e-12 3.2294186403765883e-13 4.5635694886314007e-15 1.5019919192045654e-17 1.8337891913110946e-21 
8.0287707031163275e-08 2.1177316386067474e-07 1.0223329788239843e-07 3.0171052326279344e-08 5.6020839894979319e-09 6.5895748130988497e-10 4.4265520250369126e-11 1.3215029329828360e-12 9.8928383918707800e-15 3.2033557258574989e-18 
1.4845648165425347e-08 1.0223329788239843e-07 1.7503865362184569e-07 9.4256801648958251e-08 3.3976503256904190e-08 7.2585001949090931e-09 8.6603959293651472e-10 4.6966416739703697e-11 6.8714765597814830e-13 5.1855168707456200e-16 
1.8561270871774273e-09 3.0171052326279344e-08 9.4256801648958251e-08 1.5015767486654527e-07 8.2960256978853917e-08 3.1871430561049947e-08 6.6521291884543797e-09 6.3271460894381138e-10 1.7137764775238517e-11 2.8556230116250844e-14 
1.6552767878376634e-10 5.6020839894979319e-09 3.3976503256904190e-08 8.2960256978853917e-08 1.3197801319885945e-07 7.1775866738283695e-08 2.6659883366643053e-08 4.5305294819821028e-09 2.2874734810203069e-10 8.3778363896557025e-13 
9.7315539936093419e-12 6.5895748130988497e-10 7.2585001949090931e-09 3.1871430561049947e-08 7.1775866738283695e-08 1.1796898109941811e-07 6.0888787861594746e-08 1.9314482436412664e-08 1.9136644410097258e-09 1.6189542218695331e-11 
3.2294186403765883e-13 4.4265520250369126e-11 8.6603959293651472e-10 6.6521291884543797e-09 2.6659883366643053e-08 6.0888787861594746e-08 1.0627122633305776e-07 4.9197948171125787e-08 1.0436842168071002e-08 2.2778715680946531e-10 
4.5635694886314007e-15 1.3215029329828360e-12 4.6966416739703697e-11 6.3271460894381138e-10 4.5305294819821028e-09 1.9314482436412664e-08 4.9197948171125787e-08 9.5407016737663345e-08 3.4989606003560104e-08 2.3833737545030990e-09 
1.5019919192045654e-17 9.8928383918707800e-15 6.8714765597814830e-13 1.7137764775238517e-11 2.2874734810203069e-10 1.9136644410097258e-09 1.0436842168071002e-08 3.4989606003560104e-08 8.4489565298512140e-08 1.7056949155952525e-08 
1.8337891913110946e-21 3.2033557258574989e-18 5.1855168707456200e-16 2.8556230116250844e-14 8.3778363896557025e-13 1.6189542218695331e-11 2.2778715680946531e-10 2.3833737545030990e-09 1.7056949155952525e-08 6.3987364082174980e-08 
