1.468512761143e-07 4.906711939986e-08 9.281193422233e-09 1.173271034653e-09 1.050273768336e-10 6.163101550103e-12 2.030459922732e-13 2.840026583882e-15 9.149901856913e-18 1.082294102316e-21 
4.906711939986e-08 1.425994113201e-07 6.448015204739e-08 1.912888311658e-08 3.552415564556e-09 4.157300933134e-10 2.770398193868e-11 8.168084552796e-13 5.980360469788e-15 1.879030206016e-18 
9.281193422233e-09 6.448015204739e-08 1.212609572019e-07 5.980037988421e-08 2.148918927137e-08 4.560853583619e-09 5.394988180389e-10 2.882342936910e-11 4.127772678542e-13 3.021893441694e-16 
1.173271034653e-09 1.912888311658e-08 5.980037988421e-08 1.053966836458e-07 5.223616425310e-08 1.993395129052e-08 4.119332190917e-09 3.854054393206e-10 1.023511367298e-11 1.652182150792e-14 
1.050273768336e-10 3.552415564556e-09 2.148918927137e-08 5.223616425310e-08 9.318789579823e-08 4.461629246799e-08 1.637481073115e-08 2.737723967615e-09 1.357596151604e-10 4.808634524777e-13 
6.163101550103e-12 4.157300933134e-10 4.560853583619e-09 1.993395129052e-08 4.461629246799e-08 8.347990029054e-08 3.701063897289e-08 1.157257556158e-08 1.126748651879e-09 9.209447755455e-12 
2.030459922732e-13 2.770398193868e-11 5.394988180389e-10 4.119332190917e-09 1.637481073115e-08 3.701063897289e-08 7.511552422514e-08 2.919232725777e-08 6.075197536327e-09 1.282491825529e-10 
2.840026583882e-15 8.168084552796e-13 2.882342936910e-11 3.854054393206e-10 2.737723967615e-09 1.157257556158e-08 2.919232725777e-08 6.752667739239e-08 2.002488306936e-08 1.325666746594e-09 
9.149901856913e-18 5.980360469788e-15 4.127772678542e-13 1.023511367298e-11 1.357596151604e-10 1.126748651879e-09 6.075197536327e-09 2.002488306936e-08 5.971807660471e-08 9.335094480042e-09 
1.082294102316e-21 1.879030206016e-18 3.021893441694e-16 1.652182150792e-14 4.808634524777e-13 9.209447755455e-12 1.282491825529e-10 1.325666746594e-09 9.335094480042e-09 4.714272143182e-08 
