6.093629723154e-08 1.563225157920e-08 3.185599284120e-09 4.248689377868e-10 3.958625015742e-11 2.392176723144e-12 8.072108056246e-14 1.146162651072e-15 3.722099989926e-18 4.356827987346e-22 
1.563225157920e-08 6.699700090294e-08 2.304436779786e-08 7.122622750126e-09 1.364662688952e-09 1.636787215635e-10 1.111183087973e-11 3.307587399925e-13 2.435580267055e-15 7.527452867182e-19 
3.185599284120e-09 2.304436779786e-08 6.266722344433e-08 2.279882286075e-08 8.385919988602e-09 1.815159710139e-09 2.174868929247e-10 1.170052019005e-11 1.680009236703e-13 1.204906961032e-16 
4.248689377868e-10 7.122622750126e-09 2.279882286075e-08 5.823092027738e-08 2.068338724761e-08 8.001654428377e-09 1.666603878831e-09 1.567587558639e-10 4.155676871599e-12 6.557437974734e-15 
3.958625015742e-11 1.364662688952e-09 8.385919988602e-09 2.068338724761e-08 5.424492871902e-08 1.801542618070e-08 6.645349727272e-09 1.114647742052e-09 5.489168100550e-11 1.899651452101e-13 
2.392176723144e-12 1.636787215635e-10 1.815159710139e-09 8.001654428377e-09 1.801542618070e-08 5.061861146597e-08 1.506060526379e-08 4.705171631237e-09 4.527780846374e-10 3.619099609980e-12 
8.072108056246e-14 1.111183087973e-11 2.174868929247e-10 1.666603878831e-09 6.645349727272e-09 1.506060526379e-08 4.729609126660e-08 1.180089745948e-08 2.421115573563e-09 5.003014340055e-11 
1.146162651072e-15 3.307587399925e-13 1.170052019005e-11 1.567587558639e-10 1.114647742052e-09 4.705171631237e-09 1.180089745948e-08 4.393192777966e-08 7.897413327664e-09 5.101461418925e-10 
3.722099989926e-18 2.435580267055e-15 1.680009236703e-13 4.155676871599e-12 5.489168100550e-11 4.527780846374e-10 2.421115573563e-09 7.897413327664e-09 4.042026306023e-08 3.487945881268e-09 
4.356827987346e-22 7.527452867182e-19 1.204906961032e-16 6.557437974734e-15 1.899651452101e-13 3.619099609980e-12 5.003014340055e-11 5.101461418925e-10 3.487945881268e-09 3.491325395289e-08 
