1.238940227815e-07 4.071325783788e-08 7.792696686389e-09 9.922748303553e-10 8.923056440059e-11 5.246438714208e-12 1.732733033878e-13 2.417522251442e-15 7.775772563969e-18 9.102675338597e-22 
4.071325783788e-08 1.240812546454e-07 5.443701770429e-08 1.623256733216e-08 3.021944639074e-09 3.544368398713e-10 2.362877533355e-11 6.941966748443e-13 5.082590977783e-15 1.575620630229e-18 
7.792696686389e-09 5.443701770429e-08 1.071253130955e-07 5.084686178596e-08 1.830309314699e-08 3.891496779465e-09 4.594323811325e-10 2.448890362666e-11 3.504124614979e-13 2.528452930994e-16 
9.922748303553e-10 1.623256733216e-08 5.084686178596e-08 9.393044994469e-08 4.455840396758e-08 1.699854674559e-08 3.502514900130e-09 3.275117178305e-10 8.667799093848e-12 1.380622218854e-14 
8.923056440059e-11 3.021944639074e-09 1.830309314699e-08 4.455840396758e-08 8.363763354576e-08 3.796864181570e-08 1.391242315385e-08 2.326108838080e-09 1.145679773922e-10 4.016478057344e-13 
5.246438714208e-12 3.544368398713e-10 3.891496779465e-09 1.699854674559e-08 3.796864181570e-08 7.517009907422e-08 3.145345362335e-08 9.813752700381e-09 9.467805370890e-10 7.693132444719e-12 
1.732733033878e-13 2.362877533355e-11 4.594323811325e-10 3.502514900130e-09 1.391242315385e-08 3.145345362335e-08 6.802624158494e-08 2.463109322810e-08 5.084156915488e-09 1.071120280703e-10 
2.417522251442e-15 6.941966748443e-13 2.448890362666e-11 3.275117178305e-10 2.326108838080e-09 9.813752700381e-09 2.463109322810e-08 6.115940458157e-08 1.672863040660e-08 1.103658711171e-09 
7.775772563969e-18 5.082590977783e-15 3.504124614979e-13 8.667799093848e-12 1.145679773922e-10 9.467805370890e-10 5.084156915488e-09 1.672863040660e-08 5.448353759603e-08 7.680674539992e-09 
9.102675338597e-22 1.575620630229e-18 2.528452930994e-16 1.380622218854e-14 4.016478057344e-13 7.693132444719e-12 1.071120280703e-10 1.103658711171e-09 7.680674539992e-09 4.357407993497e-08 
