-6.0641431926597118e-10 7.3534945454169097e-10 1.0840628957898994e-09 1.2917337542459814e-09 1.4402742596741293e-09 1.5581738014093240e-09 1.6591649207426567e-09 1.7521297959358052e-09 1.8464715897665080e-09 1.9756706382975722e-09 
-2.4381919687870279e-09 -1.1522072409152312e-10 4.8770894114158782e-10 8.5683568667997913e-10 1.1216390668978124e-09 1.3290976905948421e-09 1.5055474931771832e-09 1.6677497759331893e-09 1.8323352346467392e-09 2.0577295110500572e-09 
-3.5909432832172153e-09 -7.8906602850724871e-10 -8.3299386843672701e-11 3.5546931923661330e-10 6.8665692122975237e-10 9.4588732699321153e-10 1.1612978701400168e-09 1.3573181129332735e-09 1.5558739568471120e-09 1.8277566759863741e-09 
-4.4204640529412085e-09 -1.3151656711884268e-09 -5.3778802818208932e-10 -7.5326708317619725e-11 2.8324347326995559e-10 5.7984084982794695e-10 8.2617487735005161e-10 1.0452811004997390e-09 1.2649980978218662e-09 1.5654233071224140e-09 
-5.0462763007576277e-09 -1.7429939208632896e-09 -9.0303153426515357e-10 -4.1630454827914131e-10 -6.0983258999836173e-11 2.4327886973273318e-10 5.1303569743809808e-10 7.5390216397003314e-10 9.8946683518169204e-10 1.3086006629844751e-09 
-5.5309801129849790e-09 -2.1015786718808567e-09 -1.2201922805989856e-09 -7.0295702452403718e-10 -3.4311649600355475e-10 -5.3355869555012836e-11 2.1622808982142479e-10 4.7666513927241662e-10 7.3013664662600317e-10 1.0628254010019166e-09 
-5.9061634619916358e-09 -2.4050038268259729e-09 -1.5025563993620911e-09 -9.6567523413045584e-10 -5.8898512075557068e-10 -3.0248052745334675e-10 -5.5185086290643814e-11 2.0034236558797703e-10 4.7591263578832217e-10 8.2474407924691809e-10 
-6.1950395123014425e-09 -2.6666314464439691e-09 -1.7567928554142126e-09 -1.2131555999105229e-09 -8.2502751653612960e-10 -5.2518655360453212e-10 -2.8571074612601600e-10 -6.8545004111996439e-11 2.0096244845133685e-10 5.8404452811378449e-10 
-6.5389256657772676e-09 -2.9600757007162804e-09 -2.0372031050408652e-09 -1.4854599009733440e-09 -1.0894341675246204e-09 -7.7600523017575576e-10 -5.1566339182242319e-10 -3.0297672806311119e-10 -1.0301616807990571e-10 3.0212715394664987e-10 
-7.0983813331281245e-09 -3.4030272669591670e-09 -2.4501077602428990e-09 -1.8803886366618424e-09 -1.4712909266601185e-09 -1.1460468881913634e-09 -8.6767319638329468e-10 -6.1527385311082525e-10 -3.8991009294815622e-10 -1.0153876344345827e-10 
