-4.4031587605676652e-10 4.9850607105974848e-10 7.4257086068914439e-10 8.8793952544494520e-10 9.9190373620565839e-10 1.0744135788275516e-09 1.1450883540928811e-09 1.2101460590292647e-09 1.2761673349394204e-09 1.3665820335591024e-09 
-1.7891164103700252e-09 -9.2337100448603499e-11 3.4788127137472006e-10 6.1756350361722087e-10 8.1111461191871581e-10 9.6270841388117820e-10 1.0916094702364589e-09 1.2100946516351437e-09 1.3303199052278404e-09 1.4949643177533404e-09 
-2.6959578226944102e-09 -5.9643389816455403e-10 -6.7764605133639878e-11 2.6080341413560741e-10 5.0902984540590929e-10 7.0340229724009646e-10 8.6486203949026457e-10 1.0117493919629950e-09 1.1605280230814686e-09 1.3642497713191077e-09 
-3.3723548739521282e-09 -1.0056335707789578e-09 -4.1308256549177540e-10 -6.0781683954359791e-11 2.1231005840089614e-10 4.3838438898436319e-10 6.2621620617420261e-10 7.9324390246328901e-10 9.6070325334848316e-10 1.1896667431090893e-09 
-3.8937993329524327e-09 -1.3462838368561902e-09 -6.9840748403075963e-10 -3.2299746846650033e-10 -4.9124385836731801e-11 1.8537564052658346e-10 3.9343465716256927e-10 5.7926538702032818e-10 7.6095960229846464e-10 1.0070776924513469e-09 
-4.3019202324502636e-09 -1.6353245824270071e-09 -9.4995982760369454e-10 -5.4771609037099495e-10 -2.6791035044315934e-10 -4.2711535073881499e-11 1.6681845620217650e-10 3.6936408203454014e-10 5.6651182991896641e-10 8.2521030342207223e-10 
-4.6167831826853368e-09 -1.8802786230630280e-09 -1.1749232426730448e-09 -7.5528273621757883e-10 -4.6083553071142462e-10 -2.3690831575372305e-10 -4.3691618283237373e-11 1.5598988150897341e-10 3.7142302060025127e-10 6.4409031786078011e-10 
-4.8511081376716369e-09 -2.0881378087602198e-09 -1.3756756003532599e-09 -9.4997172575837977e-10 -6.4603883457446216e-10 -4.1124116347293183e-10 -2.2373329727945475e-10 -5.3701077793638349e-11 1.5738897620056123e-10 4.5736506972839432e-10 
-5.1031188897585165e-09 -2.3098318303224716e-09 -1.5895311521361467e-09 -1.1588964362938645e-09 -8.4979943398684165e-10 -6.0517344644021609e-10 -4.0200499360993221e-10 -2.3607463719938527e-10 -7.9917079606279155e-11 2.3647155820893713e-10 
-5.4270259486439916e-09 -2.6005389211278086e-09 -1.8716738427766825e-09 -1.4359094679823299e-09 -1.1230005452369630e-09 -8.7422963855338647e-10 -6.6131412027933022e-10 -4.6832197307885669e-10 -2.9633776755103871e-10 -7.5575803293638312e-11 
