-1.1199321173778546e-08 2.0863996970096597e-08 2.9186667277970493e-08 3.4145332837127862e-08 3.7693100417290150e-08 4.0509133025168725e-08 4.2921302561018496e-08 4.5141761776164878e-08 4.7395108159751152e-08 5.0481019847670019e-08 
-5.5896283548842629e-08 -2.9487229225126057e-09 1.0781613472830870e-08 1.9196712013951646e-08 2.5238627985903128e-08 2.9970555652719180e-08 3.3993333888155830e-08 3.7690621122321899e-08 4.1442127701757743e-08 4.6579682889174546e-08 
-8.6816493145228646e-08 -1.9453771484667104e-08 -2.4938993635178687e-09 8.0348598803643176e-09 1.5990581673490510e-08 2.2232572113611805e-08 2.7418899005400801e-08 3.2133086386316568e-08 3.6906377559420532e-08 4.3442193381761189e-08 
-1.1495751749869939e-07 -3.4692149495049771e-08 -1.4571406837389501e-08 -2.6362077009059452e-09 6.5731619271146925e-09 1.4226934973670962e-08 2.0615998845019246e-08 2.6291692155502583e-08 3.1972209014648297e-08 3.9736268802737451e-08 
-1.4468109207050140e-07 -5.0490821891411158e-08 -2.6505795073565159e-08 -1.2600400039799458e-08 -2.5231051247081699e-09 6.0841231756595864e-09 1.3779430729914005e-08 2.0678648037511992e-08 2.7407117830748258e-08 3.6507314394443092e-08 
-1.7360311044089322e-07 -6.6324949553918791e-08 -3.8741754802445469e-08 -2.2533619004261009e-08 -1.1272192160861091e-08 -2.2597165900856935e-09 6.1281419742412418e-09 1.4289878791828981e-08 2.2246657129999831e-08 3.2660555861804498e-08 
-1.9825877890841596e-07 -8.0952413742272520e-08 -5.0714372849671104e-08 -3.2718204778248751e-08 -2.0080806612402575e-08 -1.0477503232106754e-08 -2.2273279045013971e-09 6.2933235424787646e-09 1.5542476775407633e-08 2.7258073178845447e-08 
-2.2151369175813517e-07 -9.5552742307808437e-08 -6.3072235452424506e-08 -4.3663805532330939e-08 -2.9801916183521862e-08 -1.9080001509679990e-08 -1.0513984806760268e-08 -2.8066396197403680e-09 6.7337277891103858e-09 2.0471198202105680e-08 
-2.5988979793774174e-07 -1.1793130077282392e-07 -8.1324670800066773e-08 -5.9439179751952885e-08 -4.3729571991055006e-08 -3.1290291336484382e-08 -2.0931391722646837e-08 -1.2431846149354197e-08 -4.6158151859712480e-09 1.1318983933071338e-08 
-3.5598415898872995e-07 -1.7127028546491952e-07 -1.2363817869804842e-07 -9.5160513640277268e-08 -7.4711568572439512e-08 -5.8453832216183012e-08 -4.4535375541223115e-08 -3.1880355368294792e-08 -2.0398034514386677e-08 -6.1650173329499281e-09 
