-1.2510216908586455e-09 1.9260843813476945e-09 2.7509607359746771e-09 3.2421055099206868e-09 3.5935396337749316e-09 3.8725489438505916e-09 4.1115593207599470e-09 4.3315758652770597e-09 4.5548511764769213e-09 4.8606220340979316e-09 
-5.0715564184705211e-09 -1.8829009673830019e-10 1.0801814200075788e-09 1.8556613414035296e-09 2.4115432308796655e-09 2.8473214347883682e-09 3.2181505679040430e-09 3.5590756948392408e-09 3.9050135174803151e-09 4.3787639982710311e-09 
-7.1417149268434432e-09 -1.5500841766214750e-09 -1.4065689538408667e-10 7.3587132334348063e-10 1.3964209406572453e-09 1.9131940946309557e-09 2.3428981217870920e-09 2.7340801480907937e-09 3.1303528932938153e-09 3.6729723740411342e-09 
-8.5784198850112100e-09 -2.5444851856061746e-09 -1.0340920791522218e-09 -1.3480735991920361e-10 5.6247939247929881e-10 1.1386040134837070e-09 1.6169745633068060e-09 2.0426455297254111e-09 2.4695897676741414e-09 3.0533757067524126e-09 
-9.6813944757383253e-09 -3.3416494523630269e-09 -1.7297593914484923e-09 -7.9559783178718965e-10 -1.1326938981228237e-10 4.7083192490702398e-10 9.8838944626394009e-10 1.4505693005563351e-09 1.9026797286231121e-09 2.5151808703836389e-09 
-1.0596250057324462e-08 -4.0269817267051896e-09 -2.3386380848135235e-09 -1.3478120422332459e-09 -6.5837426490023193e-10 -1.0328171773409431e-10 4.1287719661824305e-10 9.1162415793911675e-10 1.3973081955586167e-09 2.0346711370654586e-09 
-1.1404827049620844e-08 -4.6467157927438060e-09 -2.9047601767535723e-09 -1.8683900152771392e-09 -1.1410972642361643e-09 -5.8787142948413017e-10 -1.1085051211041409e-10 3.8162941837249346e-10 9.1365582483090106e-10 1.5874662855860963e-09 
-1.2189269448352835e-08 -5.2506579361066317e-09 -3.4614597298313809e-09 -2.3923805780379880e-09 -1.6290192594122785e-09 -1.0390324124624998e-09 -5.6774310989318683e-10 -1.4159732712330716e-10 3.8682841960974579e-10 1.1413871718089612e-09 
-1.3342507149942253e-08 -6.0449262850897843e-09 -4.1631100621201110e-09 -3.0380572144981192e-09 -2.2305107091560273e-09 -1.5912765716161555e-09 -1.0598392871706482e-09 -6.2508546008308130e-10 -2.1944806721202640e-10 6.0444248634830547e-10 
-1.5836392000495620e-08 -7.6045030155415554e-09 -5.4817487702476369e-09 -4.2126240569134659e-09 -3.3013045517665033e-09 -2.5767755889373391e-09 -1.9565921053557542e-09 -1.3936309058626734e-09 -8.8746663860859190e-10 -2.4782672799097705e-10 
