1.986811289938e-07 6.717072314274e-08 1.250360787298e-08 1.567731249658e-09 1.398471629888e-10 8.199201334989e-12 2.712850726440e-13 3.810701271071e-15 1.242344215190e-17 1.496532764242e-21 
6.717072314274e-08 1.826727433450e-07 8.630206483337e-08 2.549475075338e-08 4.725831444365e-09 5.542322263297e-10 3.710014146689e-11 1.099005259003e-12 8.167694963634e-15 2.603081878301e-18 
1.250360787298e-08 8.630206483337e-08 1.522820279276e-07 7.957352596939e-08 2.860760414164e-08 6.095385329161e-09 7.236705040931e-10 3.894001328255e-11 5.662923568073e-13 4.195671021970e-16 
1.567731249658e-09 2.549475075338e-08 7.957352596939e-08 1.309285264613e-07 6.972313091408e-08 2.670146879998e-08 5.538369800175e-09 5.233724126461e-10 1.408854623997e-11 2.300562641345e-14 
1.398471629888e-10 4.725831444365e-09 2.860760414164e-08 6.972313091408e-08 1.152077554367e-07 5.989283128920e-08 2.211109760623e-08 3.739846201948e-09 1.873694275647e-10 6.720575536422e-13 
8.199201334989e-12 5.542322263297e-10 6.095385329161e-09 2.670146879998e-08 5.989283128920e-08 1.027281157161e-07 5.033784515664e-08 1.590018963951e-08 1.559214943723e-09 1.293066342134e-11 
2.712850726440e-13 3.710014146689e-11 7.236705040931e-10 5.538369800175e-09 2.211109760623e-08 5.033784515664e-08 9.254367714443e-08 4.029205316185e-08 8.440274177036e-09 1.810675247727e-10 
3.810701271071e-15 1.099005259003e-12 3.894001328255e-11 5.233724126461e-10 3.739846201948e-09 1.590018963951e-08 4.029205316185e-08 8.272904843587e-08 2.803147692162e-08 1.883079515519e-09 
1.242344215190e-17 8.167694963634e-15 5.662923568073e-13 1.408854623997e-11 1.873694275647e-10 1.559214943723e-09 8.440274177036e-09 2.803147692162e-08 7.281976298361e-08 1.336012952072e-08 
1.496532764242e-21 2.603081878301e-18 4.195671021970e-16 2.300562641345e-14 6.720575536422e-13 1.293066342134e-11 1.810675247727e-10 1.883079515519e-09 1.336012952072e-08 5.590588044792e-08 
