2.233403269499e-07 7.559361279895e-08 1.400894315471e-08 1.754153398568e-09 1.564616177352e-10 9.198556776806e-12 3.046449633758e-13 4.300139341503e-15 1.411678110534e-17 1.699579703217e-21 
7.559361279895e-08 2.013664147313e-07 9.658727971389e-08 2.851912294343e-08 5.295472411072e-09 6.222892424850e-10 4.171655664878e-11 1.245277318189e-12 9.269640062793e-15 2.964014956451e-18 
1.400894315471e-08 9.658727971389e-08 1.669992358834e-07 8.909617005551e-08 3.210633156080e-08 6.846433453646e-09 8.160529638700e-10 4.421868131967e-11 6.418427927222e-13 4.791400065856e-16 
1.754153398568e-09 2.851912294343e-08 8.909617005551e-08 1.434631106393e-07 7.829904066565e-08 3.003505088595e-08 6.268252087874e-09 5.945384056535e-10 1.596054212536e-11 2.635212369418e-14 
1.564616177352e-10 5.295472411072e-09 3.210633156080e-08 7.829904066565e-08 1.260105831712e-07 6.763428204743e-08 2.510309213520e-08 4.243912635156e-09 2.124474127116e-10 7.721768323990e-13 
9.198556776806e-12 6.222892424850e-10 6.846433453646e-09 3.003505088595e-08 6.763428204743e-08 1.127608802243e-07 5.717561994118e-08 1.801728036550e-08 1.772632709123e-09 1.490347789221e-11 
3.046449633758e-13 4.171655664878e-11 8.160529638700e-10 6.268252087874e-09 2.510309213520e-08 5.717561994118e-08 1.011346333623e-07 4.568826279815e-08 9.642431891332e-09 2.094046597704e-10 
4.300139341503e-15 1.245277318189e-12 4.421868131967e-11 5.945384056535e-10 4.243912635156e-09 1.801728036550e-08 4.568826279815e-08 9.035811158522e-08 3.223765409557e-08 2.186915054178e-09 
1.411678110534e-17 9.269640062793e-15 6.418427927222e-13 1.596054212536e-11 2.124474127116e-10 1.772632709123e-09 9.642431891332e-09 3.223765409557e-08 7.990164881373e-08 1.560590505918e-08 
1.699579703217e-21 2.964014956451e-18 4.791400065856e-16 2.635212369418e-14 7.721768323990e-13 1.490347789221e-11 2.094046597704e-10 2.186915054178e-09 1.560590505918e-08 6.083050298173e-08 
