6.447408927123e-08 1.717023030327e-08 3.479700556132e-09 4.620841875816e-10 4.285842431282e-11 2.582536538795e-12 8.693665041347e-14 1.228796462494e-15 3.993605126984e-18 4.644849247245e-22 
1.717023030327e-08 7.061970660579e-08 2.508902878842e-08 7.723945341566e-09 1.474337667221e-09 1.765238139077e-10 1.193633910465e-11 3.546111230431e-13 2.610782162100e-15 8.028557677722e-19 
3.479700556132e-09 2.508902878842e-08 6.560165524336e-08 2.464929337430e-08 9.050088088042e-09 1.954120808474e-09 2.332628047383e-10 1.255100790422e-11 1.797848805442e-13 1.286561495485e-16 
4.620841875816e-10 7.723945341566e-09 2.464929337430e-08 6.061517069551e-08 2.229011380192e-08 8.593447149108e-09 1.786728175148e-09 1.681593868408e-10 4.439336090018e-12 7.012164949906e-15 
4.285842431282e-11 1.474337667221e-09 9.050088088042e-09 2.229011380192e-08 5.618664894211e-08 1.931502931836e-08 7.127830665686e-09 1.194540356397e-09 5.855959676413e-11 2.034262555261e-13 
2.582536538795e-12 1.765238139077e-10 1.954120808474e-09 8.593447149108e-09 1.931502931836e-08 5.224191316807e-08 1.615437846916e-08 5.031223290593e-09 4.828754387532e-10 3.879034361529e-12 
8.693665041347e-14 1.193633910465e-11 2.332628047383e-10 1.786728175148e-09 7.127830665686e-09 1.615437846916e-08 4.863620132346e-08 1.258891996556e-08 2.585876720417e-09 5.361128266668e-11 
1.228796462494e-15 3.546111230431e-13 1.255100790422e-11 1.681593868408e-10 1.194540356397e-09 5.031223290593e-09 1.258891996556e-08 4.498860677099e-08 8.458048342252e-09 5.454865846428e-10 
3.993605126984e-18 2.610782162100e-15 1.797848805442e-13 4.439336090018e-12 5.855959676413e-11 4.828754387532e-10 2.585876720417e-09 8.458048342252e-09 4.128025880702e-08 3.717854714053e-09 
4.644849247245e-22 8.028557677722e-19 1.286561495485e-16 7.012164949906e-15 2.034262555261e-13 3.879034361529e-12 5.361128266668e-11 5.454865846428e-10 3.717854714053e-09 3.539482473955e-08 
