1.068528817786e-09 2.641528650148e-09 3.584010939736e-09 4.198186337508e-09 4.643451171937e-09 4.997495870885e-09 5.300826210389e-09 5.580055402359e-09 5.863423197589e-09 6.251470069877e-09 
7.881017060356e-11 6.319773210338e-10 1.498525334106e-09 2.318730600439e-09 2.981312409560e-09 3.514764309080e-09 3.970661959585e-09 4.389982887052e-09 4.815483540665e-09 5.398179003794e-09 
4.724936251058e-12 9.701944751544e-11 4.453327301165e-10 1.055551192018e-09 1.736457773355e-09 2.342096403757e-09 2.863282006644e-09 3.340626432496e-09 3.824460455824e-09 4.486982538030e-09 
-1.887088934514e-13 1.861886032625e-12 6.159768038320e-11 3.231529183030e-10 8.244352939538e-10 1.416110207070e-09 1.975746663641e-09 2.492238461967e-09 3.013261307208e-09 3.725938500372e-09 
-8.175281296493e-14 -2.528355307188e-12 -6.855251524727e-12 4.273206773189e-11 2.640574148962e-10 6.924733827858e-10 1.230011509668e-09 1.776341480724e-09 2.328492838375e-09 3.079198559377e-09 
-7.650156844568e-15 -4.780457514148e-13 -4.143901393083e-12 -8.199155229919e-12 3.171740320396e-11 2.138171920301e-10 6.019122247100e-10 1.135107026036e-09 1.720562771107e-09 2.506281539551e-09 
-2.954497274097e-16 -3.800002405189e-14 -6.800306795015e-13 -4.465965344410e-12 -1.190140690894e-11 7.370466691679e-12 1.543199947274e-10 5.415390096593e-10 1.139220792274e-09 1.972388931895e-09 
-4.586747037177e-18 -1.348067239975e-15 -4.877912765810e-14 -6.647622198273e-13 -4.709385344548e-12 -1.840171315125e-11 -2.904176938985e-11 7.589231376622e-11 5.286408472545e-10 1.436833828681e-09 
-1.907432178561e-20 -1.351744464254e-17 -1.007744915195e-15 -2.706410477745e-14 -3.922863246464e-13 -3.610148677474e-12 -2.181735265627e-11 -7.641177997268e-11 -4.172622652363e-11 7.842468860414e-10 
-3.887548606750e-24 -7.482950725852e-21 -1.331959964082e-18 -8.075782137385e-17 -2.617523092677e-15 -5.632523625210e-14 -8.966937216320e-13 -1.088673982328e-11 -9.100542278385e-11 -1.854861223582e-11 
