-3.9128286511436326e-10 4.3359670354631965e-10 6.4806106493709469e-10 7.7580613584655823e-10 8.6716282022944293e-10 9.3966452769101626e-10 1.0017664357160643e-09 1.0589329735040671e-09 1.1169467653486075e-09 1.1963968479333849e-09 
-1.5968721908257297e-09 -8.4814770182137949e-11 3.0742117370769353e-10 5.4776630480094130e-10 7.2029266526259374e-10 8.5540567094536724e-10 9.7028190014718094e-10 1.0758735772571007e-09 1.1830167282158732e-09 1.3297483277352044e-09 
-2.4263729541783071e-09 -5.3815120556476639e-10 -6.2754321373262766e-11 2.3267533554110135e-10 4.5594834650314582e-10 6.3080972929650755e-10 7.7604143904457935e-10 9.0815168715572240e-10 1.0419608682682750e-09 1.2251880175743214e-09 
-3.0540148437383472e-09 -9.1153699338709241e-10 -3.7511251395750670e-10 -5.6256605184725871e-11 1.9089645231342621e-10 3.9557098776601277e-10 5.6564774581370014e-10 7.1686934047177862e-10 8.6846904286789408e-10 1.0757482282386135e-09 
-3.5427225549601893e-09 -1.2254266752825264e-09 -6.3606872930437604e-10 -2.9457678899246005e-10 -4.5514449597168570e-11 1.6774472858966511e-10 3.5702228957780949e-10 5.2609970605321661e-10 6.9139288713304843e-10 9.1528237447257868e-10 
-3.9279256730956569e-09 -1.4934820717302534e-09 -8.6777394318993990e-10 -5.0052913980167634e-10 -2.4508750151850540e-10 -3.9544112736184188e-11 1.5171242238646080e-10 3.3665719561869126e-10 5.1668137021302302e-10 7.5287775999082702e-10 
-4.2263743316197940e-09 -1.7214563458017375e-09 -1.0757911464645205e-09 -6.9165652738046895e-10 -4.2211791485822295e-10 -2.1715098679312174e-10 -4.0327056896836695e-11 1.4244084050353239e-10 3.3968898586121405e-10 5.8931890517805453e-10 
-4.4480776637348563e-09 -1.9147297723828469e-09 -1.2614761873869082e-09 -8.7114825708549615e-10 -5.9246965595668642e-10 -3.7718200617292192e-10 -2.0527209042918973e-10 -4.9410447067350622e-11 1.4414914798579771e-10 4.1926126248063503e-10 
-4.6798540784891651e-09 -2.1182286880072419e-09 -1.4576642388852606e-09 -1.0627416254813322e-09 -7.7927655722151831e-10 -5.5493604946905627e-10 -3.6862210572295879e-10 -2.1648789095189945e-10 -7.3313028375040219e-11 2.1693535592718981e-10 
-4.9509895759538860e-09 -2.3721281530331849e-09 -1.7071161701252632e-09 -1.3095259974106963e-09 -1.0240275645858578e-09 -7.9704768625019869e-10 -6.0278283075089445e-10 -4.2671165067321467e-10 -2.6991461390015076e-10 -6.8496571802959873e-11 
