2.089350206680e-10 5.597578913943e-10 7.859672706166e-10 9.358859736955e-10 1.044861636866e-09 1.131516532906e-09 1.205754514120e-09 1.274093348846e-09 1.343445042363e-09 1.438416268115e-09 
2.009261482749e-11 1.693795784229e-10 4.145717880817e-10 6.532576167010e-10 8.482150108242e-10 1.005468752724e-09 1.139831354485e-09 1.263399641918e-09 1.388787407171e-09 1.560497799351e-09 
1.295692054547e-12 2.799604461907e-11 1.332817211842e-10 3.235243027105e-10 5.394368107132e-10 7.327612990431e-10 8.992777426630e-10 1.051747173537e-09 1.206277275482e-09 1.417876592099e-09 
-6.724845741161e-14 3.852621529744e-13 1.888035809349e-11 1.031659204093e-10 2.678153612939e-10 4.641383786501e-10 6.503993864370e-10 8.223311971551e-10 9.957457201975e-10 1.232942328045e-09 
-2.689612076407e-14 -8.479751947526e-13 -2.426132808610e-12 1.375913462612e-11 8.791413997396e-11 2.326947050103e-10 4.148455833015e-10 6.001079583593e-10 7.872928511713e-10 1.041775540850e-09 
-2.551659847394e-15 -1.613147601780e-13 -1.410820414290e-12 -2.829946449206e-12 1.067261254621e-11 7.259149604068e-11 2.048440183995e-10 3.864949066836e-10 5.854660392743e-10 8.524185694053e-10 
-1.000716752193e-16 -1.292201047469e-14 -2.316182195388e-13 -1.522908524406e-12 -4.060098529273e-12 2.588006177419e-12 5.305071640555e-11 1.847706904340e-10 3.857729303370e-10 6.650982621362e-10 
-1.561933571989e-18 -4.594893783615e-16 -1.662452602431e-14 -2.259813421535e-13 -1.589489414863e-12 -6.107364036744e-12 -9.125796637361e-12 2.686794560136e-11 1.763160269000e-10 4.719992319729e-10 
-6.491540182856e-21 -4.577659156159e-18 -3.387427771602e-16 -9.014575302134e-15 -1.293170557105e-13 -1.176505361221e-12 -7.017843775093e-12 -2.407842892936e-11 -1.058542605537e-11 2.495142164534e-10 
-1.273978730533e-24 -2.435271427277e-21 -4.309034991298e-19 -2.597667278288e-17 -8.366424490855e-16 -1.785695601861e-14 -2.808050729658e-13 -3.337033278014e-12 -2.677611242656e-11 -7.479953016288e-13 
