-1.3075569768669088e-09 2.0516609811403394e-09 2.9237611492417738e-09 3.4430233285121698e-09 3.8145867115103327e-09 4.1095822311012524e-09 4.3622892790400175e-09 4.5949158063454303e-09 4.8309901648893351e-09 5.1542950117860531e-09 
-5.3191516732441018e-09 -1.9475294221706055e-10 1.1364059198607101e-09 1.9501671887326516e-09 2.5334779309587163e-09 2.9907713309046803e-09 3.3799172893040282e-09 3.7376858185757676e-09 4.1007182869085584e-09 4.5978884777521602e-09 
-7.4769982048091925e-09 -1.6222286957940514e-09 -1.4645562875888953e-10 7.7135570560518923e-10 1.4630047474995537e-09 2.0041060523482433e-09 2.4540443788794693e-09 2.8636497344787715e-09 3.2785890743659657e-09 3.8467792084315996e-09 
-8.9774320100429556e-09 -2.6628639193709843e-09 -1.0822417157393182e-09 -1.4113654574632196e-10 5.8859428352003501e-10 1.1915407861976333e-09 1.6921912633667036e-09 2.1376837197375836e-09 2.5845051995093358e-09 3.1954789978540705e-09 
-1.0136524006059730e-08 -3.4990509024003413e-09 -1.8114598369300521e-09 -8.3343467696031437e-10 -1.1909151951456712e-10 4.9242382792982381e-10 1.0343202769923457e-09 1.5182570073225222e-09 1.9916345206220762e-09 2.6329387919138842e-09 
-1.1107044789515339e-08 -4.2215346604383752e-09 -2.4519048554566384e-09 -1.4133649829857049e-09 -6.9074506355409083e-10 -1.0898520015417320e-10 4.3198079920990917e-10 9.5478749532414672e-10 1.4639348693771282e-09 2.1320352974242784e-09 
-1.1975589082675098e-08 -4.8797490762421907e-09 -3.0507342159254626e-09 -1.9625573095611345e-09 -1.1988950383284989e-09 -6.1802851871493057e-10 -1.1726136277832809e-10 3.9975391846449680e-10 9.5847791819518002e-10 1.6660900970860344e-09 
-1.2830722747437164e-08 -5.5274638274620458e-09 -3.6442313213715974e-09 -2.5189590574295326e-09 -1.7154616507872064e-09 -1.0944361197978547e-09 -5.9838505083638746e-10 -1.5000415416001784e-10 4.0608286472476201e-10 1.2005692145156748e-09 
-1.4097256631450746e-08 -6.3874279360533787e-09 -4.3992999102581090e-09 -3.2106835757778896e-09 -2.3575071411829739e-09 -1.6821411126844403e-09 -1.1206297205716816e-09 -6.6126839397288892e-10 -2.3304221961415868e-10 6.3734130000593636e-10 
-1.6852215591985901e-08 -8.0932690005663257e-09 -5.8345956980105016e-09 -4.4842045183499535e-09 -3.5145258657453286e-09 -2.7435952456750912e-09 -2.0836842559842217e-09 -1.4846143432321048e-09 -9.4579872554402199e-10 -2.6558179926829979e-10 
