5.360527703809e-10 1.380144293411e-09 1.903616524656e-09 2.247128273725e-09 2.496414435729e-09 2.694632924191e-09 2.864454555998e-09 3.020782558412e-09 3.179427561286e-09 3.396678023438e-09 
4.516593207874e-11 3.697194119315e-10 8.873923019553e-10 1.382147881658e-09 1.783193356761e-09 2.106237285592e-09 2.382292814139e-09 2.636192319302e-09 2.893832934456e-09 3.246655034123e-09 
2.795695362762e-12 5.846120924710e-11 2.715613406371e-10 6.482430669070e-10 1.070396838849e-09 1.446362324368e-09 1.769898009820e-09 2.066195763488e-09 2.366518985318e-09 2.777756765670e-09 
-1.212746138947e-13 1.048988941189e-12 3.790716484274e-11 2.008849430111e-10 5.143414765827e-10 8.845842869747e-10 1.234637059768e-09 1.557613452216e-09 1.883416432903e-09 2.329070642142e-09 
-5.118529140307e-14 -1.588162471931e-12 -4.331934480210e-12 2.673327627561e-11 1.655245895925e-10 4.337919624965e-10 7.697160493706e-10 1.110609629382e-09 1.454984189859e-09 1.923242052059e-09 
-4.796173620725e-15 -2.996577986268e-13 -2.592634981992e-12 -5.086107515854e-12 2.003933232770e-11 1.339325552586e-10 3.755175649701e-10 7.058429499280e-10 1.067518402039e-09 1.552904665718e-09 
-1.850226351260e-16 -2.373747889487e-14 -4.234207058399e-13 -2.766603953348e-12 -7.280302714411e-12 5.063673458583e-12 9.643928512441e-11 3.342193439355e-10 6.980213768871e-10 1.203977150642e-09 
-2.856363346695e-18 -8.360681134047e-16 -3.011195899171e-14 -4.079686407889e-13 -2.866829602290e-12 -1.105743119567e-11 -1.681668596854e-11 4.789927865751e-11 3.195599524893e-10 8.585169391285e-10 
-1.172692435417e-20 -8.259237040557e-18 -6.119477329703e-16 -1.633042003729e-14 -2.350787141614e-13 -2.145962875427e-12 -1.283283531294e-11 -4.419112789522e-11 -2.126252008358e-11 4.574479003902e-10 
-2.320433628983e-24 -4.443511103576e-21 -7.870526426462e-19 -4.747999975787e-17 -1.530679339222e-15 -3.274002702213e-14 -5.174620827925e-13 -6.223263320281e-12 -5.121525162435e-11 -5.765760258171e-12 
