-5.3145665960509555e-10 6.2511744767241159e-10 9.2574367065788379e-10 1.1047871599073544e-09 1.2328444172656764e-09 1.3344819171083850e-09 1.4215426577237794e-09 1.5016847439870407e-09 1.5830146120900502e-09 1.6943961527106112e-09 
-2.1452318286159173e-09 -1.0533891161031002e-10 4.2402982414658414e-10 7.4821397904672262e-10 9.8082003059823300e-10 1.1630314449853217e-09 1.3179910958462047e-09 1.4604355982711038e-09 1.6049739936099685e-09 1.8029181075231541e-09 
-3.1894655652655578e-09 -7.0280599848557824e-10 -7.6537178641822776e-11 3.1277353521228931e-10 6.0674693891163661e-10 8.3688446405929179e-10 1.0280897401676753e-09 1.2020650531953164e-09 1.3782881720252218e-09 1.6195946334373723e-09 
-3.9515869375740766e-09 -1.1767434225991449e-09 -4.8207359666232848e-10 -6.8913532689190480e-11 2.5142126447611110e-10 5.1648679836935803e-10 7.3666023432423359e-10 9.3247370421895688e-10 1.1288176674554758e-09 1.3972851370512437e-09 
-4.5310009141190454e-09 -1.5656262779022556e-09 -8.1155215496493772e-10 -3.7461011492697185e-10 -5.5710461693604969e-11 2.1737558080657765e-10 4.5956777107045659e-10 6.7584186832957407e-10 8.8733055614064077e-10 1.1738352125301020e-09 
-4.9808666905613991e-09 -1.8928718486816553e-09 -1.0992183356026011e-09 -6.3345623746081102e-10 -3.0944937129720153e-10 -4.8588747300487120e-11 1.9413378831362253e-10 4.2868604788723857e-10 6.5696428041799702e-10 9.5655489044085091e-10 
-5.3274152925086549e-09 -2.1694463163818073e-09 -1.3554552274061525e-09 -8.7119367590247804e-10 -5.3142341722782737e-10 -2.7302110873588231e-10 -5.0000871990434549e-11 1.8048953574577401e-10 4.2909862971990966e-10 7.4376708231111226e-10 
-5.5888080988520847e-09 -2.4056509924468490e-09 -1.5848366256387626e-09 -1.0943904844324850e-09 -7.4423831504244734e-10 -4.7374406070186011e-10 -2.5772913131121191e-10 -6.1830258850832836e-11 1.8136726638294050e-10 5.2700851565600802e-10 
-5.8863635354143580e-09 -2.6645144880603180e-09 -1.8336986487506133e-09 -1.3369901742913449e-09 -9.8046579447218930e-10 -6.9830258691828260e-10 -4.6395215924111084e-10 -2.7255190987677303e-10 -9.2519614992193081e-11 2.7238732444648693e-10 
-6.3270135926792534e-09 -3.0325997218208698e-09 -2.1830679306969312e-09 -1.6751590499742080e-09 -1.3104438081955128e-09 -1.0204838387508327e-09 -7.7231137564219978e-10 -5.4732853981300726e-10 -3.4665087580317982e-10 -8.9509710029718852e-11 
