-3.8015097606499584e-10 4.1920551909713359e-10 6.2703834223167320e-10 7.5083489852444047e-10 8.3936696869797203e-10 9.0962642639117933e-10 9.6980756973261399e-10 1.0252059741741623e-09 1.0814254267490530e-09 1.1584181549215990e-09 
-1.5531807786842232e-09 -8.3046436061416556e-11 2.9830045387561288e-10 5.3198539444515992e-10 6.9973794780733587e-10 8.3110933363248192e-10 9.4280171009521889e-10 1.0454662389363852e-09 1.1496391669073104e-09 1.2923030682168836e-09 
-2.3647288718298192e-09 -5.2479874639196297e-10 -6.1574089926229367e-11 2.2628205704934563e-10 4.4384868474705340e-10 6.1424797722687381e-10 7.5576934258850862e-10 8.8450122011639905e-10 1.0148878117537397e-09 1.1934282620176500e-09 
-2.9809690993979515e-09 -8.8993465235794614e-10 -3.6638377050515266e-10 -5.5197718004301212e-11 1.8600307308511005e-10 3.8576417441900168e-10 5.5176488827980009e-10 6.9935872113982370e-10 8.4731847540140237e-10 1.0496200189572330e-09 
-3.4620332382244691e-09 -1.1976452061826101e-09 -6.2173475257068125e-10 -2.8803510011119232e-10 -4.4673350575492410e-11 1.6370213400035868e-10 3.4865944772608101e-10 5.1388354865589683e-10 6.7540546665454756e-10 8.9418320601610940e-10 
-3.8419308516051002e-09 -1.4608659199332060e-09 -8.4887473250524663e-10 -4.8967625586595954e-10 -2.3983426952240932e-10 -3.8808731632456962e-11 1.4824344869483443e-10 3.2913617415675283e-10 5.0521969025850470e-10 7.3623855243486506e-10 
-4.1367040424852470e-09 -1.6849784293286841e-09 -1.0530237062295378e-09 -6.7704447048620118e-10 -4.1322582113248907e-10 -2.1261085506530864e-10 -3.9550832500936182e-11 1.3932829909041235e-10 3.3239338412463494e-10 5.7672687615956915e-10 
-4.3557238010866927e-09 -1.8749939437766884e-09 -1.2353085205748049e-09 -8.5308757805235555e-10 -5.8019626030175002e-10 -3.6937815059779604e-10 -2.0103875765546475e-10 -4.8420922301301451e-11 1.4111505398825750e-10 4.1051908000716636e-10 
-4.5833875761351303e-09 -2.0745626591645635e-09 -1.4276138290572224e-09 -1.0408313958191312e-09 -7.6320910440442938e-10 -5.4349256442595568e-10 -3.6101874328070174e-10 -2.1202205464723131e-10 -7.1801079363613821e-11 2.1247230290979775e-10 
-4.8438027538769213e-09 -2.3207032490143405e-09 -1.6700706146976288e-09 -1.2810774114400025e-09 -1.0017522237867224e-09 -7.7968027837726235e-10 -5.8961622348690490e-10 -4.1735531668826380e-10 -2.6397015596591450e-10 -6.6899459016034225e-11 
