4.495651615558e-07 1.540971327592e-07 2.864282457649e-08 3.646346208977e-09 3.332329703627e-10 2.014421055036e-11 6.898828098918e-13 1.010104439805e-14 3.474469490193e-17 4.478552381397e-21 
1.540971327592e-07 3.816734812960e-07 1.996908396630e-07 6.022538567346e-08 1.147176173936e-08 1.388423209134e-09 9.622129416349e-11 2.972758596948e-12 2.320885950386e-14 7.884654062165e-18 
2.864282457649e-08 1.996908396630e-07 3.202672372732e-07 1.916166263901e-07 7.079103314213e-08 1.554353070781e-08 1.910590987408e-09 1.071621422756e-10 1.630925809452e-12 1.286344587250e-15 
3.646346208977e-09 6.022538567346e-08 1.916166263901e-07 2.813120996700e-07 1.762067381461e-07 6.942747355139e-08 1.489901261613e-08 1.463923610719e-09 4.109885444214e-11 7.144247562969e-14 
3.332329703627e-10 1.147176173936e-08 7.079103314213e-08 1.762067381461e-07 2.533113283110e-07 1.593010666746e-07 6.073278807529e-08 1.063695394411e-08 5.541266479780e-10 2.116316575295e-12 
2.014421055036e-11 1.388423209134e-09 1.554353070781e-08 6.942747355139e-08 1.593010666746e-07 2.316784289488e-07 1.414260641554e-07 4.605463378841e-08 4.687338481588e-09 4.136450606157e-11 
6.898828098918e-13 9.622129416349e-11 1.910590987408e-09 1.489901261613e-08 6.073278807529e-08 1.414260641554e-07 2.133852045160e-07 1.192170315105e-07 2.592673759134e-08 5.901869965336e-10 
1.010104439805e-14 2.972758596948e-12 1.071621422756e-10 1.463923610719e-09 1.063695394411e-08 4.605463378841e-08 1.192170315105e-07 1.940941853712e-07 8.873203222298e-08 6.282337106329e-09 
3.474469490193e-17 2.320885950386e-14 1.630925809452e-12 4.109885444214e-11 5.541266479780e-10 4.687338481588e-09 2.592673759134e-08 8.873203222298e-08 1.752274819226e-07 4.576329207276e-08 
4.478552381397e-21 7.884654062165e-18 1.286344587250e-15 7.144247562969e-14 2.116316575295e-12 4.136450606157e-11 5.901869965336e-10 6.282337106329e-09 4.576329207276e-08 1.256123044716e-07 
