1.537491143149e-07 5.152429678369e-08 9.718384876808e-09 1.226444206312e-09 1.097060381352e-10 6.431727989544e-12 2.121274217078e-13 2.965830237128e-15 9.568299979811e-18 1.134254465724e-21 
5.152429678369e-08 1.480399830777e-07 6.742493681450e-08 1.998605143924e-08 3.708309664399e-09 4.340529164417e-10 2.894863712441e-11 8.526241068880e-13 6.265118987244e-15 1.967880927455e-18 
9.718384876808e-09 6.742493681450e-08 1.254400033395e-07 6.244132646488e-08 2.242855295255e-08 4.764830405088e-09 5.634780382332e-10 3.010422556965e-11 4.329298305358e-13 3.163891742565e-16 
1.226444206312e-09 1.998605143924e-08 6.244132646488e-08 1.087662649051e-07 5.455583310781e-08 2.082852580207e-08 4.300504687674e-09 4.030650672196e-10 1.073827627362e-11 1.730418070676e-14 
1.097060381352e-10 3.708309664399e-09 2.242855295255e-08 5.455583310781e-08 9.610877408063e-08 4.658889945123e-08 1.710097499306e-08 2.868100323138e-09 1.423768034666e-10 5.042247354408e-13 
6.431727989544e-12 4.340529164417e-10 4.764830405088e-09 2.082852580207e-08 4.658889945123e-08 8.591540967359e-08 3.872392358912e-08 1.213941505130e-08 1.180641896111e-09 9.677532015491e-12 
2.121274217078e-13 2.894863712441e-11 5.634780382332e-10 4.300504687674e-09 1.710097499306e-08 3.872392358912e-08 7.740037871701e-08 3.061359896053e-08 6.362640209328e-09 1.351824771050e-10 
2.965830237128e-15 8.526241068880e-13 3.010422556965e-11 4.030650672196e-10 2.868100323138e-09 1.213941505130e-08 3.061359896053e-08 6.938679712918e-08 2.101608626223e-08 1.401534482390e-09 
9.568299979811e-18 6.265118987244e-15 4.329298305358e-13 1.073827627362e-11 1.423768034666e-10 1.180641896111e-09 6.362640209328e-09 2.101608626223e-08 6.146810268835e-08 9.864614365964e-09 
1.134254465724e-21 1.967880927455e-18 3.163891742565e-16 1.730418070676e-14 5.042247354408e-13 9.677532015491e-12 1.351824771050e-10 1.401534482390e-09 9.864614365964e-09 4.817797928224e-08 
