9.356989148055e-08 2.914768219429e-08 5.704972626619e-09 7.375341091141e-10 6.704427475115e-11 3.972848564992e-12 1.317783633691e-13 1.846127125894e-15 5.927024547277e-18 6.904867863838e-22 
2.914768219429e-08 9.814581048797e-08 4.031695535707e-08 1.215546711511e-08 2.282449454779e-09 2.691038336158e-10 1.800919685729e-11 5.303238155770e-13 3.867981912750e-15 1.193587912908e-18 
5.704972626619e-09 4.031695535707e-08 8.721648373177e-08 3.832589170228e-08 1.387436049510e-08 2.960499379231e-09 3.507030072358e-10 1.869228286073e-11 2.663966364679e-13 1.911620886304e-16 
7.375341091141e-10 1.215546711511e-08 3.832589170228e-08 7.799551491392e-08 3.386478763583e-08 1.295867468578e-08 2.675453887198e-09 2.496369305502e-10 6.584943723515e-12 1.040971341257e-14 
6.704427475115e-11 2.282449454779e-09 1.387436049510e-08 3.386478763583e-08 7.044248119361e-08 2.899594602388e-08 1.062061603209e-08 1.770210626912e-09 8.697216591771e-11 3.017763964305e-13 
3.972848564992e-12 2.691038336158e-10 2.960499379231e-09 1.295867468578e-08 2.899594602388e-08 6.407069045164e-08 2.396404972844e-08 7.458485781537e-09 7.177254411917e-10 5.755503065914e-12 
1.317783633691e-13 1.800919685729e-11 3.507030072358e-10 2.675453887198e-09 1.062061603209e-08 2.396404972844e-08 5.848104841949e-08 1.869805584031e-08 3.841498498721e-09 7.973334045006e-11 
1.846127125894e-15 5.303238155770e-13 1.869228286073e-11 2.496369305502e-10 1.770210626912e-09 7.458485781537e-09 1.869805584031e-08 5.314726079288e-08 1.255098028991e-08 8.170025369112e-10 
5.927024547277e-18 3.867981912750e-15 2.663966364679e-13 6.584943723515e-12 8.697216591771e-11 7.177254411917e-10 3.841498498721e-09 1.255098028991e-08 4.771746505665e-08 5.648089412860e-09 
6.904867863838e-22 1.193587912908e-18 1.911620886304e-16 1.040971341257e-14 3.017763964305e-13 5.755503065914e-12 7.973334045006e-11 8.170025369112e-10 5.648089412860e-09 3.930713118006e-08 
