9.973517235268e-08 3.155308018018e-08 6.143141052517e-09 7.912909155499e-10 7.170987445845e-11 4.240058120901e-12 1.405664828077e-13 1.963222806679e-15 6.317227448185e-18 7.336460375556e-22 
3.155308018018e-08 1.035835885943e-07 4.329027158290e-08 1.301591932358e-08 2.437312480207e-09 2.871580397197e-10 1.918108258733e-11 5.639854165554e-13 4.124783169676e-15 1.268353683132e-18 
6.143141052517e-09 4.329027158290e-08 9.142189581772e-08 4.095026363052e-08 1.480647938518e-08 3.157089295124e-09 3.730762764932e-10 1.989924023181e-11 2.839288781607e-13 2.033378681029e-16 
7.912909155499e-10 1.301591932358e-08 4.095026363052e-08 8.134275711374e-08 3.612943629695e-08 1.379967466518e-08 2.845195278187e-09 2.660401499941e-10 7.010486391928e-12 1.109200888142e-14 
7.170987445845e-11 2.437312480207e-09 1.480647938518e-08 3.612943629695e-08 7.320142508854e-08 3.083600282295e-08 1.130474951610e-08 1.887375642906e-09 9.248371182361e-11 3.222708145670e-13 
4.240058120901e-12 2.871580397197e-10 3.157089295124e-09 1.379967466518e-08 3.083600282295e-08 6.636613739461e-08 2.554525976906e-08 7.945394999596e-09 7.627866139594e-10 6.160437242508e-12 
1.405664828077e-13 1.918108258733e-11 3.730762764932e-10 2.845195278187e-09 1.130474951610e-08 2.554525976906e-08 6.047257944150e-08 1.988176119099e-08 4.088096831905e-09 8.548391644205e-11 
1.963222806679e-15 5.639854165554e-13 1.989924023181e-11 2.660401499941e-10 1.887375642906e-09 7.945394999596e-09 1.988176119099e-08 5.472540358928e-08 1.341230844243e-08 8.756248651287e-10 
6.317227448185e-18 4.124783169676e-15 2.839288781607e-13 7.010486391928e-12 9.248371182361e-11 7.627866139594e-10 4.088096831905e-09 1.341230844243e-08 4.911905828341e-08 6.035146890526e-09 
7.336460375556e-22 1.268353683132e-18 2.033378681029e-16 1.109200888142e-14 3.222708145670e-13 6.160437242508e-12 8.548391644205e-11 8.756248651287e-10 6.035146890526e-09 4.012997809903e-08 
