3.120266998846e-09 8.741500220164e-10 9.842400242482e-10 1.050711660606e-09 1.098416476212e-09 1.136340946954e-09 1.168839981318e-09 1.198757703721e-09 1.229118848696e-09 1.270680667606e-09 
8.741500220164e-10 4.070882911600e-09 1.854270298757e-09 2.057766849863e-09 2.203770338615e-09 2.319594951411e-09 2.418854448282e-09 2.510240001243e-09 2.602981346955e-09 2.729951903718e-09 
9.842400242482e-10 1.854270298757e-09 4.902369737913e-09 2.716591515893e-09 2.974570987565e-09 3.178202428011e-09 3.352338704689e-09 3.512669599241e-09 3.675394871852e-09 3.898194115362e-09 
1.050711660606e-09 2.057766849863e-09 2.716591515893e-09 5.761703481274e-09 3.618413289855e-09 3.933448607453e-09 4.201079624617e-09 4.446908818461e-09 4.696419970548e-09 5.038091397513e-09 
1.098416476212e-09 2.203770338615e-09 2.974570987565e-09 3.618413289855e-09 6.705039880837e-09 4.623998288696e-09 5.013481880573e-09 5.368563830016e-09 5.728288558296e-09 6.221054426739e-09 
1.136340946954e-09 2.319594951411e-09 3.178202428011e-09 3.933448607453e-09 4.623998288696e-09 7.778653681967e-09 5.781945191250e-09 6.274296690558e-09 6.768726158163e-09 7.445683093726e-09 
1.168839981318e-09 2.418854448282e-09 3.352338704689e-09 4.201079624617e-09 5.013481880573e-09 5.781945191250e-09 9.036923889253e-09 7.167438715289e-09 7.829778036644e-09 8.727913785937e-09 
1.198757703721e-09 2.510240001243e-09 3.512669599241e-09 4.446908818461e-09 5.368563830016e-09 6.274296690558e-09 7.167438715289e-09 1.059748151645e-08 8.958185969743e-09 1.012950102348e-08 
1.229118848696e-09 2.602981346955e-09 3.675394871852e-09 4.696419970548e-09 5.728288558296e-09 6.768726158163e-09 7.829778036644e-09 8.958185969743e-09 1.276164322034e-08 1.182739702691e-08 
1.270680667606e-09 2.729951903718e-09 3.898194115362e-09 5.038091397513e-09 6.221054426739e-09 7.445683093726e-09 8.727913785937e-09 1.012950102348e-08 1.182739702691e-08 1.712150933951e-08 
