2.547913297293e-09 1.575657039727e-11 1.823388000390e-11 1.973136893302e-11 2.080618785656e-11 2.166066462351e-11 2.239289796876e-11 2.306697138401e-11 2.375103651350e-11 2.468777347557e-11 
1.575657039727e-11 2.569372249708e-09 3.854267153591e-11 4.338567752332e-11 4.686324399374e-11 4.962320833958e-11 5.198842954421e-11 5.416597255580e-11 5.637581650523e-11 5.940196971261e-11 
1.823388000390e-11 3.854267153591e-11 2.589246354935e-09 5.919641469029e-11 6.535614136617e-11 7.022567409901e-11 7.439180509211e-11 7.822753120443e-11 8.212043946541e-11 8.745147915678e-11 
1.973136893302e-11 4.338567752332e-11 5.919641469029e-11 2.609657778045e-09 8.043066492966e-11 8.780262950602e-11 9.407643716781e-11 9.984219342704e-11 1.056941291714e-10 1.137085671204e-10 
2.080618785656e-11 4.686324399374e-11 6.535614136617e-11 8.043066492966e-11 2.631442620886e-09 1.033318605484e-10 1.121684533019e-10 1.202413027559e-10 1.284230981281e-10 1.396312231542e-10 
2.166066462351e-11 4.962320833958e-11 7.022567409901e-11 8.780262950602e-11 1.033318605484e-10 2.655395533049e-09 1.288016247709e-10 1.396286011744e-10 1.505260514316e-10 1.654490641973e-10 
2.239289796876e-11 5.198842954421e-11 7.439180509211e-11 9.407643716781e-11 1.121684533019e-10 1.288016247709e-10 2.682562021608e-09 1.583129654272e-10 1.724712286027e-10 1.917159733108e-10 
2.306697138401e-11 5.416597255580e-11 7.822753120443e-11 9.984219342704e-11 1.202413027559e-10 1.396286011744e-10 1.583129654272e-10 2.715188530150e-09 1.952896873609e-10 2.197602697529e-10 
2.375103651350e-11 5.637581650523e-11 8.212043946541e-11 1.056941291714e-10 1.284230981281e-10 1.505260514316e-10 1.724712286027e-10 1.952896873609e-10 2.758919810655e-09 2.528506163507e-10 
2.468777347557e-11 5.940196971261e-11 8.745147915678e-11 1.137085671204e-10 1.396312231542e-10 1.654490641973e-10 1.917159733108e-10 2.197602697529e-10 2.528506163507e-10 2.843443098964e-09 
