2.568738944824e-09 4.829184888370e-11 5.506837344738e-11 5.915584376522e-11 6.208995311685e-11 6.442262111858e-11 6.642155735642e-11 6.826171902626e-11 7.012915706525e-11 7.268635071639e-11 
4.829184888370e-11 2.627290360163e-09 1.080918225428e-10 1.201978191021e-10 1.288911532889e-10 1.357927377160e-10 1.417071271997e-10 1.471521280318e-10 1.526778883451e-10 1.602448100877e-10 
5.506837344738e-11 1.080918225428e-10 2.676248117846e-09 1.578792556557e-10 1.725429339939e-10 1.841435003072e-10 1.940702160695e-10 2.032094698714e-10 2.124848755463e-10 2.251867689602e-10 
5.915584376522e-11 1.201978191021e-10 1.578792556557e-10 2.724192707240e-09 2.070383279258e-10 2.240249121000e-10 2.384902232035e-10 2.517857673074e-10 2.652798190798e-10 2.837602481183e-10 
6.208995311685e-11 1.288911532889e-10 1.725429339939e-10 2.070383279258e-10 2.773816720203e-09 2.586735454670e-10 2.785700210577e-10 2.967537386817e-10 3.151832184998e-10 3.404290684440e-10 
6.442262111858e-11 1.357927377160e-10 1.841435003072e-10 2.240249121000e-10 2.586735454670e-10 2.827280996984e-09 3.151350295057e-10 3.391307373997e-10 3.632825265963e-10 3.963542004840e-10 
6.642155735642e-11 1.417071271997e-10 1.940702160695e-10 2.384902232035e-10 2.785700210577e-10 3.151350295057e-10 2.887134865045e-09 3.798659303698e-10 4.109026109126e-10 4.530643984041e-10 
6.826171902626e-11 1.471521280318e-10 2.032094698714e-10 2.517857673074e-10 2.967537386817e-10 3.391307373997e-10 3.798659303698e-10 2.958474373407e-09 4.605023793341e-10 5.136449639311e-10 
7.012915706525e-11 1.526778883451e-10 2.124848755463e-10 2.652798190798e-10 3.151832184998e-10 3.632825265963e-10 4.109026109126e-10 4.605023793341e-10 3.053938321303e-09 5.857107764890e-10 
7.268635071639e-11 1.602448100877e-10 2.251867689602e-10 2.837602481183e-10 3.404290684440e-10 3.963542004840e-10 4.530643984041e-10 5.136449639311e-10 5.857107764890e-10 3.239787127783e-09 
