5.785304476895e-08 1.427629732667e-08 2.923907386599e-09 3.917138816040e-10 3.661783944327e-11 2.222153155768e-12 7.507928406398e-14 1.070003733744e-15 3.483867084713e-18 4.086788178449e-22 
1.427629732667e-08 6.377836407118e-08 2.122403629595e-08 6.580924756530e-09 1.265728554465e-09 1.521929241288e-10 1.034781935457e-11 3.094485513511e-13 2.277582682942e-15 7.071677431186e-19 
2.923907386599e-09 2.122403629595e-08 6.003162708366e-08 2.112164231098e-08 7.793320226020e-09 1.688649177262e-09 2.029341081932e-10 1.095409299283e-11 1.570458180936e-13 1.133133845864e-16 
3.917138816040e-10 6.580924756530e-09 2.112164231098e-08 5.610114645142e-08 1.923671487935e-08 7.453404291944e-09 1.558290809360e-09 1.467108013263e-10 3.886716120436e-12 6.169232999276e-15 
3.661783944327e-11 1.265728554465e-09 7.793320226020e-09 1.923671487935e-08 5.244945683073e-08 1.682463726298e-08 6.221120325673e-09 1.042398057914e-09 5.140931947169e-11 1.786445290708e-13 
2.222153155768e-12 1.521929241288e-10 1.688649177262e-09 7.453404291944e-09 1.682463726298e-08 4.918483713215e-08 1.409252091874e-08 4.399328566145e-09 4.249143043021e-10 3.398960092938e-12 
7.507928406398e-14 1.034781935457e-11 2.029341081932e-10 1.558290809360e-09 6.221120325673e-09 1.409252091874e-08 4.605262332843e-08 1.105325827173e-08 2.276400120143e-09 4.688671603357e-11 
1.070003733744e-15 3.094485513511e-13 1.095409299283e-11 1.467108013263e-10 1.042398057914e-09 4.399328566145e-09 1.105325827173e-08 4.298330341148e-08 7.422362084308e-09 4.771509419386e-10 
3.483867084713e-18 2.277582682942e-15 1.570458180936e-13 3.886716120436e-12 5.140931947169e-11 4.249143043021e-10 2.276400120143e-09 7.422362084308e-09 3.964247263382e-08 3.267245934436e-09 
4.086788178449e-22 7.071677431186e-19 1.133133845864e-16 6.169232999276e-15 1.786445290708e-13 3.398960092938e-12 4.688671603357e-11 4.771509419386e-10 3.267245934436e-09 3.449847181515e-08 
