1.694104571456e-07 5.704582681037e-08 1.070034598491e-08 1.346573053550e-09 1.201858490839e-10 7.048215223841e-12 2.325604701220e-13 3.251179345519e-15 1.056285136216e-17 1.252129875898e-21 
5.704582681037e-08 1.602561433061e-07 7.407296583956e-08 2.191149957013e-08 4.061856882026e-09 4.759474275567e-10 3.171403756026e-11 9.371621217933e-13 6.917175892273e-15 2.178308140587e-18 
1.070034598491e-08 7.407296583956e-08 1.348412563396e-07 6.838770771762e-08 2.458492282838e-08 5.223074959738e-09 6.176467816965e-10 3.317324597974e-11 4.775690896589e-13 3.514263404754e-16 
1.346573053550e-09 2.191149957013e-08 6.838770771762e-08 1.164958022471e-07 5.982010405983e-08 2.281967512314e-08 4.723265984696e-09 4.448396611595e-10 1.183684753351e-11 1.929062289594e-14 
1.201858490839e-10 4.061856882026e-09 2.458492282838e-08 5.982010405983e-08 1.026025104871e-07 5.109644744927e-08 1.883876006324e-08 3.165958387910e-09 1.569915920152e-10 5.639390793422e-13 
7.048215223841e-12 4.759474275567e-10 5.223074959738e-09 2.281967512314e-08 5.109644744927e-08 9.172716098861e-08 4.274852656021e-08 1.338648989332e-08 1.304916223438e-09 1.084789452226e-11 
2.325604701220e-13 3.171403756026e-11 6.176467816965e-10 4.723265984696e-09 1.883876006324e-08 4.274852656021e-08 8.247404386823e-08 3.375735433045e-08 7.070448654881e-09 1.515903663853e-10 
3.251179345519e-15 9.371621217933e-13 3.317324597974e-11 4.448396611595e-10 3.165958387910e-09 1.338648989332e-08 3.375735433045e-08 7.385499517283e-08 2.351429207545e-08 1.567679732942e-09 
1.056285136216e-17 6.917175892273e-15 4.775690896589e-13 1.183684753351e-11 1.569915920152e-10 1.304916223438e-09 7.070448654881e-09 2.351429207545e-08 6.545499273763e-08 1.099306115830e-08 
1.252129875898e-21 2.178308140587e-18 3.514263404754e-16 1.929062289594e-14 5.639390793422e-13 1.084789452226e-11 1.515903663853e-10 1.567679732942e-09 1.099306115830e-08 5.064387074263e-08 
