3.751787805442e-06 1.581661675774e-06 3.160834768195e-07 4.361891064254e-08 4.233958324601e-09 2.636982601443e-10 9.044027086788e-12 1.296236831800e-13 4.269193970625e-16 5.171059790089e-20 
1.581661675774e-06 3.872537553169e-06 2.338892876849e-06 7.520570703425e-07 1.489061825242e-07 1.823605356097e-08 1.250721402953e-09 3.759356936169e-11 2.807782686278e-13 9.020019501925e-17 
3.160834768195e-07 2.338892876849e-06 3.646237040700e-06 2.468214286353e-06 9.283590432338e-07 2.034822553495e-07 2.457564941480e-08 1.335973645024e-09 1.947220535346e-11 1.458169200606e-14 
4.361891064254e-08 7.520570703425e-07 2.468214286353e-06 3.343475727113e-06 2.312426573248e-06 9.011617996041e-07 1.891649172283e-07 1.798208153359e-08 4.848543404787e-10 8.019310748440e-13 
4.233958324601e-09 1.489061825242e-07 9.283590432338e-07 2.312426573248e-06 2.957704257954e-06 2.039153978890e-06 7.583775062351e-07 1.285661615728e-07 6.460179360892e-09 2.349469036071e-11 
2.636982601443e-10 1.823605356097e-08 2.034822553495e-07 9.011617996041e-07 2.039153978890e-06 2.581931206257e-06 1.729924758752e-06 5.469333937293e-07 5.393503947736e-08 4.533235640085e-10 
9.044027086788e-12 1.250721402953e-09 2.457564941480e-08 1.891649172283e-07 7.583775062351e-07 1.729924758752e-06 2.240554019468e-06 1.389335798593e-06 2.934358817673e-07 6.366009414107e-09 
1.296236831800e-13 3.759356936169e-11 1.335973645024e-09 1.798208153359e-08 1.285661615728e-07 5.469333937293e-07 1.389335798593e-06 1.919584907358e-06 9.807560283079e-07 6.641346510425e-08 
4.269193970625e-16 2.807782686278e-13 1.947220535346e-11 4.848543404787e-10 6.460179360892e-09 5.393503947736e-08 2.934358817673e-07 9.807560283079e-07 1.599031062937e-06 4.727528171461e-07 
5.171059790089e-20 9.020019501925e-17 1.458169200606e-14 8.019310748440e-13 2.349469036071e-11 4.533235640085e-10 6.366009414107e-09 6.641346510425e-08 4.727528171461e-07 1.007957320661e-06 
