9.654510507189e-08 3.030976905330e-08 5.917614140128e-09 7.636735600073e-10 6.932049420587e-11 4.102332063165e-12 1.360627153632e-13 1.903146605715e-15 6.114764318384e-18 7.115201534564e-22 
3.030976905330e-08 1.007825528916e-07 4.176204518012e-08 1.257487636499e-08 2.357742969223e-09 2.778639800041e-10 1.858277641936e-11 5.465417887475e-13 3.992798868983e-15 1.229605609698e-18 
5.917614140128e-09 4.176204518012e-08 8.926529419382e-08 3.960442988643e-08 1.432605453021e-08 3.056386009034e-09 3.616091113522e-10 1.927154971317e-11 2.749920297350e-13 1.969613603817e-16 
7.636735600073e-10 1.257487636499e-08 3.960442988643e-08 7.961779681373e-08 3.496608441920e-08 1.337013254800e-08 2.757488789463e-09 2.575388856882e-10 6.794366763746e-12 1.073220621404e-14 
6.932049420587e-11 2.357742969223e-09 1.432605453021e-08 3.496608441920e-08 7.179253104224e-08 2.989021234854e-08 1.094906220262e-08 1.827185859757e-09 8.967716361562e-11 3.114548813215e-13 
4.102332063165e-12 2.778639800041e-10 3.056386009034e-09 1.337013254800e-08 2.989021234854e-08 6.517347068035e-08 2.472726031800e-08 7.697624479016e-09 7.395944759735e-10 5.948152984123e-12 
1.360627153632e-13 1.858277641936e-11 3.616091113522e-10 2.757488789463e-09 1.094906220262e-08 2.472726031800e-08 5.945676205449e-08 1.927879162366e-08 3.959070946213e-09 8.251148315630e-11 
1.903146605715e-15 5.465417887475e-13 1.927154971317e-11 2.575388856882e-10 1.827185859757e-09 7.697624479016e-09 1.927879162366e-08 5.390470671487e-08 1.295959010199e-08 8.458431952082e-10 
6.114764318384e-18 3.992798868983e-15 2.749920297350e-13 6.794366763746e-12 8.967716361562e-11 7.395944759735e-10 3.959070946213e-09 1.295959010199e-08 4.840057624889e-08 5.838707209750e-09 
7.115201534564e-22 1.229605609698e-18 1.969613603817e-16 1.073220621404e-14 3.114548813215e-13 5.948152984123e-12 8.251148315630e-11 8.458431952082e-10 5.838707209750e-09 3.969763267509e-08 
