6.6677033071309715e-08 1.8159240777057714e-08 3.6715928748766494e-09 4.8655793610413312e-10 4.5060417126172191e-11 2.7116878581560264e-12 9.1070672691432143e-14 1.2874251295122404e-15 4.1691091771599484e-18 4.8496214090472673e-22 
1.8159240777057714e-08 7.2975785754800435e-08 2.6434043993651701e-08 8.1234884479694556e-09 1.5490649044417874e-09 1.8507937995039656e-10 1.2503270920460628e-11 3.7127449235204988e-13 2.7222789099994671e-15 8.3832998324432839e-19 
3.6715928748766494e-09 2.6434043993651701e-08 6.7543383943017051e-08 2.5906914910861642e-08 9.4975580271918551e-09 2.0471374501999275e-09 2.4437126761018352e-10 1.3122780260919773e-11 1.8741318079452439e-13 1.3428461793337616e-16 
4.8655793610413312e-10 8.1234884479694556e-09 2.5906914910861642e-08 6.2228626803746454e-08 2.3358316360265835e-08 9.0016460542672749e-09 1.8710534111605594e-09 1.7555969187425349e-10 4.6293724955765232e-12 7.3126997876178080e-15 
4.5060417126172191e-11 1.5490649044417874e-09 9.4975580271918551e-09 2.3358316360265835e-08 5.7514384515800116e-08 2.0234030460031625e-08 7.4538569832322293e-09 1.2456806448920840e-09 6.1105848198484447e-11 2.1190857579375145e-13 
2.7116878581560264e-12 1.8507937995039656e-10 2.0471374501999275e-09 9.0016460542672749e-09 2.0234030460031625e-08 5.3354117398558810e-08 1.6858610990524230e-08 5.2455283773585956e-09 5.0411552172816715e-10 4.0361901876615996e-12 
9.1070672691432143e-14 1.2503270920460628e-11 2.4437126761018352e-10 1.8710534111605594e-09 7.4538569832322293e-09 1.6858610990524230e-08 4.9504446275006989e-08 1.3136880887195516e-08 2.6983126505439461e-09 5.5741366480830887e-11 
1.2874251295122404e-15 3.7127449235204988e-13 1.3122780260919773e-11 1.7555969187425349e-10 1.2456806448920840e-09 5.2455283773585956e-09 1.3136880887195516e-08 4.5724964452440587e-08 8.8077814663270407e-09 5.6749341957478378e-10 
4.1691091771599484e-18 2.7222789099994671e-15 1.8741318079452439e-13 4.6293724955765232e-12 6.1105848198484447e-11 5.0411552172816715e-10 2.6983126505439461e-09 8.8077814663270407e-09 4.1804121100383063e-08 3.8806666405366573e-09 
4.8496214090472673e-22 8.3832998324432839e-19 1.3428461793337616e-16 7.3126997876178080e-15 2.1190857579375145e-13 4.0361901876615996e-12 5.5741366480830887e-11 5.6749341957478378e-10 3.8806666405366573e-09 3.5713724339568629e-08 
