8.814964381719e-08 2.699168571862e-08 5.310480707498e-09 6.892385953293e-10 6.279909643741e-11 3.732348403679e-12 1.238969216117e-13 1.737983829469e-15 5.591873652805e-18 6.498681360083e-22 
2.699168571862e-08 9.325413913643e-08 3.764208332267e-08 1.137784823336e-08 2.141766174152e-09 2.530108045022e-10 1.693395650665e-11 5.000827048940e-13 3.644364113687e-15 1.124656177100e-18 
5.310480707498e-09 3.764208332267e-08 8.342488375156e-08 3.593463165908e-08 1.303918074899e-08 2.783486121670e-09 3.300819889784e-10 1.763841406323e-11 2.506688376587e-13 1.803054333346e-16 
6.892385953293e-10 1.137784823336e-08 3.593463165908e-08 7.498707823431e-08 3.184193423585e-08 1.218643007389e-08 2.521700022397e-09 2.354774545740e-10 6.192019512277e-12 9.824491688369e-15 
6.279909643741e-11 2.141766174152e-09 1.303918074899e-08 3.184193423585e-08 6.791900787852e-08 2.730550964793e-08 1.002121106951e-08 1.667706746189e-09 8.179762782052e-11 2.847832783555e-13 
3.732348403679e-12 2.530108045022e-10 2.783486121670e-09 1.218643007389e-08 2.730550964793e-08 6.204139185602e-08 2.259947333678e-08 7.015984188084e-09 6.757785948119e-10 5.425212683256e-12 
1.238969216117e-13 1.693395650665e-11 3.300819889784e-10 2.521700022397e-09 1.002121106951e-08 2.259947333678e-08 5.669629254697e-08 1.758641706901e-08 3.622880963868e-09 7.496246811607e-11 
1.737983829469e-15 5.000827048940e-13 1.763841406323e-11 2.354774545740e-10 1.667706746189e-09 7.015984188084e-09 1.758641706901e-08 5.171423814079e-08 1.183703108045e-08 7.650853822120e-10 
5.591873652805e-18 3.644364113687e-15 2.506688376587e-13 6.192019512277e-12 8.179762782052e-11 6.757785948119e-10 3.622880963868e-09 1.183703108045e-08 4.651482113227e-08 5.279754663181e-09 
6.498681360083e-22 1.124656177100e-18 1.803054333346e-16 9.824491688369e-15 2.847832783555e-13 5.425212683256e-12 7.496246811607e-11 7.650853822120e-10 5.279754663181e-09 3.859535197797e-08 
