1.5304992249694861e-07 5.1369406427887129e-08 9.6957395159964034e-09 1.2240583660167610e-09 1.0945794090537276e-10 6.4192678855624505e-12 2.1157839899882515e-13 2.9550055371953588e-15 9.5361690734172937e-18 1.1249554036659914e-21 
5.1369406427887129e-08 1.4775005607016522e-07 6.7288797440008317e-08 1.9944069940645598e-08 3.7003078431015512e-09 4.3316021766705705e-10 2.8848722980588099e-11 8.4998298695536062e-13 6.2347942601895188e-15 1.9532250384325297e-18 
9.6957395159964034e-09 6.7288797440008317e-08 1.2524172811573461e-07 6.2300389256767282e-08 2.2385055105271196e-08 4.7518677315953068e-09 5.6144651350941459e-10 3.0015925199409500e-11 4.3013415040121948e-13 3.1434029970814640e-16 
1.2240583660167610e-09 1.9944069940645598e-08 6.2300389256767282e-08 1.0860889200784016e-07 5.4429576563455325e-08 2.0755988748339348e-08 4.2864513577426622e-09 4.0164077787562362e-10 1.0655692749996667e-11 1.7207416680070497e-14 
1.0945794090537276e-10 3.7003078431015512e-09 2.2385055105271196e-08 5.4429576563455325e-08 9.5881101209836643e-08 4.6424149090919157e-08 1.7050568376830720e-08 2.8537709397908277e-09 1.4120261461623822e-10 5.0163449724363763e-13 
6.4192678855624505e-12 4.3316021766705705e-10 4.7518677315953068e-09 2.0755988748339348e-08 4.6424149090919157e-08 8.5745358570321768e-08 3.8576270743739034e-08 1.2054242114630052e-08 1.1713671640299164e-09 9.6244216037602997e-12 
2.1157839899882515e-13 2.8848722980588099e-11 5.6144651350941459e-10 4.2864513577426622e-09 1.7050568376830720e-08 3.8576270743739034e-08 7.7086954560517011e-08 3.0361298854396528e-08 6.3216215552857557e-09 1.3421987266081891e-10 
2.9550055371953588e-15 8.4998298695536062e-13 3.0015925199409500e-11 4.0164077787562362e-10 2.8537709397908277e-09 1.2054242114630052e-08 3.0361298854396528e-08 6.9096317565525502e-08 2.0901393429868409e-08 1.3870619502980797e-09 
9.5361690734172937e-18 6.2347942601895188e-15 4.3013415040121948e-13 1.0655692749996667e-11 1.4120261461623822e-10 1.1713671640299164e-09 6.3216215552857557e-09 2.0901393429868409e-08 6.1178307356392205e-08 9.7383513257072866e-09 
1.1249554036659914e-21 1.9532250384325297e-18 3.1434029970814640e-16 1.7207416680070497e-14 5.0163449724363763e-13 9.6244216037602997e-12 1.3421987266081891e-10 1.3870619502980797e-09 9.7383513257072866e-09 4.8043115455436383e-08 
