3.1378354389215676e-07 1.0630838957693916e-07 1.9606642711077995e-08 2.4612124690084198e-09 2.2104457162783585e-10 1.3115837941420586e-11 4.4029822155538747e-13 6.3110185798597603e-15 2.1136234358213206e-17 2.6459650809212065e-21 
1.0630838957693916e-07 2.7061516514436370e-07 1.3536433836276717e-07 4.0187466208313338e-08 7.5225529563373330e-09 8.9380317641810111e-10 6.0766367463340765e-11 1.8395186780313179e-12 1.3999318556983446e-14 4.6421460719827456e-18 
1.9606642711077995e-08 1.3536433836276717e-07 2.2358156108480406e-07 1.2626426340140036e-07 4.5898811661529432e-08 9.9057375769189711e-09 1.1960324828653083e-09 6.5740962126587466e-11 9.7724207237089263e-13 7.5461619476237677e-16 
2.4612124690084198e-09 4.0187466208313338e-08 1.2626426340140036e-07 1.9272326636246007e-07 1.1286354922030716e-07 4.3789622277174541e-08 9.2433140271281190e-09 8.9045122777436992e-10 2.4491966962068323e-11 4.1734802434768302e-14 
2.2104457162783585e-10 7.5225529563373330e-09 4.5898811661529432e-08 1.1286354922030716e-07 1.7054257177593395e-07 9.9368314035255094e-08 3.7293990265710986e-08 6.4135965485237638e-09 3.2860524797193119e-10 1.2299337576824257e-12 
1.3115837941420586e-11 8.9380317641810111e-10 9.9057375769189711e-09 4.3789622277174541e-08 9.9368314035255094e-08 1.5353103378067950e-07 8.5821637325551521e-08 2.7528117125906095e-08 2.7656212140622493e-09 2.3882746937610104e-11 
4.4029822155538747e-13 6.0766367463340765e-11 1.1960324828653083e-09 9.2433140271281190e-09 3.7293990265710986e-08 8.5821637325551521e-08 1.3920392869620249e-07 7.0687902589755166e-08 1.5197100813928163e-08 3.3785022772988818e-10 
6.3110185798597603e-15 1.8395186780313179e-12 6.5740962126587466e-11 8.9045122777436992e-10 6.4135965485237638e-09 2.7528117125906095e-08 7.0687902589755166e-08 1.2573801981775374e-07 5.1446839394206019e-08 3.5576202024148595e-09 
2.1136234358213206e-17 1.3999318556983446e-14 9.7724207237089263e-13 2.4491966962068323e-11 3.2860524797193119e-10 2.7656212140622493e-09 1.5197100813928163e-08 5.1446839394206019e-08 1.1193058895258406e-07 2.5697835088814382e-08 
2.6459650809212065e-21 4.6421460719827456e-18 7.5461619476237677e-16 4.1734802434768302e-14 1.2299337576824257e-12 2.3882746937610104e-11 3.3785022772988818e-10 3.5576202024148595e-09 2.5697835088814382e-08 8.3077862317689977e-08 
