1.2322469522087692e-07 4.0547329848380260e-08 7.7679368482745320e-09 9.8965533503504214e-10 8.8994747943785809e-11 5.2358643099492395e-12 1.7277741561847762e-13 2.4107330459129778e-15 7.7476481231570569e-18 9.0452749346884092e-22 
4.0547329848380260e-08 1.2376392962317323e-07 5.4288751300418764e-08 1.6189478948075988e-08 3.0150909701532259e-09 3.5361380114911135e-10 2.3553012184249660e-11 6.9259143010049440e-13 5.0556880039332907e-15 1.5671047961454480e-18 
7.7679368482745320e-09 5.4288751300418764e-08 1.0691634726509399e-07 5.0721970908638083e-08 1.8264947579346542e-08 3.8802328977861293e-09 4.5809918979190985e-10 2.4424252959002076e-11 3.4811618212189340e-13 2.5165743733897663e-16 
9.8965533503504214e-10 1.6189478948075988e-08 5.0721970908638083e-08 9.3795234841900274e-08 4.4442937740487994e-08 1.6944533554269271e-08 3.4938949263931046e-09 3.2629049859565993e-10 8.6061264359731734e-12 1.3744888661124394e-14 
8.8994747943785809e-11 3.0150909701532259e-09 1.8264947579346542e-08 4.4442937740487994e-08 8.3460478664122238e-08 3.7865636208260903e-08 1.3876449683182573e-08 2.3136828198349208e-09 1.1377480038671225e-10 3.9970247037491883e-13 
5.2358643099492395e-12 3.5361380114911135e-10 3.8802328977861293e-09 1.6944533554269271e-08 3.7865636208260903e-08 7.5057353148681803e-08 3.1323821679821267e-08 9.7468896794314501e-09 9.4109355609975536e-10 7.6467366414956017e-12 
1.7277741561847762e-13 2.3553012184249660e-11 4.5809918979190985e-10 3.4938949263931046e-09 1.3876449683182573e-08 3.1323821679821267e-08 6.7769284128848323e-08 2.4461632764165864e-08 5.0593985101570844e-09 1.0625069611989976e-10 
2.4107330459129778e-15 6.9259143010049440e-13 2.4424252959002076e-11 3.2629049859565993e-10 2.3136828198349208e-09 9.7468896794314501e-09 2.4461632764165864e-08 6.0987413087114776e-08 1.6638466309513055e-08 1.0922444718310981e-09 
7.7476481231570569e-18 5.0556880039332907e-15 3.4811618212189340e-13 8.6061264359731734e-12 1.1377480038671225e-10 9.4109355609975536e-10 5.0593985101570844e-09 1.6638466309513055e-08 5.4243373050584623e-08 7.6022217954922118e-09 
9.0452749346884092e-22 1.5671047961454480e-18 2.5165743733897663e-16 1.3744888661124394e-14 3.9970247037491883e-13 7.6467366414956017e-12 1.0625069611989976e-10 1.0922444718310981e-09 7.6022217954922118e-09 4.3452351029948690e-08 
