5.985578077988e-08 1.516081838603e-08 3.094781315564e-09 4.133603431368e-10 3.856202688352e-11 2.333404511288e-12 7.876552979791e-14 1.120245245889e-15 3.638873542874e-18 4.265468059887e-22 
1.516081838603e-08 6.587948023605e-08 2.241282408199e-08 6.935099259411e-09 1.330563025309e-09 1.596904728739e-10 1.084985743673e-11 3.234594564215e-13 2.380437387420e-15 7.372626025211e-19 
3.094781315564e-09 2.241282408199e-08 6.175382901293e-08 2.222102000362e-08 8.180674842211e-09 1.771393423417e-09 2.125252893602e-10 1.144204239816e-11 1.642109373178e-13 1.180291944248e-16 
4.133603431368e-10 6.935099259411e-09 2.222102000362e-08 5.749424002176e-08 2.018132016828e-08 7.813812793096e-09 1.629578265863e-09 1.532542715433e-10 4.063601025755e-12 6.422510129415e-15 
3.856202688352e-11 1.330563025309e-09 8.180674842211e-09 2.018132016828e-08 5.362828105421e-08 1.760965741416e-08 6.498650285519e-09 1.089476981566e-09 5.370906876483e-11 1.859747634208e-13 
2.333404511288e-12 1.596904728739e-10 1.771393423417e-09 7.813812793096e-09 1.760965741416e-08 5.012465209945e-08 1.472257707577e-08 4.599855736115e-09 4.433235038010e-10 3.540735543337e-12 
7.876552979791e-14 1.084985743673e-11 2.125252893602e-10 1.629578265863e-09 6.498650285519e-09 1.472257707577e-08 4.686584192345e-08 1.154706144849e-08 2.371343957665e-09 4.891279372507e-11 
1.120245245889e-15 3.234594564215e-13 1.144204239816e-11 1.532542715433e-10 1.089476981566e-09 4.599855736115e-09 1.154706144849e-08 4.360809503460e-08 7.729652777653e-09 4.986610834850e-10 
3.638873542874e-18 2.380437387420e-15 1.642109373178e-13 4.063601025755e-12 5.370906876483e-11 4.433235038010e-10 2.371343957665e-09 7.729652777653e-09 4.014679069725e-08 3.413343477533e-09 
4.265468059887e-22 7.372626025211e-19 1.180291944248e-16 6.422510129415e-15 1.859747634208e-13 3.540735543337e-12 4.891279372507e-11 4.986610834850e-10 3.413343477533e-09 3.476947801093e-08 
