1.746414373631e-10 4.705931925459e-10 6.625575076179e-10 7.899966310102e-10 8.826604897343e-10 9.563454807534e-10 1.019471543274e-09 1.077581365623e-09 1.136552394197e-09 1.217295515074e-09 
1.711591416523e-11 1.449995432855e-10 3.561490823328e-10 5.624147540287e-10 7.311639075354e-10 8.673233026248e-10 9.836569490066e-10 1.090642791400e-09 1.199203641020e-09 1.347856606028e-09 
1.110431161175e-12 2.415254781899e-11 1.155065797560e-10 2.813339052332e-10 4.701894010268e-10 6.394776741422e-10 7.853159991895e-10 9.188505187812e-10 1.054186983157e-09 1.239491022745e-09 
-5.967410401844e-14 3.007308553790e-13 1.635616973264e-11 9.029302050823e-11 2.352455830583e-10 4.083284616477e-10 5.727404491645e-10 7.245432748283e-10 8.776454634161e-10 1.087045137738e-09 
-2.372149127066e-14 -7.507939227282e-13 -2.163003533650e-12 1.207420036143e-11 7.749127383969e-11 2.056543225714e-10 3.673603264950e-10 5.319207258771e-10 6.981898404666e-10 9.242230337086e-10 
-2.253512515293e-15 -1.426075145826e-13 -1.251056835000e-12 -2.540387866028e-12 9.369378025685e-12 6.447346885556e-11 1.823738116697e-10 3.442955458163e-10 5.217758953888e-10 7.598953809205e-10 
-8.856509298435e-17 -1.148133459324e-14 -2.064582207474e-13 -1.359748227501e-12 -3.622150672179e-12 2.312991685979e-12 4.722182973936e-11 1.647110705285e-10 3.445669782465e-10 5.945054369641e-10 
-1.392318743907e-18 -4.099781851782e-16 -1.482649581131e-14 -2.015332570048e-13 -1.419885616040e-12 -5.483343696508e-12 -8.305256145552e-12 2.394430957846e-11 1.583303553850e-10 4.236023611914e-10 
-5.788221650104e-21 -4.085891136706e-18 -3.030349018972e-16 -8.085692195397e-15 -1.162448022156e-13 -1.058282247802e-12 -6.298097190518e-12 -2.148643850936e-11 -9.341313280829e-12 2.233344544662e-10 
-1.146045595293e-24 -2.190181172903e-21 -3.870583930575e-19 -2.329096689169e-17 -7.486889178365e-16 -1.595591655048e-14 -2.508590724717e-13 -2.988652731858e-12 -2.410105484566e-11 -3.232858596666e-13 
