3.657015175704e-09 8.388016753810e-09 1.110719372876e-08 1.287149296630e-08 1.415030103452e-08 1.516715025862e-08 1.603834345153e-08 1.684031504648e-08 1.765417233808e-08 1.876847904344e-08 
2.170812802809e-10 1.725736193813e-09 4.090142977507e-09 6.342530007730e-09 8.170943729589e-09 9.645070110598e-09 1.090485972159e-08 1.206348717046e-08 1.323917466812e-08 1.484904646314e-08 
1.273372880569e-11 2.634576873380e-10 1.224678714660e-09 2.940075095872e-09 4.883277689977e-09 6.625943952134e-09 8.128672478039e-09 9.504849104350e-09 1.089954312152e-08 1.280915290480e-08 
-5.776252028834e-13 3.765133860135e-12 1.687527615345e-10 9.218560578418e-10 2.403119258337e-09 4.184115899191e-09 5.885439627462e-09 7.459414965604e-09 9.046744082620e-09 1.121748145090e-08 
-2.411236415850e-13 -7.679685467344e-12 -2.277101977798e-11 1.204210355685e-10 7.928677155121e-10 2.132176987407e-09 3.848066124663e-09 5.610991984420e-09 7.395594282841e-09 9.820326198617e-09 
-2.312613993682e-14 -1.481313058784e-12 -1.323548106907e-11 -2.852119915034e-11 9.186072602848e-11 6.761169473065e-10 1.964517316482e-09 3.775256803547e-09 5.783412563139e-09 8.478096556480e-09 
-9.273933282768e-16 -1.224449728808e-13 -2.248968380278e-12 -1.525778795775e-11 -4.319391903930e-11 1.358867579724e-11 5.105601448769e-10 1.875949353671e-09 4.042371999937e-09 7.084854498089e-09 
-1.515196350634e-17 -4.569083582750e-15 -1.689828178489e-13 -2.352876883465e-12 -1.709038656156e-11 -6.929621954570e-11 -1.210887218260e-10 2.425696522041e-10 1.959451151734e-09 5.507584099905e-09 
-6.710435898790e-20 -4.849052797973e-17 -3.680640357774e-15 -1.007108696921e-13 -1.490494399359e-12 -1.405671496048e-11 -8.750162397764e-11 -3.185396609490e-10 -2.146451982144e-10 3.196489062784e-09 
-1.495143625293e-23 -2.923174664028e-20 -5.276949479759e-18 -3.241574512865e-16 -1.063730256100e-14 -2.317033244870e-13 -3.737364117008e-12 -4.615318582077e-11 -3.982540774963e-10 -1.452099074076e-10 
