2.302299698358e-09 5.410367951472e-09 7.211814436372e-09 8.380282523733e-09 9.226992826763e-09 9.900242127609e-09 1.047705829516e-08 1.100804389120e-08 1.154689951327e-08 1.228481288769e-08 
1.453900852021e-10 1.152214832372e-09 2.719040611677e-09 4.200732070832e-09 5.398327506674e-09 6.362830485993e-09 7.187143160127e-09 7.945308736466e-09 8.714644847755e-09 9.768200315561e-09 
8.527390657974e-12 1.745332262359e-10 8.020289873430e-10 1.905198051615e-09 3.140477891558e-09 4.242199969841e-09 5.191142240639e-09 6.060258763871e-09 6.941145679012e-09 8.147349233550e-09 
-3.472827461184e-13 3.167326276709e-12 1.106118858537e-10 5.855004487330e-10 1.503575261896e-09 2.595716475019e-09 3.633404502784e-09 4.592292127527e-09 5.559492686899e-09 6.882356127559e-09 
-1.493730561935e-13 -4.668442061249e-12 -1.314849209448e-11 7.661104953126e-11 4.863466935346e-10 1.290109717834e-09 2.309156449107e-09 3.351251593983e-09 4.405518803848e-09 5.838374003685e-09 
-1.412465590865e-14 -8.929980031375e-13 -7.855979665580e-12 -1.623322639061e-11 5.720893926581e-11 4.027613965673e-10 1.153804334977e-09 2.200486102946e-09 3.356608091100e-09 4.907981107416e-09 
-5.554516420558e-16 -7.236729018247e-14 -1.313047952266e-12 -8.789137058888e-12 -2.434816255681e-11 1.026405189439e-11 2.981700479371e-10 1.076605508162e-09 2.296903461633e-09 4.005651754726e-09 
-8.850321284816e-18 -2.641105779808e-15 -9.691643306070e-14 -1.339217037936e-12 -9.634534928260e-12 -3.845209286736e-11 -6.433231735874e-11 1.443719968480e-10 1.091996355533e-09 3.033947683771e-09 
-3.827983616886e-20 -2.745923687695e-17 -2.068524775795e-15 -5.613101450398e-14 -8.231473818079e-13 -7.686341841588e-12 -4.738366097169e-11 -1.713312689622e-10 -1.149960690307e-10 1.732143862107e-09 
-8.214425735396e-24 -1.596350142520e-20 -2.868285461510e-18 -1.755918140449e-16 -5.749898327293e-15 -1.251588519925e-13 -2.020675522021e-12 -2.500710789899e-11 -2.150596934559e-10 -6.281206940152e-11 
