1.807038763580e-10 4.866497686150e-10 6.848995641535e-10 8.164672767676e-10 9.121273120866e-10 9.881946538738e-10 1.053361773292e-09 1.113350484888e-09 1.174228294266e-09 1.257595276664e-09 
1.766678007082e-11 1.495062064523e-10 3.669480800060e-10 5.792090759788e-10 7.528112541925e-10 8.928761274568e-10 1.012547560253e-09 1.122603439588e-09 1.234279618075e-09 1.387212880212e-09 
1.144685092443e-12 2.486266189583e-11 1.187864401822e-10 2.891512557935e-10 4.830485584621e-10 6.568066073379e-10 8.064932715597e-10 9.435518978676e-10 1.082460538731e-09 1.272668994501e-09 
-6.113070783682e-14 3.143415381538e-13 1.682464837477e-11 9.270789794320e-11 2.413202399815e-10 4.187242060948e-10 5.872166876385e-10 7.427753789005e-10 8.996674711228e-10 1.114262905238e-09 
-2.432181720718e-14 -7.687609647528e-13 -2.209488223659e-12 1.238557372465e-11 7.941513963775e-11 2.107067186728e-10 3.762623446186e-10 5.446985528889e-10 7.148877980393e-10 9.462613110190e-10 
-2.308386386412e-15 -1.460654733818e-13 -1.281210232729e-12 -2.597115259206e-12 9.620237956490e-12 6.602831211312e-11 1.865917787425e-10 3.521623789390e-10 5.336455297683e-10 7.771359827540e-10 
-9.071898973539e-17 -1.175478575781e-14 -2.111913944507e-13 -1.389591349604e-12 -3.699323650791e-12 2.361401351062e-12 4.826306629124e-11 1.684172923931e-10 3.522761619719e-10 6.077429820005e-10 
-1.424258480804e-18 -4.190815585933e-16 -1.515430855310e-14 -2.060436523938e-13 -1.452099141051e-12 -5.606095260569e-12 -8.465258102493e-12 2.455285733407e-11 1.617752333687e-10 4.326604430209e-10 
-5.917312461837e-21 -4.178280910785e-18 -3.098787500909e-16 -8.265021474758e-15 -1.187428291113e-13 -1.080179301270e-12 -6.425638207369e-12 -2.194375176181e-11 -9.644305309058e-12 2.281294664036e-10 
-1.170154816682e-24 -2.235231875052e-21 -3.949352302844e-19 -2.376660554177e-17 -7.642652128557e-16 -1.629845939801e-14 -2.564446636831e-13 -3.056415421284e-12 -2.462091486164e-11 -3.265844491396e-13 
