2.869666061433e-10 7.602837906040e-10 1.061977741971e-09 1.261289624355e-09 1.406087920482e-09 1.521226321371e-09 1.619867585899e-09 1.710670720914e-09 1.802819600905e-09 1.928989464310e-09 
2.658842992906e-11 2.220556353930e-10 5.399974382746e-10 8.475239782500e-10 1.098024580302e-09 1.299971725648e-09 1.472529299166e-09 1.631229278745e-09 1.792266582550e-09 2.012775725029e-09 
1.693777900649e-12 3.618446147356e-11 1.707431435546e-10 4.119782947206e-10 6.844622258222e-10 9.278973639814e-10 1.137500913231e-09 1.329435770798e-09 1.523970034416e-09 1.790329513830e-09 
-8.256504834548e-14 5.544245924590e-13 2.408164030611e-11 1.300616981330e-10 3.356974277337e-10 5.799519712858e-10 8.113675718636e-10 1.024919077096e-09 1.240323708604e-09 1.534945123339e-09 
-3.361319446256e-14 -1.051943651688e-12 -2.948011134793e-12 1.733040804602e-11 1.093002560882e-10 2.881961387675e-10 5.127144895748e-10 7.407510679591e-10 9.711377380129e-10 1.284364936847e-09 
-3.169278723409e-15 -1.994247275569e-13 -1.737175630505e-12 -3.450527684782e-12 1.329937468245e-11 8.957753405989e-11 2.517169475224e-10 4.738732348441e-10 7.171392699501e-10 1.043527633142e-09 
-1.235178968904e-16 -1.590577483308e-14 -2.842202865289e-13 -1.860494161951e-12 -4.920744877606e-12 3.291211901744e-12 6.485915510229e-11 2.253993684597e-10 4.703495275021e-10 8.106310415632e-10 
-1.917029867419e-18 -5.619416572147e-16 -2.027824331195e-14 -2.752380171253e-13 -1.935241844495e-12 -7.439711525354e-12 -1.110654856038e-11 3.287253396475e-11 2.147702617255e-10 5.743445552259e-10 
-7.908662511401e-21 -5.574771187632e-18 -4.126232378423e-16 -1.098225293145e-14 -1.574844897082e-13 -1.431038203057e-12 -8.520121570677e-12 -2.922881833066e-11 -1.326253042150e-11 3.034127019949e-10 
-1.550653878576e-24 -2.961138207102e-21 -5.234298745542e-19 -3.153375266837e-17 -1.015614367454e-15 -2.169719537066e-14 -3.419728887863e-13 -4.080960504403e-12 -3.293035443093e-11 -1.458304396595e-12 
