1.0994004469443614e-07 3.5556295566102111e-08 6.8722661983872914e-09 8.8067875070031553e-10 7.9509982860462930e-11 4.6903806390649441e-12 1.5504137502242417e-13 2.1648697284512563e-15 6.9577884706484504e-18 8.0928213586582713e-22 
3.5556295566102111e-08 1.1262843209968741e-07 4.8243485000156717e-08 1.4447010360839164e-08 2.6985068840880500e-09 3.1711242041738317e-10 2.1145349105931954e-11 6.2200177798530421e-13 4.5392423325945378e-15 1.4004382132623155e-18 
6.8722661983872914e-09 4.8243485000156717e-08 9.8407586505308328e-08 4.5364760639897432e-08 1.6368864069465204e-08 3.4821041119822888e-09 4.1135997385706263e-10 2.1935152865833748e-11 3.1240412698600246e-13 2.2463895649121244e-16 
8.8067875070031553e-10 1.4447010360839164e-08 4.5364760639897432e-08 8.6971439702325041e-08 3.9870557398217804e-08 1.5212959526867257e-08 3.1377381798730109e-09 2.9301725461068430e-10 7.7171858146996887e-12 1.2255454644483820e-14 
7.9509982860462930e-11 2.6985068840880500e-09 1.6368864069465204e-08 3.9870557398217804e-08 7.7809803792150275e-08 3.4004160003669495e-08 1.2462276174248226e-08 2.0771778169016534e-09 1.0190804711937015e-10 3.5597443944245654e-13 
4.6903806390649441e-12 3.1711242041738317e-10 3.4821041119822888e-09 1.5212959526867257e-08 3.4004160003669495e-08 7.0282612942533096e-08 2.8128594396351739e-08 8.7439935354008172e-09 8.4163983399033682e-10 6.8012465905652046e-12 
1.5504137502242417e-13 2.1145349105931954e-11 4.1135997385706263e-10 3.1377381798730109e-09 1.2462276174248226e-08 2.8128594396351739e-08 6.3710601914742394e-08 2.1909158673430420e-08 4.5156106342214013e-09 9.4345728446354522e-11 
2.1648697284512563e-15 6.2200177798530421e-13 2.1935152865833748e-11 2.9301725461068430e-10 2.0771778169016534e-09 8.7439935354008172e-09 2.1909158673430420e-08 5.7489479187836170e-08 1.4811922631171217e-08 9.6746973275450193e-10 
6.9577884706484504e-18 4.5392423325945378e-15 3.1240412698600246e-13 7.7171858146996887e-12 1.0190804711937015e-10 8.4163983399033682e-10 4.5156106342214013e-09 1.4811922631171217e-08 5.1299413883859734e-08 6.7051401740539865e-09 
8.0928213586582713e-22 1.4004382132623155e-18 2.2463895649121244e-16 1.2255454644483820e-14 3.5597443944245654e-13 6.8012465905652046e-12 9.4345728446354522e-11 9.6746973275450193e-10 6.7051401740539865e-09 4.1550479446258146e-08 
