6.577426567128e-08 1.773285509394e-08 3.586406897355e-09 4.755111068807e-10 4.403529194165e-11 2.651649919004e-12 8.913570563415e-14 1.259046209896e-15 4.091058041573e-18 4.752664619373e-22 
1.773285509394e-08 7.193512612810e-08 2.582902643651e-08 7.939787061395e-09 1.514106847959e-09 1.811187561516e-10 1.223067870478e-11 3.634322177208e-13 2.672570332268e-15 8.218947468147e-19 
3.586406897355e-09 2.582902643651e-08 6.665503485248e-08 2.531817280444e-08 9.290067376181e-09 2.003399143270e-09 2.390044916723e-10 1.286214759534e-11 1.839340824515e-13 1.317609132179e-16 
4.755111068807e-10 7.939787061395e-09 2.531817280444e-08 6.147900329267e-08 2.286142680374e-08 8.805199638658e-09 1.831030276140e-09 1.722534414293e-10 4.540523005969e-12 7.182802280015e-15 
4.403529194165e-11 1.514106847959e-09 9.290067376181e-09 2.286142680374e-08 5.687816031079e-08 1.979153930933e-08 7.304650721870e-09 1.222775397266e-09 5.989952301734e-11 2.083583919475e-13 
2.651649919004e-12 1.811187561516e-10 2.003399143270e-09 8.805199638658e-09 1.979153930933e-08 5.283967858957e-08 1.654498177924e-08 5.146672659618e-09 4.941615223436e-10 3.971510508163e-12 
8.913570563415e-14 1.223067870478e-11 2.390044916723e-10 1.831030276140e-09 7.304650721870e-09 1.654498177924e-08 4.910861072621e-08 1.287724755828e-08 2.648069144119e-09 5.485084205490e-11 
1.259046209896e-15 3.634322177208e-13 1.286214759534e-11 1.722534414293e-10 1.222775397266e-09 5.146672659618e-09 1.287724755828e-08 4.538839281347e-08 8.661372132246e-09 5.576457043648e-10 
4.091058041573e-18 2.672570332268e-15 1.839340824515e-13 4.540523005969e-12 5.989952301734e-11 4.941615223436e-10 2.648069144119e-09 8.661372132246e-09 4.157712990181e-08 3.802546328730e-09 
4.752664619373e-22 8.218947468147e-19 1.317609132179e-16 7.182802280015e-15 2.083583919475e-13 3.971510508163e-12 5.485084205490e-11 5.576457043648e-10 3.802546328730e-09 3.557833639025e-08 
