7.170019850508e-08 2.025282945852e-08 4.061136769604e-09 5.347186845088e-10 4.927964643807e-11 2.954182496339e-12 9.878309965143e-14 1.394541275402e-15 4.502135135277e-18 5.246804199074e-22 
2.025282945852e-08 7.779352107325e-08 2.909950771201e-08 8.896446107571e-09 1.690174884582e-09 2.010966812632e-10 1.354940852470e-11 4.018465786795e-13 2.937768323067e-15 9.072537443839e-19 
4.061136769604e-09 2.909950771201e-08 7.131432355666e-08 2.829463414914e-08 1.033670574921e-08 2.220342914188e-09 2.647139169506e-10 1.418728400640e-11 2.022822587237e-13 1.453004927753e-16 
5.347186845088e-10 8.896446107571e-09 2.829463414914e-08 6.525662767942e-08 2.535424790106e-08 9.754088181792e-09 2.025568028213e-09 1.895982818024e-10 5.000167748921e-12 7.908144932058e-15 
4.927964643807e-11 1.690174884582e-09 1.033670574921e-08 2.535424790106e-08 5.996850805207e-08 2.191452405731e-08 8.059645030437e-09 1.344456830490e-09 6.606070761248e-11 2.289704765198e-13 
2.954182496339e-12 2.010966812632e-10 2.220342914188e-09 9.754088181792e-09 2.191452405731e-08 5.540904301746e-08 1.820190019749e-08 5.663451440980e-09 5.454020782110e-10 4.357155121201e-12 
9.878309965143e-14 1.354940852470e-11 2.647139169506e-10 2.025568028213e-09 8.059645030437e-09 1.820190019749e-08 5.119517284763e-08 1.420278385287e-08 2.919068316258e-09 6.014222833370e-11 
1.394541275402e-15 4.018465786795e-13 1.418728400640e-11 1.895982818024e-10 1.344456830490e-09 5.663451440980e-09 1.420278385287e-08 4.716190489439e-08 9.514308693366e-09 6.130086956995e-10 
4.502135135277e-18 2.937768323067e-15 2.022822587237e-13 5.000167748921e-12 6.606070761248e-11 5.454020782110e-10 2.919068316258e-09 9.514308693366e-09 4.288671219654e-08 4.211881860916e-09 
5.246804199074e-22 9.072537443839e-19 1.453004927753e-16 7.908144932058e-15 2.289704765198e-13 4.357155121201e-12 6.014222833370e-11 6.130086956995e-10 4.211881860916e-09 3.638599420838e-08 
