1.2279846734482492e-05 4.5828584297813249e-06 8.6829246248578302e-07 1.1162361693552127e-07 1.0155820181591238e-08 6.0364560870083258e-10 2.0074138804886130e-11 2.8140919828784776e-13 9.0521762479919149e-16 1.0466930981107656e-19 
4.5828584297813249e-06 1.0706701402426625e-05 6.1047317362607431e-06 1.8403832453731340e-06 3.4633943478661406e-07 4.0960561639792428e-08 2.7439875705808188e-09 8.0917979865494410e-11 5.9019409247756981e-13 1.8079990829502099e-16 
8.6829246248578302e-07 6.1047317362607431e-06 8.9610949407328482e-06 5.8108360335338502e-06 2.1095692545219834e-06 4.5097646365126903e-07 5.3455232649976058e-08 2.8541795256854333e-09 4.0581937287715800e-11 2.8944685952679437e-14 
1.1162361693552127e-07 1.8403832453731340e-06 5.8108360335338502e-06 7.5954465299850102e-06 5.1572533341669808e-06 1.9745704920749034e-06 4.0811113422235743e-07 3.8119149286499196e-08 1.0012754373990216e-09 1.5756112257364310e-12 
1.0155820181591238e-08 3.4633943478661406e-07 2.1095692545219834e-06 5.1572533341669808e-06 6.4636779061381220e-06 4.4207119802331100e-06 1.6215581477278736e-06 2.7004476238826081e-07 1.3201030422068845e-08 4.5646422934216583e-11 
6.0364560870083258e-10 4.0960561639792428e-08 4.5097646365126903e-07 1.9745704920749034e-06 4.4207119802331100e-06 5.5029994404646291e-06 3.6588917863574253e-06 1.1352690625435910e-06 1.0877812913570712e-07 8.6929609797043501e-10 
2.0074138804886130e-11 2.7439875705808188e-09 5.3455232649976058e-08 4.0811113422235743e-07 1.6215581477278736e-06 3.6588917863574253e-06 4.6405232611622317e-06 2.8379047776171959e-06 5.8162133467940816e-07 1.2005163305810441e-08 
2.8140919828784776e-13 8.0917979865494410e-11 2.8541795256854333e-09 3.8119149286499196e-08 2.7004476238826081e-07 1.1352690625435910e-06 2.8379047776171959e-06 3.8060602966230798e-06 1.8972229904284549e-06 1.2224604133681133e-07 
9.0521762479919149e-16 5.9019409247756981e-13 4.0581937287715800e-11 1.0012754373990216e-09 1.3201030422068845e-08 1.0877812913570712e-07 5.8162133467940816e-07 1.8972229904284549e-06 2.9572943461978856e-06 8.3643833442985819e-07 
1.0466930981107656e-19 1.8079990829502099e-16 2.8944685952679437e-14 1.5756112257364310e-12 4.5646422934216583e-11 8.6929609797043501e-10 1.2005163305810441e-08 1.2224604133681133e-07 8.3643833442985819e-07 1.6473110173005535e-06 
