4.068926684957e-07 1.387928559315e-07 2.571803081559e-08 3.250130651629e-09 2.949222841650e-10 1.772142080510e-11 6.032505701085e-13 8.785290457596e-15 2.997142124963e-17 3.852439622082e-21 
1.387928559315e-07 3.458566484207e-07 1.783778109195e-07 5.341929108267e-08 1.011447574569e-08 1.217208794573e-09 8.390058880859e-11 2.579193925266e-12 1.996137114150e-14 6.786440161962e-18 
2.571803081559e-08 1.783778109195e-07 2.875132391028e-07 1.692090006754e-07 6.219672505574e-08 1.358647635612e-08 1.662452413844e-09 9.271815020785e-11 1.400584499170e-12 1.106650021415e-15 
3.250130651629e-09 5.341929108267e-08 1.692090006754e-07 2.507545826098e-07 1.542458287956e-07 6.051874863882e-08 1.293495189954e-08 1.262778079538e-09 3.528780107890e-11 6.134824387194e-14 
2.949222841650e-10 1.011447574569e-08 6.219672505574e-08 1.542458287956e-07 2.245489527952e-07 1.384940583585e-07 5.256387715552e-08 9.149010507786e-09 4.761543934330e-10 1.811110149668e-12 
1.772142080510e-11 1.217208794573e-09 1.358647635612e-08 6.051874863882e-08 1.384940583585e-07 2.044880130840e-07 1.218903290912e-07 3.954654715371e-08 4.032034318945e-09 3.522183532714e-11 
6.032505701085e-13 8.390058880859e-11 1.662452413844e-09 1.293495189954e-08 5.256387715552e-08 1.218903290912e-07 1.872573575683e-07 1.024516706061e-07 2.228732512775e-08 4.993219209180e-10 
8.785290457596e-15 2.579193925266e-12 9.271815020785e-11 1.262778079538e-09 9.149010507786e-09 3.954654715371e-08 1.024516706061e-07 1.709214857500e-07 7.578990035692e-08 5.284209887654e-09 
2.997142124963e-17 1.996137114150e-14 1.400584499170e-12 3.528780107890e-11 4.761543934330e-10 4.032034318945e-09 2.228732512775e-08 7.578990035692e-08 1.522434292357e-07 3.864047144552e-08 
3.852439622082e-21 6.786440161962e-18 1.106650021415e-15 6.134824387194e-14 1.811110149668e-12 3.522183532714e-11 4.993219209180e-10 5.284209887654e-09 3.864047144552e-08 1.117390582500e-07 
