2.715975883117e-07 9.192912829819e-08 1.696630767797e-08 2.125443445271e-09 1.901073136999e-10 1.122993309330e-11 3.742442045523e-13 5.296294902511e-15 1.751917562102e-17 2.164061846220e-21 
9.192912829819e-08 2.379975979610e-07 1.169819280673e-07 3.461580444856e-08 6.451656820376e-09 7.625267963511e-10 5.133538349997e-11 1.535745677298e-12 1.156665335602e-14 3.788244350603e-18 
1.696630767797e-08 1.169819280673e-07 1.965985744242e-07 1.084142548617e-07 3.924995021541e-08 8.412014849907e-09 1.004985057099e-09 5.467421281636e-11 8.052589286477e-13 6.144659462043e-16 
2.125443445271e-09 3.461580444856e-08 1.084142548617e-07 1.689927579886e-07 9.608612411060e-08 3.696534035586e-08 7.727696928086e-09 7.380581677279e-10 2.013034786466e-11 3.390681323804e-14 
1.901073136999e-10 6.451656820376e-09 3.924995021541e-08 9.608612411060e-08 1.485456799692e-07 8.331972112047e-08 3.102880987829e-08 5.298111765549e-09 2.693673959382e-10 9.968487229690e-13 
1.122993309330e-11 7.625267963511e-10 8.412014849907e-09 3.696534035586e-08 8.331972112047e-08 1.326130498337e-07 7.106995168650e-08 2.265778950456e-08 2.260079908579e-09 1.930685914870e-11 
3.742442045523e-13 5.133538349997e-11 1.004985057099e-09 7.727696928086e-09 3.102880987829e-08 7.106995168650e-08 1.196808649787e-07 5.793959250799e-08 1.237072712522e-08 2.723534112472e-10 
5.296294902511e-15 1.535745677298e-12 5.467421281636e-11 7.380581677279e-10 5.298111765549e-09 2.265778950456e-08 5.793959250799e-08 1.077348451120e-07 4.166319591383e-08 2.859335080120e-09 
1.751917562102e-17 1.156665335602e-14 8.052589286477e-13 2.013034786466e-11 2.693673959382e-10 2.260079908579e-09 1.237072712522e-08 4.166319591383e-08 9.560761076144e-08 2.057758764701e-08 
2.164061846220e-21 3.788244350603e-18 6.144659462043e-16 3.390681323804e-14 9.968487229690e-13 1.930685914870e-11 2.723534112472e-10 2.859335080120e-09 2.057758764701e-08 7.173351067208e-08 
