1.068226066494e-07 3.429447579553e-08 6.638937154248e-09 8.518971682839e-10 7.695315937213e-11 4.544822985091e-12 1.502780940180e-13 2.097991822131e-15 6.755896979311e-18 7.847727462064e-22 
3.429447579553e-08 1.097407694352e-07 4.665150582596e-08 1.398088802497e-08 2.613335302302e-09 3.074038893044e-10 2.048741374757e-11 6.033809089837e-13 4.405009553836e-15 1.359517835481e-18 
6.638937154248e-09 4.665150582596e-08 9.613868929451e-08 4.391904599339e-08 1.586404694991e-08 3.374878824182e-09 3.986394595723e-10 2.129337514030e-11 3.029223195077e-13 2.183321696756e-16 
8.518971682839e-10 1.398088802497e-08 4.391904599339e-08 8.515143555150e-08 3.864936560137e-08 1.473991077368e-08 3.042929578562e-09 2.844770695975e-10 7.478965501783e-12 1.192322048456e-14 
7.695315937213e-11 2.613335302302e-09 1.586404694991e-08 3.864936560137e-08 7.626864945918e-08 3.295976336116e-08 1.209671871538e-08 2.015555966503e-09 9.876939255882e-11 3.465222789490e-13 
4.544822985091e-12 3.074038893044e-10 3.374878824182e-09 1.473991077368e-08 3.295976336116e-08 6.904008285342e-08 2.730728189590e-08 8.476518074504e-09 8.165070915707e-10 6.620084588164e-12 
1.502780940180e-13 2.048741374757e-11 3.986394595723e-10 3.042929578562e-09 1.209671871538e-08 2.730728189590e-08 6.263447400274e-08 2.123499795653e-08 4.388900194110e-09 9.173103081963e-11 
2.097991822131e-15 6.033809089837e-13 2.129337514030e-11 2.844770695975e-10 2.015555966503e-09 8.476518074504e-09 2.123499795653e-08 5.664597468951e-08 1.441579641242e-08 9.382458744628e-10 
6.755896979311e-18 4.405009553836e-15 3.029223195077e-13 7.478965501783e-12 9.876939255882e-11 8.165070915707e-10 4.388900194110e-09 1.441579641242e-08 5.063058806639e-08 6.487270874448e-09 
7.847727462064e-22 1.359517835481e-18 2.183321696756e-16 1.192322048456e-14 3.465222789490e-13 6.620084588164e-12 9.173103081963e-11 9.382458744628e-10 6.487270874448e-09 4.114981809494e-08 
