9.621494492728e-07 3.671123139944e-07 7.263120136021e-08 9.702958311502e-09 9.215608727971e-10 5.815229232576e-11 2.059817591022e-12 3.043554590311e-14 1.053558651878e-16 1.442039165489e-20 
3.671123139944e-07 9.148033957376e-07 5.253160181689e-07 1.644431037555e-07 3.257709091264e-08 4.095388864992e-09 2.892992587322e-10 8.960031714457e-12 7.097723088343e-14 2.566907814185e-17 
7.263120136021e-08 5.253160181689e-07 8.213825291505e-07 5.380083523950e-07 2.060806220102e-07 4.643996730567e-08 5.755123273378e-09 3.236349696157e-10 5.042778973500e-12 4.223660168895e-15 
9.702958311502e-09 1.644431037555e-07 5.380083523950e-07 7.612791507664e-07 5.235858103789e-07 2.088214821283e-07 4.490432752412e-08 4.442484377557e-09 1.287400639361e-10 2.360257104230e-13 
9.215608727971e-10 3.257709091264e-08 2.060806220102e-07 5.235858103789e-07 7.046422590450e-07 4.799930462416e-07 1.833708798175e-07 3.257438825472e-08 1.761703666286e-09 7.016856872582e-12 
5.815229232576e-11 4.095388864992e-09 4.643996730567e-08 2.088214821283e-07 4.799930462416e-07 6.419937459005e-07 4.299373419132e-07 1.432291985735e-07 1.514782282178e-08 1.372365356584e-10 
2.059817591022e-12 2.892992587322e-10 5.755123273378e-09 4.490432752412e-08 1.833708798175e-07 4.299373419132e-07 6.006157404261e-07 3.792559449905e-07 8.512106762819e-08 1.951539670101e-09 
3.043554590311e-14 8.960031714457e-12 3.236349696157e-10 4.442484377557e-09 3.257438825472e-08 1.432291985735e-07 3.792559449905e-07 5.696464583229e-07 2.940496973163e-07 2.057629129269e-08 
1.053558651878e-16 7.097723088343e-14 5.042778973500e-12 1.287400639361e-10 1.761703666286e-09 1.514782282178e-08 8.512106762819e-08 2.940496973163e-07 5.120678392310e-07 1.472505497904e-07 
1.442039165489e-20 2.566907814185e-17 4.223660168895e-15 2.360257104230e-13 7.016856872582e-12 1.372365356584e-10 1.951539670101e-09 2.057629129269e-08 1.472505497904e-07 3.331879861843e-07 
