2.916320886680e-07 9.874245124777e-08 1.821583598590e-08 2.284055418088e-09 2.048059636078e-10 1.211233814950e-11 4.035293880966e-13 5.740742583330e-15 1.912198951734e-17 2.380038352386e-21 
9.874245124777e-08 2.534337061300e-07 1.256743658798e-07 3.725369208887e-08 6.958182511543e-09 8.220483117679e-10 5.546735324651e-11 1.669383954090e-12 1.264796950493e-14 4.170705366186e-18 
1.821583598590e-08 1.256743658798e-07 2.093590060323e-07 1.168894142066e-07 4.232629401768e-08 9.073611678128e-09 1.088648642309e-09 5.956149601453e-11 8.818997302414e-13 6.770974709794e-16 
2.284055418088e-09 3.725369208887e-08 1.168894142066e-07 1.800456686637e-07 1.035944349992e-07 3.995418417960e-08 8.393653594783e-09 8.055876139487e-10 2.207875350350e-11 3.739363518213e-14 
2.048059636078e-10 6.958182511543e-09 4.232629401768e-08 1.035944349992e-07 1.581901512808e-07 9.035478886744e-08 3.379446225094e-08 5.794039362296e-09 2.958846093704e-10 1.100357285937e-12 
1.211233814950e-11 8.220483117679e-10 9.073611678128e-09 3.995418417960e-08 9.035478886744e-08 1.418347695796e-07 7.761267393506e-08 2.483059245555e-08 2.486519324665e-09 2.133699975732e-11 
4.035293880966e-13 5.546735324651e-11 1.088648642309e-09 8.393653594783e-09 3.379446225094e-08 7.761267393506e-08 1.283801596692e-07 6.364689303209e-08 1.363299838508e-08 3.015244161906e-10 
5.740742583330e-15 1.669383954090e-12 5.956149601453e-11 8.055876139487e-10 5.794039362296e-09 2.483059245555e-08 6.364689303209e-08 1.157886063309e-07 4.600956051486e-08 3.173818779882e-09 
1.912198951734e-17 1.264796950493e-14 8.818997302414e-13 2.207875350350e-11 2.958846093704e-10 2.486519324665e-09 1.363299838508e-08 4.600956051486e-08 1.029214671435e-07 2.289154995256e-08 
2.380038352386e-21 4.170705366186e-18 6.770974709794e-16 3.739363518213e-14 1.100357285937e-12 2.133699975732e-11 3.015244161906e-10 3.173818779882e-09 2.289154995256e-08 7.674533653784e-08 
