1.468511237869e-07 4.906708993939e-08 9.281187721550e-09 1.173270306012e-09 1.050273111705e-10 6.163097675792e-12 2.030458637084e-13 2.840024755021e-15 9.149895523017e-18 1.082282008313e-21 
4.906708993939e-08 1.425994208215e-07 6.448015651275e-08 1.912888431092e-08 3.552415771556e-09 4.157301161122e-10 2.770398333190e-11 8.168084875525e-13 5.980360417363e-15 1.879010493194e-18 
9.281187721550e-09 6.448015651275e-08 1.212609623613e-07 5.980038279227e-08 2.148919022684e-08 4.560853770766e-09 5.394988377213e-10 2.882343010998e-11 4.127772585365e-13 3.021861697417e-16 
1.173270306012e-09 1.912888431092e-08 5.980038279227e-08 1.053966868735e-07 5.223616621968e-08 1.993395197262e-08 4.119332313128e-09 3.854054466005e-10 1.023511337218e-11 1.652164783747e-14 
1.050273111705e-10 3.552415771556e-09 2.148919022684e-08 5.223616621968e-08 9.318789797394e-08 4.461629380878e-08 1.637481114872e-08 2.737724007921e-09 1.357596106050e-10 4.808583958394e-13 
6.163097675792e-12 4.157301161122e-10 4.560853770766e-09 1.993395197262e-08 4.461629380878e-08 8.347990176207e-08 3.701063978977e-08 1.157257569227e-08 1.126748610207e-09 9.209350879647e-12 
2.030458637084e-13 2.770398333190e-11 5.394988377213e-10 4.119332313128e-09 1.637481114872e-08 3.701063978977e-08 7.511552504704e-08 2.919232745459e-08 6.075197283992e-09 1.282478328935e-10 
2.840024755021e-15 8.168084875525e-13 2.882343010998e-11 3.854054466005e-10 2.737724007921e-09 1.157257569227e-08 2.919232745459e-08 6.752667723366e-08 2.002488202178e-08 1.325652781350e-09 
9.149895523017e-18 5.980360417363e-15 4.127772585365e-13 1.023511337218e-11 1.357596106050e-10 1.126748610207e-09 6.075197283992e-09 2.002488202178e-08 5.971807343480e-08 9.334995688765e-09 
1.082282008313e-21 1.879010493194e-18 3.021861697417e-16 1.652164783747e-14 4.808583958394e-13 9.209350879647e-12 1.282478328935e-10 1.325652781350e-09 9.334995688765e-09 4.714232251795e-08 
