1.223433438742e-05 4.567263848138e-06 8.651338821870e-07 1.111788371973e-07 1.011236248518e-08 6.009214750809e-10 1.997971772217e-11 2.800402106832e-13 9.007281339787e-16 1.042541372908e-19 
4.567263848138e-06 1.066851690884e-05 6.080972074457e-06 1.832677968054e-06 3.448056306532e-07 4.077111652025e-08 2.730852458141e-09 8.051987113398e-11 5.873004369642e-13 1.801289033027e-16 
8.651338821870e-07 6.080972074457e-06 8.924054713881e-06 5.785454641143e-06 2.099960435422e-06 4.488505688775e-07 5.319598643677e-08 2.840048152861e-09 4.038846755147e-11 2.884260247296e-14 
1.111788371973e-07 1.832677968054e-06 5.785454641143e-06 7.561173939289e-06 5.133163945624e-06 1.965100253862e-06 4.061094343912e-07 3.793049515977e-08 9.967230057021e-10 1.570241690963e-12 
1.011236248518e-08 3.448056306532e-07 2.099960435422e-06 5.133163945624e-06 6.432934401152e-06 4.399168646111e-06 1.613535014767e-06 2.687268069732e-07 1.314500435653e-08 4.549378923041e-11 
6.009214750809e-10 4.077111652025e-08 4.488505688775e-07 1.965100253862e-06 4.399168646111e-06 5.475959670056e-06 3.640807416343e-06 1.129966830282e-06 1.083563431327e-07 8.664091868925e-10 
1.997971772217e-11 2.730852458141e-09 5.319598643677e-08 4.061094343912e-07 1.613535014767e-06 3.640807416343e-06 4.618535321521e-06 2.825903554934e-06 5.795700894650e-07 1.196518905569e-08 
2.800402106832e-13 8.051987113398e-11 2.840048152861e-09 3.793049515977e-08 2.687268069732e-07 1.129966830282e-06 2.825903554934e-06 3.792255198492e-06 1.890894284394e-06 1.218347601773e-07 
9.007281339787e-16 5.873004369642e-13 4.038846755147e-11 9.967230057021e-10 1.314500435653e-08 1.083563431327e-07 5.795700894650e-07 1.890894284394e-06 2.947522321396e-06 8.335759746723e-07 
1.042541372908e-19 1.801289033027e-16 2.884260247296e-14 1.570241690963e-12 4.549378923041e-11 8.664091868925e-10 1.196518905569e-08 1.218347601773e-07 8.335759746723e-07 1.641638976463e-06 
