1.067348280552e-07 3.426070515201e-08 6.632994903750e-09 8.512000078945e-10 7.689521847701e-11 4.541670935403e-12 1.501820294779e-13 2.096760131468e-15 6.752306222512e-18 7.844004526319e-22 
3.426070515201e-08 1.096665162984e-07 4.661240549252e-08 1.397006927930e-08 2.611465118355e-09 3.072004400072e-10 2.047484872675e-11 6.030400643778e-13 4.402731941632e-15 1.358884798215e-18 
6.632994903750e-09 4.661240549252e-08 9.608550710376e-08 4.388693624368e-08 1.585323310229e-08 3.372733103449e-09 3.984034896411e-10 2.128172195000e-11 3.027692082865e-13 2.182322426528e-16 
8.512000078945e-10 1.397006927930e-08 4.388693624368e-08 8.511220956940e-08 3.862429979398e-08 1.473091608367e-08 3.041192254436e-09 2.843258429474e-10 7.475265235445e-12 1.191785196088e-14 
7.689521847701e-11 2.611465118355e-09 1.585323310229e-08 3.862429979398e-08 7.623902478226e-08 3.294053425572e-08 1.209007501176e-08 2.014515169204e-09 9.872161424191e-11 3.463686749892e-13 
4.541670935403e-12 3.072004400072e-10 3.372733103449e-09 1.473091608367e-08 3.294053425572e-08 6.901741004268e-08 2.729287956689e-08 8.472273840504e-09 8.161222290720e-10 6.617194364089e-12 
1.501820294779e-13 2.047484872675e-11 3.984034896411e-10 3.041192254436e-09 1.209007501176e-08 2.729287956689e-08 6.261705177304e-08 2.122473436991e-08 4.386894442976e-09 9.169158608802e-11 
2.096760131468e-15 6.030400643778e-13 2.128172195000e-11 2.843258429474e-10 2.014515169204e-09 8.472273840504e-09 2.122473436991e-08 5.663280708721e-08 1.440943355537e-08 9.378487299152e-10 
6.752306222512e-18 4.402731941632e-15 3.027692082865e-13 7.475265235445e-12 9.872161424191e-11 8.161222290720e-10 4.386894442976e-09 1.440943355537e-08 5.062101258421e-08 6.484576063464e-09 
7.844004526319e-22 1.358884798215e-18 2.182322426528e-16 1.191785196088e-14 3.463686749892e-13 6.617194364089e-12 9.169158608802e-11 9.378487299152e-10 6.484576063464e-09 4.114451039015e-08 
