1.5892500267227084e-08 6.5167100247112051e-09 4.7548856988538256e-09 3.7022633742687709e-09 2.9465025112120999e-09 2.3462450322367264e-09 1.8335500482346778e-09 1.3651109727241182e-09 8.9740635120423206e-10 2.7285916512543561e-10 
6.5167100247112051e-09 5.7584611110545889e-09 2.3702855177617957e-09 1.8626105906213820e-09 1.4982245426867531e-09 1.2088396995268318e-09 9.6162325438368009e-10 7.3569989814842529e-10 5.1016972543214802e-10 2.0989026595450692e-10 
4.7548856988538256e-09 2.3702855177617957e-09 4.2940609690024735e-09 1.3883019777727364e-09 1.1247328078046194e-09 9.1542694031120616e-10 7.3660032193454591e-10 5.7315268803129951e-10 4.1000968615697407e-10 1.9326383813090176e-10 
3.7022633742687709e-09 1.8626105906213820e-09 1.3883019777727364e-09 3.6433915003291780e-09 9.0158612699864454e-10 7.4011797998672015e-10 6.0214419518221520e-10 4.7601997648211603e-10 3.5014909582562047e-10 1.8330865271337313e-10 
2.9465025112120999e-09 1.4982245426867531e-09 1.1247328078046194e-09 9.0158612699864454e-10 3.2800223859153409e-09 6.1444955905464235e-10 5.0581378318682521e-10 4.0648755682354197e-10 3.0738241533773839e-10 1.7638365390034331e-10 
2.3462450322367264e-09 1.2088396995268318e-09 9.1542694031120616e-10 7.4011797998672015e-10 6.1444955905464235e-10 3.0531570708793697e-09 4.2936548709903081e-10 3.5131979165210900e-10 2.7346232751570173e-10 1.7092800997762750e-10 
1.8335500482346778e-09 9.6162325438368009e-10 7.3660032193454591e-10 6.0214419518221520e-10 5.0581378318682521e-10 4.2936548709903081e-10 2.9024763999153825e-09 3.0415759325593533e-10 2.4442575428843025e-10 1.6617208683493746e-10 
1.3651109727241182e-09 7.3569989814842529e-10 5.7315268803129951e-10 4.7601997648211603e-10 4.0648755682354197e-10 3.5131979165210900e-10 3.0415759325593533e-10 2.7995000444011165e-09 2.1791078120238528e-10 1.6173979323658346e-10 
8.9740635120423206e-10 5.1016972543214802e-10 4.1000968615697407e-10 3.5014909582562047e-10 3.0738241533773839e-10 2.7346232751570173e-10 2.4442575428843025e-10 2.1791078120238528e-10 2.7301370793910227e-09 1.5755612316717490e-10 
2.7285916512543561e-10 2.0989026595450692e-10 1.9326383813090176e-10 1.8330865271337313e-10 1.7638365390034331e-10 1.7092800997762750e-10 1.6617208683493746e-10 1.6173979323658346e-10 1.5755612316717490e-10 2.6924594681953263e-09 
