-1.1996085806406427e-09 1.8137812117408569e-09 2.5962129400858923e-09 3.0620884827238569e-09 3.3954341206410367e-09 3.6600801304660749e-09 3.8867869090464891e-09 4.0954790571371709e-09 4.3072642919506666e-09 4.5973050592168635e-09 
-4.8488204964930801e-09 -1.8260563919809781e-10 1.0294501596698723e-09 1.7705073573126961e-09 2.3017318278015493e-09 2.7181650927077350e-09 3.0725253655005008e-09 3.3983103845205520e-09 3.7288885625924069e-09 4.1816128407608968e-09 
-6.8410859734558891e-09 -1.4855251264275814e-09 -1.3565829573407242e-10 7.0385427315100692e-10 1.3365708421173066e-09 1.8315693856175902e-09 2.2431505514391109e-09 2.6178301142150970e-09 2.9973884906971456e-09 3.5171304005179081e-09 
-8.2219346901872306e-09 -2.4388238554168812e-09 -9.9125035217306093e-10 -1.2938202950804513e-10 5.3895010039514895e-10 1.0911808444776690e-09 1.5496947260211012e-09 1.9576844698406139e-09 2.3668969926280179e-09 2.9264483123926721e-09 
-9.2761954768962740e-09 -3.2015916253891322e-09 -1.6571363849011749e-09 -7.6208746725615899e-10 -1.0829494353239239e-10 4.5144024417131149e-10 9.4740355384651015e-10 1.3902698574837420e-09 1.8234840367668639e-09 2.4104022418325114e-09 
-1.0142706231490189e-08 -3.8542984390297323e-09 -2.2381443176381017e-09 -1.2897128456536378e-09 -6.2979001583869075e-10 -9.8407602736281707e-11 3.9576476286892881e-10 8.7323941785297308e-10 1.3381622010997277e-09 1.9483021381128123e-09 
-1.0899214766902205e-08 -4.4403471927479424e-09 -2.7755212082523292e-09 -1.7850492286167349e-09 -1.0899986647221158e-09 -5.6131691439568727e-10 -1.0538122291996800e-10 3.6541904085857825e-10 8.7392731037218455e-10 1.5178998211323777e-09 
-1.1621770382667459e-08 -5.0058344069176739e-09 -3.2998366985151527e-09 -2.2804701758672134e-09 -1.5526171610897498e-09 -9.9011429494678790e-10 -5.4080995993984530e-10 -1.3441847419614243e-10 3.6962707682443581e-10 1.0890898547307127e-09 
-1.2676819034193790e-08 -5.7429437735741933e-09 -3.9549103339202806e-09 -2.8859221928598135e-09 -2.1186164975257506e-09 -1.5112455315212772e-09 -1.0063509164403758e-09 -5.9341114589810841e-10 -2.0790388959694703e-10 5.7527361974583885e-10 
-1.4939530528792586e-08 -7.1730869149630011e-09 -5.1703508128495654e-09 -3.9729766012990468e-09 -3.1131752475639584e-09 -2.4296018551526277e-09 -1.8444774981079896e-09 -1.3133908369842047e-09 -8.3618288107809056e-10 -2.3261466510725413e-10 
