-9.0336912613572837e-10 1.2279697013877797e-09 1.7816180509209466e-09 2.1112899104812234e-09 2.3471410224650621e-09 2.5343672455098099e-09 2.6947492605259819e-09 2.8423866003444081e-09 2.9922121005053641e-09 3.1973987090772283e-09 
-3.6161144291829270e-09 -1.5018328769174231e-10 7.4984348657310033e-10 1.3004200297147849e-09 1.6952004684892722e-09 2.0045996816800449e-09 2.2678337885662621e-09 2.5098317531925689e-09 2.7553893360832943e-09 3.0916785151073857e-09 
-5.1833326119661074e-09 -1.1302303728815332e-09 -1.0889033724490343e-10 5.2625706414439731e-10 1.0052105319007663e-09 1.3799607244160765e-09 1.6914859605580122e-09 1.9750456350580931e-09 2.2622918084661069e-09 2.6556271437314303e-09 
-6.2753335822368220e-09 -1.8628767344560027e-09 -7.5838562177056835e-10 -1.0093808722760533e-10 4.0891223109103726e-10 8.3032227082622652e-10 1.1802156396871815e-09 1.4915138061332333e-09 1.8037343755999281e-09 2.2306610231831128e-09 
-7.0933116070618215e-09 -2.4481570549277981e-09 -1.2671256384573898e-09 -5.8273509235058389e-10 -8.2837187065006244e-11 3.4522805204182374e-10 7.2453640947758405e-10 1.0631767275375958e-09 1.3944273385465612e-09 1.8432301007195552e-09 
-7.7375000963860403e-09 -2.9394503733459133e-09 -1.7063384246802958e-09 -9.8273739363046470e-10 -4.7927611991816548e-10 -7.3767065711384038e-11 3.0345190910622742e-10 6.6779469665424372e-10 1.0224325196945472e-09 1.4879314077119433e-09 
-8.2613467703522239e-09 -3.3643811482759756e-09 -2.1021531333609605e-09 -1.3512328646433048e-09 -8.2435616569483938e-10 -4.2360013449117354e-10 -7.7740502723734982e-11 2.7954360361278526e-10 6.6500502675287650e-10 1.1530405661554862e-09 
-8.7110739170400858e-09 -3.7505928365120368e-09 -2.4714744694749552e-09 -1.7071836570135290e-09 -1.1615013493846587e-09 -7.3989093030130025e-10 -4.0314316191635572e-10 -9.8058741999893997e-11 2.8044624567942782e-10 8.1939526120024379e-10 
-9.3262882181684277e-09 -4.2233665953978006e-09 -2.9074799090487615e-09 -2.1207684153936325e-09 -1.5560827204906157e-09 -1.1091383491222442e-09 -7.3776645303922446e-10 -4.3422172552095939e-10 -1.4977396887977103e-10 4.2732167087825935e-10 
-1.0552899260321337e-08 -5.0632836610746363e-09 -3.6476742368853870e-09 -2.8013249792286237e-09 -2.1935850227818359e-09 -1.7104110198392655e-09 -1.2968437367150215e-09 -9.2166152885123927e-10 -5.8556407295171577e-10 -1.5810769845254424e-10 
