-5.4932232208239640e-10 6.5077482376188889e-10 9.6270421150726032e-10 1.1484769758001058e-09 1.2813489995695199e-09 1.3868090487618998e-09 1.4771443744238520e-09 1.5603008440038264e-09 1.6446897727110787e-09 1.7602607092528290e-09 
-2.2150569735817433e-09 -1.0777891282975031e-10 4.3909982688811638e-10 7.7398529426957280e-10 1.0142587769930722e-09 1.2024819065604984e-09 1.3625584252939608e-09 1.5097074991041243e-09 1.6590197192913617e-09 1.8635015520165266e-09 
-3.2856444501294075e-09 -7.2350316050784790e-10 -7.8201631858387051e-11 3.2295244499604327e-10 6.2584193630443903e-10 8.6295002860149053e-10 1.0599535756534251e-09 1.2392093750768284e-09 1.4207822678731260e-09 1.6694144185201550e-09 
-4.0642188653964851e-09 -1.2100081417443895e-09 -4.9547718989511745e-10 -7.0479683584671836e-11 2.5904089184962021e-10 5.3168522556923476e-10 7.5814566850504367e-10 9.5955579790527847e-10 1.1615155991468959e-09 1.4376627688301779e-09 
-4.6549249728631541e-09 -1.6082882157557075e-09 -8.3356045911606461e-10 -3.8464935599076269e-10 -5.6992433185502016e-11 2.2359418870355595e-10 4.7242074954093238e-10 6.9461317202260166e-10 9.1189455775488963e-10 1.2062505378139229e-09 
-5.1131833710372781e-09 -1.9430720654341209e-09 -1.1283165824120313e-09 -6.5017535418403287e-10 -3.1755290835226164e-10 -4.9743009014236140e-11 1.9944428696004628e-10 4.4022923486540783e-10 6.7457154864640780e-10 9.8212791049344673e-10 
-5.4664383469465404e-09 -2.2260284233623142e-09 -1.3907878625814829e-09 -8.9388591051130027e-10 -5.4524849688494037e-10 -2.8009944019616576e-10 -5.1249379482194586e-11 1.8526076573419032e-10 4.4035467122148655e-10 7.6323639415888792e-10 
-5.7341082658345630e-09 -2.4682013257059393e-09 -1.6260489541227905e-09 -1.1228531794846514e-09 -7.6359860470214159e-10 -4.8607213858164114e-10 -2.6443913409508772e-10 -6.3447436444412947e-11 1.8606490830453398e-10 5.4069384382775519e-10 
-6.0420557525043282e-09 -2.7350285162562073e-09 -1.8822478392258430e-09 -1.3724075431722089e-09 -1.0064574074775883e-09 -7.1683373452739344e-10 -4.7628372623585031e-10 -2.7981376232332740e-10 -9.5033620929071715e-11 2.7949586426574605e-10 
-6.5093244462613320e-09 -3.1201423522341543e-09 -2.2461726391308587e-09 -1.7236530777974033e-09 -1.3484463101035514e-09 -1.0501452004936633e-09 -7.9483294445749993e-10 -5.6336984546422795e-10 -3.5686804743485836e-10 -9.2357706442186469e-11 
