-1.1208869246601850e-08 2.0883839192399400e-08 2.9214192534985329e-08 3.4177446813813790e-08 3.7728507269699253e-08 4.0547165069839238e-08 4.2961597093085723e-08 4.5184155161553571e-08 4.7439653356672913e-08 5.0528568760312414e-08 
-5.5943869014133799e-08 -2.9511914483209339e-09 1.0790903839040953e-08 1.9213374888210685e-08 2.5260628002039269e-08 2.9996709834931663e-08 3.4023021595637529e-08 3.7723580001756110e-08 4.1478441844867528e-08 4.6620686577354257e-08 
-8.6888530124915251e-08 -1.9469967387862760e-08 -2.4963061869398038e-09 8.0413526053433805e-09 1.6004130182275171e-08 2.2251602528900040e-08 2.7442406245009861e-08 3.2160663660671678e-08 3.6938116049553770e-08 4.3479749249448019e-08 
-1.1504208854208841e-07 -3.4717265038283667e-08 -1.4582018902408100e-08 -2.6381874213673577e-09 6.5784063705241740e-09 1.4238381218515891e-08 2.0632536671714840e-08 2.6312676076920006e-08 3.1997643400727716e-08 3.9767915841297785e-08 
-1.4477724171695759e-07 -5.0524541381794331e-08 -2.6523790490266490e-08 -1.2609542930246686e-08 -2.5257066198834624e-09 6.0875510749409046e-09 1.3788546951797300e-08 2.0692848709653868e-08 2.7426133165832391e-08 3.6532895512121894e-08 
-1.7372832673247992e-07 -6.6373540857878379e-08 -3.8770617268819462e-08 -2.2551031223196419e-08 -1.1281917611544362e-08 -2.2633104122953456e-09 6.1308389985226840e-09 1.4299263211419800e-08 2.2262440011145421e-08 3.2684440386184375e-08 
-1.9842097156456178e-07 -8.1019333959862695e-08 -5.0756649853911318e-08 -3.2745807432811710e-08 -2.0098280946591478e-08 -1.0487675906309294e-08 -2.2312709530853810e-09 6.2968190298829819e-09 1.5554796614400970e-08 2.7280954659975283e-08 
-2.2169473434656916e-07 -9.5631216506876037e-08 -6.3124162739166169e-08 -4.3699807762954785e-08 -2.9826552902348608e-08 -1.9096086647717011e-08 -1.0523839034700252e-08 -2.8110062790626205e-09 6.7382326672836504e-09 2.0489115574159734e-08 
-2.6005787511246319e-07 -1.1800795616646804e-07 -8.1377639789660775e-08 -5.9477907928186471e-08 -4.3758016965908448e-08 -3.1310590699184084e-08 -2.0945189288577273e-08 -1.2441388211155090e-08 -4.6220708002094382e-09 1.1326272658882388e-08 
-3.5613690686156360e-07 -1.7134521204123611e-07 -1.2369289229544832e-07 -9.5203038204272862e-08 -7.4745252546806605e-08 -5.8480406882938524e-08 -4.4555797319813446e-08 -3.1895280085163080e-08 -2.0409394766755222e-08 -6.1733021821576261e-09 
