-1.6483994433116436e-09 2.8832116730044219e-09 4.0592149910877353e-09 4.7594313675422434e-09 5.2605418321295424e-09 5.6584144212596674e-09 5.9992556548290565e-09 6.3130135044011594e-09 6.6314216744142047e-09 7.0674831178653350e-09 
-6.8945360371968034e-09 -2.3734301088283529e-10 1.4921795532001066e-09 2.5491559355390104e-09 3.3067593583537422e-09 3.9007704620020823e-09 4.4062932278365118e-09 4.8710591850926661e-09 5.3426634642651810e-09 5.9885219176742338e-09 
-9.6378142599165054e-09 -2.0895073870410123e-09 -1.8670150141208985e-10 9.9655882729633502e-10 1.8881368406136775e-09 2.5857292752262191e-09 3.1658345951381577e-09 3.6939288688300114e-09 4.2288923949985771e-09 4.9614341004543488e-09 
-1.1592648972212324e-08 -3.4408882503080995e-09 -1.4002288626940079e-09 -1.8536436336603340e-10 7.5636936603048880e-10 1.5346300473154936e-09 2.1810393416761840e-09 2.7562214788692910e-09 3.3330573645975136e-09 4.1217859385926525e-09 
-1.3171482328356621e-08 -4.5504024069814452e-09 -2.3582582300318637e-09 -1.0877361819565063e-09 -1.6020356303029807e-10 6.3355441612009216e-10 1.3373164622190607e-09 1.9661007856745564e-09 2.5810696596441347e-09 3.4140385907275885e-09 
-1.4571362727305712e-08 -5.5424543627610594e-09 -3.2218530226450781e-09 -1.8597393979155785e-09 -9.1200687923927435e-10 -1.4960236993713597e-10 5.5908781887016371e-10 1.2446499811719635e-09 1.9126979650888402e-09 2.7888998664313321e-09 
-1.5914273585011359e-08 -6.4889821164661579e-09 -4.0595099470551946e-09 -2.6139765300390249e-09 -1.5992925312664432e-09 -8.2753204558426935e-10 -1.6303150486863244e-10 5.2270108412765899e-10 1.2651725723643514e-09 2.2057090362522143e-09 
-1.7341159031612706e-08 -7.4747292966912317e-09 -4.9305506313294122e-09 -3.4103271942073792e-09 -2.3246985016536432e-09 -1.4853208837532880e-09 -8.1485446637655445e-10 -2.1019963188724306e-10 5.3955218382006178e-10 1.6142093163673034e-09 
-1.9498477056660195e-08 -8.8387365022821063e-09 -6.0899166807694414e-09 -4.4465142311031093e-09 -3.2668829678588988e-09 -2.3329983963107410e-09 -1.5561531010729434e-09 -9.2021507877510749e-10 -3.3000246851960100e-10 8.7185379193807825e-10 
-2.4230583298965831e-08 -1.1643620526369614e-08 -8.3978149125899940e-09 -6.4572477315863796e-09 -5.0637798197825389e-09 -3.9559180188257749e-09 -3.0075561429723942e-09 -2.1462439270418546e-09 -1.3695848806946712e-09 -3.9387564335348637e-10 
