-4.1514803918857761e-10 4.6477143883395197e-10 6.9353589473703182e-10 8.2979532723433480e-10 9.2724297440738466e-10 1.0045799050946923e-09 1.0708237939865506e-09 1.1318031762195609e-09 1.1936863236341183e-09 1.2784355034061718e-09 
-1.6904640787921490e-09 -8.8548606649685932e-11 3.2702805556019828e-10 5.8164806643142831e-10 7.6440581877773440e-10 9.0753829184062016e-10 1.0292387014505320e-09 1.1411043833658012e-09 1.2546138678584461e-09 1.4100641138017892e-09 
-2.5580907735471429e-09 -5.6666307349399717e-10 -6.5251513838586071e-11 2.4636454034175269e-10 4.8183254177400641e-10 6.6622946585779651e-10 8.1939054335918536e-10 9.5872084060121389e-10 1.0998445914575733e-09 1.2930878973512034e-09 
-3.2099183101540534e-09 -9.5763811737406522e-10 -3.9373591263604760e-10 -5.8508464057027581e-11 2.0134957525300883e-10 4.1651105636951723e-10 5.9528771755870298e-10 7.5425251463204472e-10 9.1362145016596049e-10 1.1315250865710385e-09 
-3.7149088309515322e-09 -1.2847116358984908e-09 -6.6665771641454089e-10 -3.0853733341309827e-10 -4.7310475874196808e-11 1.7636984835608241e-10 3.7486647887907742e-10 5.5216658113691512e-10 7.2550743336469718e-10 9.6030502080169674e-10 
-4.1115104372835111e-09 -1.5631154619645315e-09 -9.0812470703887824e-10 -5.2370264839271236e-10 -2.5630688668253691e-10 -4.1118921606161656e-11 1.5911234099851617e-10 3.5270690963294295e-10 5.4114399131639843e-10 7.8839339491233791e-10 
-4.4180420458527269e-09 -1.7994330248916071e-09 -1.1244636367930162e-09 -7.2289791662294116e-10 -4.4113321559427815e-10 -2.2686408401915824e-10 -4.1996487133736847e-11 1.4908142272882320e-10 3.5527106988104943e-10 6.1622211072156543e-10 
-4.6458682616754063e-09 -1.9998356985563157e-09 -1.3175250795304963e-09 -9.0983551524422550e-10 -6.1876290301084120e-10 -3.9390296745092440e-10 -2.1434639531209138e-10 -5.1539041061094719e-11 1.5063577143911131e-10 4.3797325497086133e-10 
-4.8871704001629884e-09 -2.2120797302363275e-09 -1.5222560732632217e-09 -1.1098406636914912e-09 -8.1381977005509229e-10 -5.7954243232958805e-10 -3.8497535302812920e-10 -2.2609655120108580e-10 -7.6577836810779482e-11 2.2650652546381113e-10 
-5.1829834473226576e-09 -2.4834436340775671e-09 -1.7873122651060143e-09 -1.3711167703241421e-09 -1.0722583717702306e-09 -8.3465687525026507e-10 -6.3130067761229747e-10 -4.4698263259161825e-10 -2.8279818691860560e-10 -7.1973781294259127e-11 
