2.438249197330e-10 6.497552257905e-10 9.100732754009e-10 1.082334140082e-09 1.207515855753e-09 1.307056720872e-09 1.392334731575e-09 1.470836387108e-09 1.550501470371e-09 1.659578673552e-09 
2.303800225331e-11 1.933428093708e-10 4.717574109495e-10 7.419413735037e-10 9.623246911147e-10 1.140045229009e-09 1.291896629459e-09 1.431550913162e-09 1.573261763114e-09 1.767307134124e-09 
1.476616597095e-12 3.174465097981e-11 1.504740135863e-10 3.640990142775e-10 6.060537644682e-10 8.224628247963e-10 1.008810571016e-09 1.179446686293e-09 1.352391381322e-09 1.589189716956e-09 
-7.420008606480e-14 4.609227468670e-13 2.122913532510e-11 1.155066917606e-10 2.991795601421e-10 5.176152797837e-10 7.246883684086e-10 9.158244012517e-10 1.108610367055e-09 1.372292196659e-09 
-3.002189382839e-14 -9.443196730460e-13 -2.672561748157e-12 1.544312201118e-11 9.780119141694e-11 2.581734796892e-10 4.598601304747e-10 6.648753745799e-10 8.719837256037e-10 1.153557556328e-09 
-2.840489732663e-15 -1.788596418804e-13 -1.559251279009e-12 -3.116993348365e-12 1.183166119284e-11 8.039881766694e-11 2.266575599802e-10 4.270651783716e-10 6.464824744805e-10 9.409036735957e-10 
-1.107684502113e-16 -1.428951296721e-14 -2.560970883358e-13 -1.681709065285e-12 -4.455884383523e-12 2.993310564946e-12 5.862191184700e-11 2.033378560626e-10 4.243978855704e-10 7.316233226941e-10 
-1.727263802389e-18 -5.075103083183e-16 -1.831738050733e-14 -2.483563140526e-13 -1.743989515383e-12 -6.708217969084e-12 -1.010866296586e-11 2.939925063370e-11 1.941326516041e-10 5.194622309141e-10 
-7.138526105337e-21 -5.025740404783e-18 -3.719383529133e-16 -9.910699664913e-15 -1.424166194865e-13 -1.297161744981e-12 -7.728641941608e-12 -2.637908820571e-11 -1.137520163722e-11 2.738483828628e-10 
-1.404307381940e-24 -2.685199194660e-21 -4.748238735655e-19 -2.858499824647e-17 -9.189803175626e-16 -1.957840576836e-14 -3.075484431365e-13 -3.661487181433e-12 -2.962801276207e-11 -1.137369098356e-12 
