1.150191753955e-09 2.830137890222e-09 3.832992716464e-09 4.486086924997e-09 4.959529115122e-09 5.335978156377e-09 5.658504102039e-09 5.955403734342e-09 6.256703634664e-09 6.669237337813e-09 
8.355308340002e-11 6.687459303772e-10 1.584141887101e-09 2.450057252024e-09 3.149451594519e-09 3.712526699228e-09 4.193747710133e-09 4.636360671648e-09 5.085496381265e-09 5.700499057737e-09 
4.994036114519e-12 1.024003256412e-10 4.697545371561e-10 1.113226230603e-09 1.831044734335e-09 2.469562595226e-09 3.019098712060e-09 3.522404227721e-09 4.032551333504e-09 4.731054750746e-09 
-1.989044608674e-13 1.969933143730e-12 6.500065875504e-11 3.406515800240e-10 8.689350928334e-10 1.493001096753e-09 2.083425494478e-09 2.628329239439e-09 3.178020926371e-09 3.929866833093e-09 
-8.611581073714e-14 -2.662548157811e-12 -7.237723465845e-12 4.493126054218e-11 2.784572531720e-10 7.309540332672e-10 1.298642307769e-09 1.875819035457e-09 2.459251637141e-09 3.252416677785e-09 
-8.062097213741e-15 -5.046350561977e-13 -4.380582055089e-12 -8.674128562439e-12 3.351076100023e-11 2.257164621518e-10 6.356130760265e-10 1.199965542697e-09 1.820017068144e-09 2.652015066081e-09 
-3.121468235892e-16 -4.015567708996e-14 -7.184269311710e-13 -4.721699982600e-12 -1.264764066941e-11 7.432700471211e-12 1.629493006655e-10 5.744284028976e-10 1.209412207318e-09 2.094415006555e-09 
-4.845306744985e-18 -1.425167428083e-15 -5.167815579266e-14 -7.060891627209e-13 -5.012992733856e-12 -1.959263365058e-11 -3.076671478909e-11 8.104285021389e-11 5.614371352058e-10 1.526286018723e-09 
-2.024699690494e-20 -1.437678584797e-17 -1.072337071687e-15 -2.878076289987e-14 -4.166584380801e-13 -3.830018610125e-12 -2.315200251348e-11 -8.142426764537e-11 -4.593777262838e-11 8.350115701058e-10 
-4.125750097532e-24 -7.937180401619e-21 -1.412993199459e-18 -8.574118547521e-17 -2.783104644410e-15 -6.000708258941e-14 -9.575638265430e-13 -1.165594239061e-11 -9.777090709912e-11 -2.110927964054e-11 
