9.450539375857e-09 2.189700987582e-08 2.933305534043e-08 3.421390599824e-08 3.775877998425e-08 4.057761383846e-08 4.299257021698e-08 4.521562983398e-08 4.747163578407e-08 5.056050479945e-08 
6.139172272871e-10 5.069806074013e-09 1.234448545730e-08 1.946007036259e-08 2.529196640272e-08 3.000118530499e-08 3.402541389069e-08 3.772615190299e-08 4.148132108855e-08 4.662329013715e-08 
3.787076196795e-11 8.247070190588e-10 3.976259249344e-09 9.740438691302e-09 1.634322484508e-08 2.230118736734e-08 2.745032097358e-08 3.216575687586e-08 3.694397793398e-08 4.348619981329e-08 
-2.140706409312e-12 8.971576266023e-12 5.625785887297e-10 3.143687910538e-09 8.299978943355e-09 1.460256651853e-08 2.068490866849e-08 2.632337953945e-08 3.200721527023e-08 3.977911294788e-08 
-8.370640678269e-13 -2.709861156917e-11 -8.551623513862e-11 3.986649757596e-10 2.787934867734e-09 7.694899350836e-09 1.410265599913e-08 2.072823673471e-08 2.743312587610e-08 3.653978689441e-08 
-8.165731240627e-14 -5.359520927324e-12 -4.941688489910e-11 -1.147697954750e-10 3.147425581157e-10 2.522262572338e-09 7.491752060873e-09 1.451048016460e-08 2.227348898768e-08 3.268345696304e-08 
-3.404692730702e-15 -4.613204174777e-13 -8.642610287254e-12 -5.961446858129e-11 -1.712182771832e-10 5.023237079066e-11 2.010774565333e-09 7.337292101864e-09 1.565341809798e-08 2.728133869778e-08 
-5.819342276810e-17 -1.776552498696e-14 -6.598511116483e-13 -9.171424248422e-12 -6.601496670547e-11 -2.618068588910e-10 -4.275589571360e-10 1.013623317162e-09 7.422632414805e-09 2.051356225080e-08 
-2.618784117571e-19 -1.880750724168e-16 -1.413538724587e-14 -3.819899585387e-13 -5.572782407311e-12 -5.174812231879e-11 -3.175542711732e-10 -1.147319586295e-09 -7.871796722452e-10 1.163042434848e-08 
-5.544214720612e-23 -1.073929276006e-19 -1.925419649127e-17 -1.177338800919e-15 -3.854655392139e-14 -8.398105611534e-13 -1.359079674876e-11 -1.690569668434e-10 -1.472657845188e-09 -5.407231050354e-10 
