4.135197767790e-10 1.078617175479e-09 1.496056311990e-09 1.770760951459e-09 1.970202574206e-09 2.128788855933e-09 2.264654699652e-09 2.389724794496e-09 2.516648595362e-09 2.690459730738e-09 
3.636577704693e-11 3.002085989368e-10 7.244689726566e-10 1.131906843143e-09 1.462808180442e-09 1.729430002405e-09 1.957262925015e-09 2.166806094696e-09 2.379436313912e-09 2.670619601021e-09 
2.279341875891e-12 4.807322267578e-11 2.247022223989e-10 5.386714105945e-10 8.915315959933e-10 1.206128503434e-09 1.476914458985e-09 1.724890664823e-09 1.976232214868e-09 2.320398174496e-09 
-1.036238275573e-13 8.168355634754e-13 3.152754534653e-11 1.681581124308e-10 4.316695735218e-10 7.435965768018e-10 1.038722663869e-09 1.311012647070e-09 1.585681127427e-09 1.961387929777e-09 
-4.305080374655e-14 -1.338858757058e-12 -3.686045822766e-12 2.237066060674e-11 1.395000527507e-10 3.664397396639e-10 6.506507841674e-10 9.390769391648e-10 1.230467127511e-09 1.626669742855e-09 
-4.040970145642e-15 -2.532399309202e-13 -2.196954521395e-12 -4.321593143287e-12 1.697102602391e-11 1.133939941663e-10 3.178176705105e-10 5.975604556073e-10 9.038432850652e-10 1.314825532752e-09 
-1.565815824297e-16 -2.010575705162e-14 -3.584632654203e-13 -2.340933985982e-12 -6.168502675631e-12 4.220715952947e-12 8.164566422652e-11 2.833853997525e-10 5.913376194420e-10 1.019276581886e-09 
-2.418042207487e-18 -7.075219423210e-16 -2.550060640492e-14 -3.458640413596e-13 -2.431345400418e-12 -9.353494327166e-12 -1.401504635391e-11 4.114275861934e-11 2.699661101380e-10 7.231756946986e-10 
-9.939486402173e-21 -7.004539099486e-18 -5.185650458216e-16 -1.380915977472e-14 -1.981727709277e-13 -1.802661219104e-12 -1.075004763755e-11 -3.701277341379e-11 -1.755182819620e-11 3.837342008559e-10 
-1.952284942107e-24 -3.730681368627e-21 -6.599388357349e-19 -3.979186746521e-17 -1.283032148146e-15 -2.745438955033e-14 -4.337934031791e-13 -5.198483326571e-12 -4.226911136429e-11 -3.314499655994e-12 
