-1.4245662947885204e-09 2.3292842663385829e-09 3.3037368651335123e-09 3.8839419914102521e-09 4.2991370069629657e-09 4.6287847356098959e-09 4.9111804971686705e-09 5.1711384112971496e-09 5.4349503033024493e-09 5.7962411764889902e-09 
-5.8471325633607977e-09 -2.0841085927099692e-10 1.2565343129537410e-09 2.1519996492367814e-09 2.7938459052902387e-09 3.2970553443692335e-09 3.7252912307270380e-09 4.1190023885851485e-09 4.5185080334655191e-09 5.0656269473346568e-09 
-8.1942355765904010e-09 -1.7768999605587758e-09 -1.5920995592961832e-10 8.4690853891493480e-10 1.6050594052079350e-09 2.1981929353200562e-09 2.6914136680073243e-09 3.1404242725165986e-09 3.5952823470966981e-09 4.2181330210488237e-09 
-9.8374385279485451e-09 -2.9184492843598354e-09 -1.1864596434364831e-09 -1.5521624911337263e-10 6.4437462554718323e-10 1.3050776684749519e-09 1.8537284267048994e-09 2.3419302002592885e-09 2.8315739287213160e-09 3.5010943376678075e-09 
-1.1126717454047455e-08 -3.8419335921064438e-09 -1.9896537418677616e-09 -9.1615296353434655e-10 -1.3216602791390945e-10 5.3892452603915240e-10 1.1337136652015578e-09 1.6649607563446691e-09 2.1845884376451308e-09 2.8885056208464059e-09 
-1.2229637595509044e-08 -4.6495325975929766e-09 -2.7012895589946099e-09 -1.5578533574947537e-09 -7.6224666443927035e-10 -1.2187181308835509e-10 4.7354405818270435e-10 1.0491578901977775e-09 1.6098324212695564e-09 2.3454332029982497e-09 
-1.3243200898445940e-08 -5.3976698368966489e-09 -3.3753343714802389e-09 -2.1720895509092729e-09 -1.3276001837348760e-09 -6.8525619978037372e-10 -1.3170026188036513e-10 4.3973254120876909e-10 1.0576166672255686e-09 1.8402241543432516e-09 
-1.4272641123368304e-08 -6.1500932103961759e-09 -4.0555182997328334e-09 -2.8039361504726838e-09 -1.9102018985658914e-09 -1.2193348258142793e-09 -6.6745722316617577e-10 -1.6896969259160825e-10 4.4909519662678502e-10 1.3330961222890699e-09 
-1.5820233656959237e-08 -7.1696329133292259e-09 -4.9388251223780233e-09 -3.6050970133606864e-09 -2.6477437524597586e-09 -1.8898711905289642e-09 -1.2596142000453486e-09 -7.4379565773825376e-10 -2.6365554116312801e-10 7.1239005634431656e-10 
-1.9202444930309284e-08 -9.2244718173711240e-09 -6.6513512564463399e-09 -5.1129345174012842e-09 -4.0082252848823504e-09 -3.1299302170965856e-09 -2.3780961590102442e-09 -1.6954387206484595e-09 -1.0806733610495169e-09 -3.0580299888454833e-10 
