-1.8155846328391552e-09 3.3404245713214014e-09 4.6783105605611827e-09 5.4749316853991678e-09 6.0450657165597464e-09 6.4977554624652788e-09 6.8855610918099891e-09 7.2425538956158435e-09 7.6048392715388502e-09 8.1009898707356016e-09 
-7.7303815397155216e-09 -2.6212268284135477e-10 1.6782516062925273e-09 2.8640552403531826e-09 3.7140122201769621e-09 4.3804508075902779e-09 4.9476139059765528e-09 5.4690517266808297e-09 5.9981634284954814e-09 6.7227764783605854e-09 
-1.0809382665650391e-08 -2.3450652086445843e-09 -2.1130883110088679e-10 1.1155330600211111e-09 2.1153879161211329e-09 2.8977765040259691e-09 3.5483817830264220e-09 4.1406289866450181e-09 4.7405725149214766e-09 5.5620902640716866e-09 
-1.3043922017660123e-08 -3.8744326331971124e-09 -1.5788292854089557e-09 -2.1235132663173440e-10 8.4677921416001635e-10 1.7222561566022806e-09 2.4495502201495388e-09 3.0966725852863100e-09 3.7455993695204382e-09 4.6328788368896855e-09 
-1.4894304883540782e-08 -5.1487828275051423e-09 -2.6704661804070268e-09 -1.2340266133847612e-09 -1.8570292890879191e-10 7.1128216938119145e-10 1.5068824762146550e-09 2.2179356038063491e-09 2.9132742424442840e-09 3.8549836519626111e-09 
-1.6583391382614893e-08 -6.3110221378272248e-09 -3.6706560412866645e-09 -2.1206693517103809e-09 -1.0422474587911227e-09 -1.7512627616047303e-10 6.3078269335643511e-10 1.4108888532096276e-09 2.1712945048207536e-09 3.1683415428310873e-09 
-1.8249488605224476e-08 -7.4441373611449984e-09 -4.6588214955601915e-09 -3.0014587113169389e-09 -1.8379226315424281e-09 -9.5298157675395981e-10 -1.9152767369151617e-10 5.9411301869757573e-10 1.4455791996436874e-09 2.5242817880016559e-09 
-2.0059425819405040e-08 -8.6490803550263979e-09 -5.7066729571881220e-09 -3.9484520262493320e-09 -2.6927784104266366e-09 -1.7217451245668147e-09 -9.4608073428894331e-10 -2.4727664760344747e-10 6.1906823704123257e-10 1.8626248109739515e-09 
-2.2803792240590749e-08 -1.0339602804868801e-08 -7.1253506227050161e-09 -5.2036512964700137e-09 -3.8242329645690087e-09 -2.7321135670445622e-09 -1.8233979235777584e-09 -1.0791649093916380e-09 -3.8964713058664764e-10 1.0146864423161332e-09 
-2.8819549961367722e-08 -1.3852588366833749e-08 -9.9929068591601383e-09 -7.6852813458496545e-09 -6.0282170186063922e-09 -4.7107704402256588e-09 -3.5829667774291022e-09 -2.5584632915952259e-09 -1.6334991375694889e-09 -4.7337009786113212e-10 
