-6.7041990765628678e-10 8.3504933163977207e-10 1.2262877148257703e-09 1.4592752298130253e-09 1.6259331048639425e-09 1.7582191105733387e-09 1.8715361010813252e-09 1.9758487745824723e-09 2.0817078950565263e-09 2.2266820796991318e-09 
-2.6888479151969321e-09 -1.2307247281021922e-10 5.4301384423417689e-10 9.5074361283097490e-10 1.2431987516323485e-09 1.4723402432066578e-09 1.6672492979750056e-09 1.8464260878057319e-09 2.0282382775989650e-09 2.2772281255908996e-09 
-3.9306918974657552e-09 -8.6191924544960803e-10 -8.8829453641656609e-11 3.9188228829183875e-10 7.5465160032616390e-10 1.0385644840708985e-09 1.2745060038212280e-09 1.4892260225393131e-09 1.7067297730334584e-09 2.0045631719039665e-09 
-4.8151587020446612e-09 -1.4316892847511498e-09 -5.8470095399645049e-10 -8.0726692343678169e-11 3.1009654553693902e-10 6.3331386357987752e-10 9.0172390379025258e-10 1.1404779173847928e-09 1.3799110924180294e-09 1.7073028306883719e-09 
-5.4793216066428151e-09 -1.8921281176868739e-09 -9.7998760003835234e-10 -4.5143916682765184e-10 -6.5500288895162844e-11 2.6501807336244687e-10 5.5800816480120670e-10 8.1959545962364852e-10 1.0754360939130721e-09 1.4220526420068097e-09 
-5.9939564613487029e-09 -2.2773555236180537e-09 -1.3221309052921187e-09 -7.6157850773193471e-10 -3.7159419194862619e-10 -5.7510975343019500e-11 2.3472140346263230e-10 5.1701326101977452e-10 7.9174480637960657e-10 1.1523493658717808e-09 
-6.3953701460413436e-09 -2.6042764763635300e-09 -1.6270583465121289e-09 -1.0456885423121849e-09 -6.3778817180775954e-10 -3.2754301923497033e-10 -5.9734399122052344e-11 2.1700287733749716e-10 5.1544169376146064e-10 8.9322521343919695e-10 
-6.7110619358036504e-09 -2.8889667958468060e-09 -1.9033579126215859e-09 -1.3144348430452442e-09 -8.9396847944414137e-10 -5.6914024829111324e-10 -3.0970187328133097e-10 -7.4443799452885915e-11 2.1750018438426885e-10 6.3256404613944622e-10 
-7.1015325598447310e-09 -3.2151097100287390e-09 -2.2128831857465780e-09 -1.6136850751511419e-09 -1.1835895840478826e-09 -8.4318760768168102e-10 -5.6041852370983540e-10 -3.2937148277918174e-10 -1.1224777535171660e-10 3.2766814015601754e-10 
-7.7795274548621527e-09 -3.7304519864704018e-09 -2.6862761953428648e-09 -2.0619846139909785e-09 -1.6136922562903691e-09 -1.2572816512017767e-09 -9.5222495655411592e-10 -6.7559231448961334e-10 -4.2836215189929832e-10 -1.1236981517916638e-10 
