-4.6680272564193953e-10 5.3504810249275566e-10 7.9550150475435939e-10 9.5062803268008397e-10 1.0615741055914607e-09 1.1496278147046026e-09 1.2250527015668137e-09 1.2944839747237040e-09 1.3649445625173626e-09 1.4614404007807290e-09 
-1.8922968775607514e-09 -9.6119948990531964e-11 3.6995757088123455e-10 6.5546486629460723e-10 8.6035471985173332e-10 1.0208359454807464e-09 1.1573017215636912e-09 1.2827434874388359e-09 1.4100293850702926e-09 1.5843460040623055e-09 
-2.8385545686272745e-09 -6.2717658623218022e-10 -7.0298811602959605e-11 2.7585782840769073e-10 5.3734408144560235e-10 7.4207863640679021e-10 9.1215344964699939e-10 1.0668865508229194e-09 1.2236156869385282e-09 1.4382277623963282e-09 
-3.5390720498557481e-09 -1.0548926534012108e-09 -4.3294984696527998e-10 -6.3119819256378805e-11 2.2360800951041273e-10 4.6094470575397149e-10 6.5811311706295457e-10 8.3344730014674858e-10 1.0092422126726214e-09 1.2496082847722132e-09 
-4.0764228008566402e-09 -1.4091696813569731e-09 -7.3084754803256566e-10 -3.3780150435283627e-10 -5.1009217303891837e-11 1.9458557335605547e-10 4.1246438991815932e-10 6.0704660755520812e-10 7.9730268677204493e-10 1.0550284164644574e-09 
-4.4956242930761860e-09 -1.7088415257000733e-09 -9.9256662394395772e-10 -5.7219273468764197e-10 -2.7977325917735508e-10 -4.4384311390455771e-11 1.7464950493135319e-10 3.8636101778483192e-10 5.9241578227833409e-10 8.6281312010835909e-10 
-4.8186270478027207e-09 -1.9624685706185278e-09 -1.2262427877659884e-09 -7.8823288535139646e-10 -4.8090333145130752e-10 -2.4717866515687797e-10 -4.5479894129350347e-11 1.6298826508317169e-10 3.8787574712817387e-10 6.7250229113254981e-10 
-5.0595870119835411e-09 -2.1779387767498725e-09 -1.4348441434061433e-09 -9.9082816595918372e-10 -6.7381871613956973e-10 -4.2892217063143716e-10 -2.3334777078575693e-10 -5.5976502811774012e-11 1.6422621471350114e-10 4.7712656370950610e-10 
-5.3234581201506892e-09 -2.4096994190221414e-09 -1.6583024844299414e-09 -1.2090671557347573e-09 -8.8661360745076951e-10 -6.3141317475370653e-10 -4.1945767427430204e-10 -2.4633655372782223e-10 -8.3404653636223676e-11 2.4664852573386835e-10 
-5.6793670778314317e-09 -2.7217927064726796e-09 -1.9590933072808805e-09 -1.5030907670942410e-09 -1.1756437148483203e-09 -9.1531053449038832e-10 -6.9249510085295993e-10 -4.9051584199842292e-10 -3.1044213541218623e-10 -7.9361561058608087e-11 
