2.253160300406e-10 6.022788787203e-10 8.447405631573e-10 1.005309464721e-09 1.122009576490e-09 1.214806027450e-09 1.294305718509e-09 1.367488180707e-09 1.441755291388e-09 1.543457747892e-09 
2.148719949856e-11 1.808128546097e-10 4.419525759397e-10 6.957917375792e-10 9.029759870020e-10 1.070067992800e-09 1.212835627231e-09 1.344134325110e-09 1.477366443880e-09 1.659819173981e-09 
1.378625491495e-12 2.976141535674e-11 1.414987313584e-10 3.430139964943e-10 5.714905404201e-10 7.759612580971e-10 9.520409618718e-10 1.113267142545e-09 1.276673161947e-09 1.500426454537e-09 
-7.125911701323e-14 4.101247052765e-13 1.996257612126e-11 1.090161938187e-10 2.828814427050e-10 4.899403153160e-10 6.862684096426e-10 8.674825814661e-10 1.050257494071e-09 1.300258059020e-09 
-2.847287293064e-14 -8.977865077435e-13 -2.569804832976e-12 1.452176508448e-11 9.265985294708e-11 2.449748512670e-10 4.365560278142e-10 6.313708518110e-10 8.281751467554e-10 1.095739127494e-09 
-2.697830469041e-15 -1.702554790724e-13 -1.486756525462e-12 -2.984186435005e-12 1.118265103295e-11 7.625763847171e-11 2.153121019671e-10 4.061120904359e-10 6.149979179664e-10 8.952670228041e-10 
-1.054451338047e-16 -1.360458045291e-14 -2.439179840963e-13 -1.604492550147e-12 -4.275036853142e-12 2.744005636939e-12 5.576073160124e-11 1.937966713000e-10 4.044449919251e-10 6.972128620361e-10 
-1.644173712989e-18 -4.836845249414e-16 -1.748392695439e-14 -2.373123806799e-13 -1.666622887181e-12 -6.400936878548e-12 -9.612422913208e-12 2.797956789394e-11 1.847642062382e-10 4.948294031749e-10 
-6.817887243788e-21 -4.800747276409e-18 -3.550165485212e-16 -9.449579643936e-15 -1.356781616764e-13 -1.235810944455e-12 -7.374229827219e-12 -2.524039463863e-11 -1.087854756684e-11 2.614060349472e-10 
-1.337403732591e-24 -2.558164906523e-21 -4.527078612532e-19 -2.727960499499e-17 -8.778051307224e-16 -1.871150508705e-14 -2.938215425306e-13 -3.489193774124e-12 -2.808913307785e-11 -9.675969872088e-13 
