-1.4379165952929625e-09 2.3487070074861456e-09 3.3315668865568271e-09 3.9167728270055924e-09 4.3355417846617291e-09 4.6680216770586208e-09 4.9528391434243912e-09 5.2150230735448679e-09 5.4810918730354489e-09 5.8454749690630361e-09 
-5.8983687525064551e-09 -2.0975254786434313e-10 1.2679716531671063e-09 2.1711613169575262e-09 2.8185483621825666e-09 3.3261123815543274e-09 3.7580528632868747e-09 4.1551658209609757e-09 4.5581202020651660e-09 5.1099642244258487e-09 
-8.2627414345620490e-09 -1.7913345511595840e-09 -1.6008453238463631e-10 8.5432105814180138e-10 1.6186630682425492e-09 2.2166571193974925e-09 2.7139317941428492e-09 3.1666332745445288e-09 3.6252275333985008e-09 4.2531967196260296e-09 
-9.9179923589230784e-09 -2.9420788726187922e-09 -1.1959016954988954e-09 -1.5626829772029410e-10 6.4973949832131100e-10 1.3157166472976196e-09 1.8687576407486583e-09 2.3608766103845300e-09 2.8544500585471541e-09 3.5293468679385852e-09 
-1.1216755518260724e-08 -3.8727264914220732e-09 -2.0054941811119995e-09 -9.2333691214566207e-10 -1.3306690766180293e-10 5.4334094264898796e-10 1.1428219897134733e-09 1.6782741204843959e-09 2.2020244585017880e-09 2.9115308858112114e-09 
-1.2327066525096238e-08 -4.6862182782641476e-09 -2.7225042982084382e-09 -1.5700126508749353e-09 -7.6811346831065782e-10 -1.2270851891443265e-10 4.7734261728203962e-10 1.0574403919911142e-09 1.6225008539816430e-09 2.3638581723650199e-09 
-1.3346521533091349e-08 -5.4393684678948547e-09 -3.4013007359395762e-09 -2.1887358274624806e-09 -1.3377237215539531e-09 -6.9044007620208106e-10 -1.3266499327700967e-10 4.4311853275173261e-10 1.0657627795619663e-09 1.8543981410947830e-09 
-1.4380909169197988e-08 -6.1962762582094550e-09 -4.0858492897586819e-09 -2.8248396245196771e-09 -1.9243986412937380e-09 -1.2283744575396714e-09 -6.7243695974049815e-10 -1.7035879680589038e-10 4.5230621868240264e-10 1.3430752230149924e-09 
-1.5935400803932419e-08 -7.2212797361169377e-09 -4.9742595237511847e-09 -3.6308860543500366e-09 -2.6666351390149247e-09 -1.9033228087729871e-09 -1.2685883974085488e-09 -7.4927520290822956e-10 -2.6611772174141520e-10 7.1723096130778004e-10 
-1.9331421043473378e-08 -9.2857006190417491e-09 -6.6953032034041630e-09 -5.1466117426649759e-09 -4.0345536958307957e-09 -3.1504344564014759e-09 -2.3936297498663484e-09 -1.7065006961342095e-09 -1.0880320921201653e-09 -3.0894731377099561e-10 
