3.270667249403e-10 8.619111032859e-10 1.201030600070e-09 1.424761409102e-09 1.587262025131e-09 1.716475843395e-09 1.827176409382e-09 1.929080691970e-09 2.032495325502e-09 2.174112749955e-09 
2.977201263976e-11 2.476375766301e-10 6.005741267048e-10 9.410778150821e-10 1.218120617908e-09 1.441425200835e-09 1.632236397721e-09 1.807725964830e-09 1.985800493155e-09 2.229662003713e-09 
1.885825484963e-12 4.010777885359e-11 1.886441329355e-10 4.539863096918e-10 7.531043278308e-10 1.020175815879e-09 1.250087657473e-09 1.460622828778e-09 1.674012096080e-09 1.966208888702e-09 
-8.945906732962e-14 6.477537766535e-13 2.654815135505e-11 1.426264133323e-10 3.675657659851e-10 6.343917957738e-10 8.869745206014e-10 1.120055162653e-09 1.355164273337e-09 1.676755723479e-09 
-3.671641811916e-14 -1.148305765898e-12 -3.206983478342e-12 1.901731309562e-11 1.194427894111e-10 3.142014963269e-10 5.584178405035e-10 8.064741745967e-10 1.057060829415e-09 1.397771964663e-09 
-3.462891366792e-15 -2.174943142432e-13 -1.888704267762e-12 -3.727679442224e-12 1.448924259196e-11 9.732439129959e-11 2.735854372003e-10 5.149937345947e-10 7.791705195407e-10 1.133666267132e-09 
-1.344952054333e-16 -1.728198375368e-14 -3.087192901769e-13 -2.022631347305e-12 -5.353325637719e-12 3.624974553495e-12 7.066284694440e-11 2.447649773208e-10 5.101954422503e-10 8.791547347855e-10 
-2.082216920117e-18 -6.108744399328e-16 -2.204330018336e-14 -2.988104449833e-13 -2.095976463085e-12 -8.037200207356e-12 -1.201945783868e-11 3.530665013495e-11 2.325045983634e-10 6.230214413426e-10 
-8.590080692414e-21 -6.043453944502e-18 -4.466302719568e-16 -1.188200197518e-14 -1.705510563533e-13 -1.553669253556e-12 -9.281387905287e-12 -3.187192071536e-11 -1.418809642837e-11 3.299061551357e-10 
-1.681339299134e-24 -3.216924057797e-21 -5.696073525476e-19 -3.435240197262e-17 -1.106601690343e-15 -2.362156030157e-14 -3.716114520881e-13 -4.424747403993e-12 -3.579170600087e-11 -2.394922173545e-12 
