-2.6508166680420883e-09 5.7321691604182966e-09 7.9062057943472057e-09 9.2008543234433812e-09 1.0127512803356244e-08 1.0863291517198420e-08 1.1493601558608126e-08 1.2073823311644962e-08 1.2662642410281030e-08 1.3469034721786080e-08 
-1.2285891988520249e-08 -4.3144433395425049e-10 2.6473349538061832e-09 4.5290170244832574e-09 5.8783096265608506e-09 6.9362091476881416e-09 7.8363531066593928e-09 8.6638692295844706e-09 9.5035509482870779e-09 1.0653490400332360e-08 
-1.7492810433974209e-08 -3.8233788342405969e-09 -3.7861536545413080e-10 1.7618494940796487e-09 3.3761539720673000e-09 4.6403295996992435e-09 5.6912757074651616e-09 6.6475926987603518e-09 7.6162268412876099e-09 8.9425926565986872e-09 
-2.1641820941800196e-08 -6.4562458222603367e-09 -2.6534421475370190e-09 -3.9222330553268183e-10 1.3586189017414233e-09 2.8078783242025283e-09 4.0131877041843051e-09 5.0852617518937940e-09 6.1597965129161381e-09 7.6288498030257772e-09 
-2.5406226724294547e-08 -8.8079543412664101e-09 -4.5856000265279647e-09 -2.1380624377797836e-09 -3.5522061330356050e-10 1.1689262647229834e-09 2.5234759942997169e-09 3.7357502970654231e-09 4.9204976335782987e-09 6.5241233866885851e-09 
-2.9120536995662845e-08 -1.1103948290426885e-08 -6.4727623015881766e-09 -3.7529205555182204e-09 -1.8609821968920690e-09 -3.4306493955071492e-10 1.0666725599849302e-09 2.4349887146395782e-09 3.7704580839200775e-09 5.5194132450355274e-09 
-3.3019179000142441e-08 -1.3486538205524882e-08 -8.4518448229792465e-09 -5.4555890737884024e-09 -3.3511239624564003e-09 -1.7510082382283065e-09 -3.7792793020436602e-10 1.0379789107054848e-09 2.5784113054062428e-09 4.5306075405781010e-09 
-3.7464680125563491e-08 -1.6168529612138359e-08 -1.0677253689919754e-08 -7.3959988277300308e-09 -5.0522259744086825e-09 -3.2387257350003943e-09 -1.7902244497261819e-09 -4.9066907141824460e-10 1.1199325344783943e-09 3.4463342045851768e-09 
-4.4150036029989228e-08 -2.0028913415866144e-08 -1.3809048439109664e-08 -1.0090516086340656e-08 -7.4213321229563869e-09 -5.3077839207422239e-09 -3.5479841354434758e-09 -2.1063704260417729e-09 -7.8018368712467747e-10 1.9352449046743690e-09 
-5.8390429244413081e-08 -2.8082233737534587e-08 -2.0266937750874497e-08 -1.5594495539335861e-08 -1.2239386831786740e-08 -9.5719604313859839e-09 -7.2884439988415937e-09 -5.2132131441348016e-09 -3.3346538843702700e-09 -9.9416043803682754e-10 
