-2.0431185030984265e-09 3.9621925593187127e-09 5.5200414693252783e-09 6.4476533813963974e-09 7.1115591361117156e-09 7.6387047092172603e-09 8.0902886039650135e-09 8.5059871122156720e-09 8.9278451855948937e-09 9.5055829715916783e-09 
-8.8915967880739614e-09 -2.9898029447389478e-10 1.9331796038208453e-09 3.2971391694127128e-09 4.2748611353043148e-09 5.0415026068130309e-09 5.6939267085458033e-09 6.2937399964971075e-09 6.9023750349041424e-09 7.7358975896595899e-09 
-1.2457830332859174e-08 -2.7056288370374242e-09 -2.4741215950673093e-10 1.2807644367792116e-09 2.4324188539642951e-09 3.3337631053779317e-09 4.0832765007961189e-09 4.7655087139867639e-09 5.4565857903348941e-09 6.4028962693463181e-09 
-1.5109636590896772e-08 -4.4921774120041940e-09 -1.8339538965282529e-09 -2.5205880025869958e-10 9.7359435915179838e-10 1.9869963779637955e-09 2.8291326517187222e-09 3.5783965985677079e-09 4.3296589598040203e-09 5.3568370276620915e-09 
-1.7371383442863196e-08 -6.0092749342443362e-09 -3.1197406155443483e-09 -1.4449072369922706e-09 -2.2325860618130723e-10 8.2170121391802718e-10 1.7490169321970939e-09 2.5781111734142289e-09 3.3887611178712216e-09 4.4864800909440114e-09 
-1.9492057601748129e-08 -7.4215750501206364e-09 -4.3191406142572956e-09 -2.4977145410397528e-09 -1.2305226854606098e-09 -2.1226706868293577e-10 7.3386941563564430e-10 1.6503813869145287e-09 2.5441045877617062e-09 3.7155717568995726e-09 
-2.1632334835286601e-08 -8.8270038227126473e-09 -5.5263762283075856e-09 -3.5623494310504978e-09 -2.1833564250256371e-09 -1.1346420964031083e-09 -2.3303552099624227e-10 6.9698633186762077e-10 1.7061935958434691e-09 2.9848706053626446e-09 
-2.4005249632660875e-08 -1.0352763646000347e-08 -6.8324330406712294e-09 -4.7289344338723623e-09 -3.2266240389269345e-09 -2.0646878420593568e-09 -1.1366400834944707e-09 -3.0174209446643243e-10 7.3354080633226888e-10 2.2225010992424962e-09 
-2.7599454301954514e-08 -1.2515817009694665e-08 -8.6263552829127048e-09 -6.3010510407917983e-09 -4.6319551672435885e-09 -3.3104576126566912e-09 -2.2106991879377702e-09 -1.3100460226985288e-09 -4.7766811226880269e-10 1.2208915641470824e-09 
-3.5454072469319784e-08 -1.7044098626296699e-08 -1.2296887919082984e-08 -9.4587269987009455e-09 -7.4207483087344812e-09 -5.8004883710775141e-09 -4.4134630360203399e-09 -3.1533171745218693e-09 -2.0150653271004729e-09 -5.9120778722500917e-10 
