6.5153344685060612e-08 1.7489612014873963e-08 3.5425725215744280e-09 4.7014854120433277e-10 4.3592722061074133e-11 2.6259840203767728e-12 8.8267419910531192e-14 1.2488522540406881e-15 4.0498876075451763e-18 4.7182540688692452e-22 
1.7489612014873963e-08 7.1389259914645703e-08 2.5533092593088417e-08 7.8559445993140372e-09 1.4995653057507056e-09 1.7931938486671479e-10 1.2123372235982632e-11 3.6031162362847344e-13 2.6458532166892360e-15 8.1565815811120058e-19 
3.5425725215744280e-09 2.5533092593088417e-08 6.6241558593606728e-08 2.5072553367724146e-08 9.1991185570961251e-09 1.9842338293950483e-09 2.3703096206328126e-10 1.2741188019793019e-11 1.8222591840843768e-13 1.3065450288697741e-16 
4.7014854120433277e-10 7.8559445993140372e-09 2.5072553367724146e-08 6.1155781164979103e-08 2.2636056781338984e-08 8.7285868098370525e-09 1.8155850013252761e-09 1.7054090715102992e-10 4.5025582675490284e-12 7.1149301314908491e-15 
4.3592722061074133e-11 1.4995653057507056e-09 9.1991185570961251e-09 2.2636056781338984e-08 5.6622497009849675e-08 1.9629253502973357e-08 7.2367204562334883e-09 1.2107315180122655e-09 5.9443908003719170e-11 2.0617069449274033e-13 
2.6259840203767728e-12 1.7931938486671479e-10 1.9842338293950483e-09 8.7285868098370525e-09 1.9629253502973357e-08 5.2617433452262095e-08 1.6379061606132496e-08 5.1010128497211363e-09 4.9046380270212904e-10 3.9266722797390958e-12 
8.8267419910531192e-14 1.2123372235982632e-11 2.3703096206328126e-10 1.8155850013252761e-09 7.2367204562334883e-09 1.6379061606132496e-08 4.8914392750082519e-08 1.2779641051261227e-08 2.6253432032826325e-09 5.4223630151326066e-11 
1.2488522540406881e-15 3.6031162362847344e-13 1.2741188019793019e-11 1.7054090715102992e-10 1.2107315180122655e-09 5.1010128497211363e-09 1.2779641051261227e-08 4.5251093826762455e-08 8.5690940960663499e-09 5.5194744930486777e-10 
4.0498876075451763e-18 2.6458532166892360e-15 1.8222591840843768e-13 4.5025582675490284e-12 5.9443908003719170e-11 4.9046380270212904e-10 2.6253432032826325e-09 8.5690940960663499e-09 4.1432801616611773e-08 3.7730744341937405e-09 
4.7182540688692452e-22 8.1565815811120058e-19 1.3065450288697741e-16 7.1149301314908491e-15 2.0617069449274033e-13 3.9266722797390958e-12 5.4223630151326066e-11 5.5194744930486777e-10 3.7730744341937405e-09 3.5498965945946561e-08 
