1.9407653658723192e-06 8.1061562457514866e-07 1.6452999164421988e-07 2.2771479537182362e-08 2.1826204824064336e-09 1.3324009003635142e-10 4.5480316662094467e-12 6.7268370208285952e-14 2.3929285002294512e-16 3.2537415704349502e-20 
8.1061562457514866e-07 2.0255900464539320e-06 1.2213980500357579e-06 3.8988815285441248e-07 7.5791882927417066e-08 9.1644815744121040e-09 6.3596547711999829e-10 2.0017767023208371e-11 1.6184831276425209e-13 5.7641832683885512e-17 
1.6452999164421988e-07 1.2213980500357579e-06 1.9078935279409231e-06 1.2630997639574536e-06 4.6792702189340448e-07 1.0252255017693424e-07 1.2706378987541123e-08 7.2971843122407715e-10 1.1501940547329639e-11 9.4419466733938438e-15 
2.2771479537182362e-08 3.8988815285441248e-07 1.2630997639574536e-06 1.7018967151485467e-06 1.1622885411594814e-06 4.5924229637142855e-07 1.0002415736380295e-07 1.0085769851872186e-08 2.9298723555083490e-10 5.2542121242739561e-13 
2.1826204824064336e-09 7.5791882927417066e-08 4.6792702189340448e-07 1.1622885411594814e-06 1.5153268733878493e-06 1.0629421690961537e-06 4.1303429296024519e-07 7.4247753604697067e-08 3.9924343486033508e-09 1.5560626711808429e-11 
1.3324009003635142e-10 9.1644815744121040e-09 1.0252255017693424e-07 4.5924229637142855e-07 1.0629421690961537e-06 1.4064868587559862e-06 9.7759486038128972e-07 3.2637583457656634e-07 3.4117544317331307e-08 3.0330314367790480e-10 
4.5480316662094467e-12 6.3596547711999829e-10 1.2706378987541123e-08 1.0002415736380295e-07 4.1303429296024519e-07 9.7759486038128972e-07 1.3335631275586252e-06 8.5930252404847582e-07 1.9020241950751552e-07 4.3010268081941920e-09 
6.7268370208285952e-14 2.0017767023208371e-11 7.2971843122407715e-10 1.0085769851872186e-08 7.4247753604697067e-08 3.2637583457656634e-07 8.5930252404847582e-07 1.2420924384411553e-06 6.5147256546221628e-07 4.5275860715019788e-08 
2.3929285002294512e-16 1.6184831276425209e-13 1.1501940547329639e-11 2.9298723555083490e-10 3.9924343486033508e-09 3.4117544317331307e-08 1.9020241950751552e-07 6.5147256546221628e-07 1.0938746279395590e-06 3.2413094047141725e-07 
3.2537415704349502e-20 5.7641832683885512e-17 9.4419466733938438e-15 5.2542121242739561e-13 1.5560626711808429e-11 3.0330314367790480e-10 4.3010268081941920e-09 4.5275860715019788e-08 3.2413094047141725e-07 6.9509818821729827e-07 
