2.714008991449e-07 9.187498527578e-08 1.695773032722e-08 2.124471284311e-09 1.900256046724e-10 1.122527871512e-11 3.740979655608e-13 5.294231387798e-15 1.751208887733e-17 2.163167268538e-21 
9.187498527578e-08 2.378887940084e-07 1.169270092008e-07 3.460066218683e-08 6.448938795722e-09 7.622207437717e-10 5.131550807993e-11 1.535137088194e-12 1.156191607422e-14 3.786662588405e-18 
1.695773032722e-08 1.169270092008e-07 1.965243308174e-07 1.083681772288e-07 3.923385021712e-08 8.408724061783e-09 1.004593565185e-09 5.465228889813e-11 8.049260256096e-13 6.142072820054e-16 
2.124471284311e-09 3.460066218683e-08 1.083681772288e-07 1.689345971915e-07 9.604810504803e-08 3.695102292993e-08 7.724647528693e-09 7.377590314994e-10 2.012195120489e-11 3.389241870306e-14 
1.900256046724e-10 6.448938795722e-09 3.923385021712e-08 9.604810504803e-08 1.484990747183e-07 8.328711446024e-08 3.101638333478e-08 5.295940204627e-09 2.692539711054e-10 9.964215764958e-13 
1.122527871512e-11 7.622207437717e-10 8.408724061783e-09 3.695102292993e-08 8.328711446024e-08 1.325714051246e-07 7.104106261784e-08 2.264838441825e-08 2.259117547807e-09 1.929849393030e-11 
3.740979655608e-13 5.131550807993e-11 1.004593565185e-09 7.724647528693e-09 3.101638333478e-08 7.104106261784e-08 1.196430607600e-07 5.791518480485e-08 1.236538357043e-08 2.722336632389e-10 
5.294231387798e-15 1.535137088194e-12 5.465228889813e-11 7.377590314994e-10 5.295940204627e-09 2.264838441825e-08 5.791518480485e-08 1.077007053726e-07 4.164483859997e-08 2.858050958812e-09 
1.751208887733e-17 1.156191607422e-14 8.049260256096e-13 2.012195120489e-11 2.692539711054e-10 2.259117547807e-09 1.236538357043e-08 4.164483859997e-08 9.557697164216e-08 2.056806207677e-08 
2.163167268538e-21 3.786662588405e-18 6.142072820054e-16 3.389241870306e-14 9.964215764958e-13 1.929849393030e-11 2.722336632389e-10 2.858050958812e-09 2.056806207677e-08 7.171272940175e-08 
