2.0881581614421004e-07 7.0666437068129920e-08 1.3123708133516593e-08 1.6437102348003571e-09 1.4654001656940955e-10 8.5983360388811113e-12 2.8443621765404131e-13 4.0011609848433988e-15 1.3077263520137561e-17 1.5797220213275835e-21 
7.0666437068129920e-08 1.9038643417241767e-07 9.0506839957980727e-08 2.6717689013731028e-08 4.9540282023386984e-09 5.8123279563754978e-10 3.8906048928624955e-11 1.1557870372487863e-12 8.5926907512881478e-15 2.7545263576364372e-18 
1.3123708133516593e-08 9.0506839957980727e-08 1.5824292667440080e-07 8.3396532823802220e-08 3.0001720161316349e-08 6.3911475385115911e-09 7.5965380070797658e-10 4.0983947008130288e-11 5.9557431585393912e-13 4.4512023517539650e-16 
1.6437102348003571e-09 2.6717689013731028e-08 8.3396532823802220e-08 1.3592978454612951e-07 7.3113447176823549e-08 2.8004662599439433e-08 5.8218710100174784e-09 5.5085700348024267e-10 1.4823290331757615e-11 2.4469260355716299e-14 
1.4654001656940955e-10 4.9540282023386984e-09 3.0001720161316349e-08 7.3113447176823549e-08 1.1943737659754956e-07 6.2904234133122921e-08 2.3269969456423868e-08 3.9344926286790563e-09 1.9742293633230540e-10 7.1655703019585204e-13 
8.5983360388811113e-12 5.8123279563754978e-10 6.3911475385115911e-09 2.8004662599439433e-08 6.2904234133122921e-08 1.0661772591207398e-07 5.2976960882169110e-08 1.6725200449838539e-08 1.6474407556450704e-09 1.3818737877514102e-11 
2.8443621765404131e-13 3.8906048928624955e-11 7.5965380070797658e-10 5.8218710100174784e-09 2.3269969456423868e-08 5.2976960882169110e-08 9.5874238048837053e-08 4.2457512066832255e-08 8.9568140759493306e-09 1.9395063887275251e-10 
4.0011609848433988e-15 1.1557870372487863e-12 4.0983947008130288e-11 5.5085700348024267e-10 3.9344926286790563e-09 1.6725200449838539e-08 4.2457512066832255e-08 8.5955548222143874e-08 2.9906907442389828e-08 2.0223803374556488e-09 
1.3077263520137561e-17 8.5926907512881478e-15 5.9557431585393912e-13 1.4823290331757615e-11 1.9742293633230540e-10 1.6474407556450704e-09 8.9568140759493306e-09 2.9906907442389828e-08 7.6051904701884595e-08 1.4395521219186914e-08 
1.5797220213275835e-21 2.7545263576364372e-18 4.4512023517539650e-16 2.4469260355716299e-14 7.1655703019585204e-13 1.3818737877514102e-11 1.9395063887275251e-10 2.0223803374556488e-09 1.4395521219186914e-08 5.8176664878911208e-08 
