1.2784040157784618e-07 4.2211886653213946e-08 8.0614541785730007e-09 1.0249751378884864e-09 9.2048573750216786e-11 5.4108214241378255e-12 1.7846464356117304e-13 2.4900567232214222e-15 8.0119945648119235e-18 9.3793529872394404e-22 
4.2211886653213946e-08 1.2742306024347154e-07 5.6253082573283983e-08 1.6751554958060868e-08 3.1167563753238730e-09 3.6531428764749563e-10 2.4326530373639032e-11 7.1556261569014444e-13 5.2316985323670999e-15 1.6255764346794998e-18 
8.0614541785730007e-09 5.6253082573283983e-08 1.0966339675406928e-07 5.2444065118815489e-08 1.8872909387663436e-08 4.0079346524367220e-09 4.7316844628880430e-10 2.5244533087248304e-11 3.6045221712436655e-13 2.6113864666447165e-16 
1.0249751378884864e-09 1.6751554958060868e-08 5.2444065118815489e-08 9.5983669022690621e-08 4.5908837953275451e-08 1.7501100948466520e-08 3.6095228989441017e-09 3.3743227755774740e-10 8.9158764617748556e-12 1.4267996643320129e-14 
9.2048573750216786e-11 3.1167563753238730e-09 1.8872909387663436e-08 4.5908837953275451e-08 8.5275440708553260e-08 3.9113292381005460e-08 1.4341777265695398e-08 2.3943338213468031e-09 1.1792961208039829e-10 4.1508636377943406e-13 
5.4108214241378255e-12 3.6531428764749563e-10 4.0079346524367220e-09 1.7501100948466520e-08 3.9113292381005460e-08 7.6620971105348713e-08 3.2398914149220481e-08 1.0094688128325058e-08 9.7597897820017346e-10 7.9450034624764429e-12 
1.7846464356117304e-13 2.4326530373639032e-11 4.7316844628880430e-10 3.6095228989441017e-09 1.4341777265695398e-08 3.2398914149220481e-08 6.9170017754207492e-08 2.5355320499499763e-08 5.2502931139771833e-09 1.1046783650105633e-10 
2.4900567232214222e-15 7.1556261569014444e-13 2.5244533087248304e-11 3.3743227755774740e-10 2.3943338213468031e-09 1.0094688128325058e-08 2.5355320499499763e-08 6.2214767909587502e-08 1.7281755301597420e-08 1.1367078549594416e-09 
8.0119945648119235e-18 5.2316985323670999e-15 3.6045221712436655e-13 8.9158764617748556e-12 1.1792961208039829e-10 9.7597897820017346e-10 5.2502931139771833e-09 1.7281755301597420e-08 5.5289190048214578e-08 7.9242330174185743e-09 
9.3793529872394404e-22 1.6255764346794998e-18 2.6113864666447165e-16 1.4267996643320129e-14 4.1508636377943406e-13 7.9450034624764429e-12 1.1046783650105633e-10 1.1367078549594416e-09 7.9242330174185743e-09 4.4141744560791838e-08 
