1.729188734970e-09 4.139775424219e-09 5.551799612315e-09 6.468688802920e-09 7.133143186880e-09 7.661472864246e-09 8.114126652620e-09 8.530815047876e-09 8.953679068692e-09 9.532653557600e-09 
1.153416133195e-10 9.160068954618e-10 2.161912091411e-09 3.338579021110e-09 4.288863519330e-09 5.054051370500e-09 5.708016704820e-09 6.309509671039e-09 6.919865951575e-09 7.755628180387e-09 
6.798880276894e-12 1.388874404614e-10 6.365217168639e-10 1.508714217518e-09 2.483461084837e-09 3.351844319683e-09 4.099433743005e-09 4.784112788309e-09 5.478085102463e-09 6.428282765686e-09 
-2.705391655018e-13 2.606801050395e-12 8.768207241404e-11 4.619291936473e-10 1.183226593496e-09 2.038192536596e-09 2.848196641866e-09 3.596084161282e-09 4.350517718136e-09 5.382369615995e-09 
-1.173503744605e-13 -3.655135486576e-12 -1.014671087050e-11 6.084594439808e-11 3.815725080334e-10 1.005290529942e-09 1.790449766761e-09 2.590563480549e-09 3.399650912960e-09 4.499456164478e-09 
-1.106233643688e-14 -6.954553033490e-13 -6.060977898104e-12 -1.215356924166e-11 4.557047721433e-11 3.113100528244e-10 8.823938217030e-10 1.672771796802e-09 2.543297201077e-09 3.711504501642e-09 
-4.307862593424e-16 -5.560928028434e-14 -9.997852051125e-13 -6.620723405908e-12 -1.800410144795e-11 9.232798349306e-12 2.267263821073e-10 8.077316831358e-10 1.711844567730e-09 2.975709723042e-09 
-6.741070064401e-18 -1.994938542176e-15 -7.272264555529e-14 -9.986567786139e-13 -7.134053969792e-12 -2.818761338743e-11 -4.594944387264e-11 1.100417899941e-10 8.040173282850e-10 2.216849352404e-09 
-2.859517682998e-20 -2.039916433231e-17 -1.529080324555e-15 -4.128886592626e-14 -6.023945379024e-13 -5.594221102436e-12 -3.427837371216e-11 -1.228857240924e-10 -7.760369021531e-11 1.247269554158e-09 
-5.994480818347e-24 -1.161075856872e-20 -2.080346216956e-18 -1.270247235477e-16 -4.148295085652e-15 -9.000269289747e-14 -1.446470347852e-12 -1.777486397847e-11 -1.513557522296e-10 -4.080029757945e-11 
