z(iz=00)            wb(ip=00)           h(ip=01)           wm(ip=02)            ns(ip=03) 
1.3860000000e+00        0.022445000000000007        0.67        0.14336070400000003        0.96
   k(h/Mpc)      Pk/s8^2(Mpc/h)^3 
7.0300170591e-06 4.9404284560e+01
7.5146531344e-06 5.2669444134e+01
8.0326990428e-06 5.6150398319e+01
8.5864585344e-06 5.9861410535e+01
9.1783931566e-06 6.3817679634e+01
9.8111349871e-06 6.8035414088e+01
1.0487496183e-05 7.2531883948e+01
1.1210484445e-05 7.7325511211e+01
1.1983313925e-05 8.2435928815e+01
1.2809421605e-05 8.7884074637e+01
1.3692479115e-05 9.3692253924e+01
1.4636413653e-05 9.9884260574e+01
1.5645420717e-05 1.0648544307e+02
1.6723986846e-05 1.1352283456e+02
1.7876907805e-05 1.2102525139e+02
1.9109307686e-05 1.2902339583e+02
2.0426668925e-05 1.3755002786e+02
2.1834845029e-05 1.4664002255e+02
2.3340098778e-05 1.5633059035e+02
2.4949120416e-05 1.6666136521e+02
2.6669067665e-05 1.7767463081e+02
2.8507582101e-05 1.8941539199e+02
3.0472841900e-05 2.0193167603e+02
3.2573581848e-05 2.1527462096e+02
3.4819146094e-05 2.2949876894e+02
3.7219513615e-05 2.4466218192e+02
3.9785358240e-05 2.6082677204e+02
4.2528085032e-05 2.7805847712e+02
4.5459892135e-05 2.9642759121e+02
4.8593814427e-05 3.1600897468e+02
5.1943781728e-05 3.3688234948e+02
5.5524687923e-05 3.5913265510e+02
5.9352456446e-05 3.8285037357e+02
6.3444102125e-05 4.0813182386e+02
6.7817825766e-05 4.3507964967e+02
7.2493057814e-05 4.6380298322e+02
7.7490592958e-05 4.9441815915e+02
8.2832651970e-05 5.2704896875e+02
8.8542976300e-05 5.6182710549e+02
9.4646966318e-05 5.9889286410e+02
1.0117175407e-04 6.3839542873e+02
1.0814634879e-04 6.8049359217e+02
1.1560175335e-04 7.2535628590e+02
1.2357112428e-04 7.7316336180e+02
1.3208988821e-04 8.2410609928e+02
1.4119592379e-04 8.7838809496e+02
1.5092969989e-04 9.3622587926e+02
1.6133450845e-04 9.9785008432e+02
1.7245661002e-04 1.0635060785e+03
1.8434545200e-04 1.1334550190e+03
1.9705388695e-04 1.2079748859e+03
2.1063841996e-04 1.2873616643e+03
2.2515944147e-04 1.3719304149e+03
2.4068150378e-04 1.4620165669e+03
2.5727364118e-04 1.5579774234e+03
2.7500960277e-04 1.6601931132e+03
2.9396824539e-04 1.7690684147e+03
3.1423388282e-04 1.8850342566e+03
3.3589659142e-04 2.0085488966e+03
3.5905267578e-04 2.1400999288e+03
3.8380510523e-04 2.2802060196e+03
4.1026389226e-04 2.4294182003e+03
4.3854673277e-04 2.5883225053e+03
4.6877932618e-04 2.7575406480e+03
5.0109607400e-04 2.9377326480e+03
5.3564074915e-04 3.1295990632e+03
5.7256681612e-04 3.3338810315e+03
6.1203847872e-04 3.5513640498e+03
6.5423129126e-04 3.7828789470e+03
6.9933279883e-04 4.0293025857e+03
7.4754346861e-04 4.2915596217e+03
7.9907773761e-04 4.5706242156e+03
8.5416465299e-04 4.8675187143e+03
9.1304921079e-04 5.1833151152e+03
9.7599311266e-04 5.5191321474e+03
1.0432762792e-03 5.8761348929e+03
1.1151977815e-03 6.2555294194e+03
1.1920774123e-03 6.6585585414e+03
1.2742570834e-03 7.0864938705e+03
1.3621019898e-03 7.5406233721e+03
1.4560027048e-03 8.0222398802e+03
1.5563768102e-03 8.5326226645e+03
1.6636705259e-03 9.0730140006e+03
1.7783609219e-03 9.6445932707e+03
1.9009577809e-03 1.0248443710e+04
2.0320063923e-03 1.0885518402e+04
2.1720889490e-03 1.1556594821e+04
2.3218288552e-03 1.2262240197e+04
2.4818913080e-03 1.3002757715e+04
2.6529883035e-03 1.3778154954e+04
2.8358804993e-03 1.4588101427e+04
3.0313807074e-03 1.5431900434e+04
3.2403585501e-03 1.6308474212e+04
3.4637427889e-03 1.7216348179e+04
3.7025266793e-03 1.8153656482e+04
3.9577721618e-03 1.9118148278e+04
4.2306133546e-03 2.0107194154e+04
4.5222640038e-03 2.1117805394e+04
4.8340205103e-03 2.2146630855e+04
5.1672691479e-03 2.3189959897e+04
5.5234907195e-03 2.4243705405e+04
5.9042698704e-03 2.5303389080e+04
6.3112992793e-03 2.6364099253e+04
6.7463885061e-03 2.7420451509e+04
7.2114723735e-03 2.8466536118e+04
7.7086174861e-03 2.9495850253e+04
8.2400357351e-03 3.0501232444e+04
8.8080884889e-03 3.1474762346e+04
9.4153014943e-03 3.2407664525e+04
1.0064374656e-02 3.3290182220e+04
1.0758194141e-02 3.4111439175e+04
1.1499843560e-02 3.4859295910e+04
1.2292621657e-02 3.5520234841e+04
1.3140052557e-02 3.6079310095e+04
1.4045902528e-02 3.6520261319e+04
1.5014201403e-02 3.6825903764e+04
1.6049252823e-02 3.6978932593e+04
1.7155658454e-02 3.6963278338e+04
1.8338337541e-02 3.6766029115e+04
1.9602548331e-02 3.6379741888e+04
2.0953910425e-02 3.5804674298e+04
2.2398434579e-02 3.5050224829e+04
2.3942541331e-02 3.4134884538e+04
2.5593094528e-02 3.3084367292e+04
2.7357434854e-02 3.1928269676e+04
2.9243405908e-02 3.0696215006e+04
3.1259391457e-02 2.9414581283e+04
3.3414356411e-02 2.8104576412e+04
3.5717882216e-02 2.6781814511e+04
3.8180205971e-02 2.5457028127e+04
4.0812276304e-02 2.4137346898e+04
4.3625798076e-02 2.2827660637e+04
4.6448644251e-02 2.1608419826e+04
4.9271490425e-02 2.0474829618e+04
5.2094336599e-02 1.9418844564e+04
5.4917182773e-02 1.8433552174e+04
5.7740028948e-02 1.7512968636e+04
6.0562875122e-02 1.6651849085e+04
6.3385717571e-02 1.5845542226e+04
6.6208563745e-02 1.5089878285e+04
6.9031409919e-02 1.4381085298e+04
7.1854256094e-02 1.3715730820e+04
7.4677102268e-02 1.3090678154e+04
7.7499948442e-02 1.2503048030e+04
8.0322794616e-02 1.1950193493e+04
8.3145640791e-02 1.1429677672e+04
8.5968486965e-02 1.0939252968e+04
8.8791333139e-02 1.0476845528e+04
9.1614179313e-02 1.0040540888e+04
9.5231682062e-02 9.5167584690e+03
9.8849177361e-02 9.0295467944e+03
1.0246667266e-01 8.5758251129e+03
1.0608417541e-01 8.1528049483e+03
1.0970167071e-01 7.7579628807e+03
1.1331916600e-01 7.3890088705e+03
1.1693666875e-01 7.0438653714e+03
1.2055416405e-01 6.7206479152e+03
1.2417165935e-01 6.4176417400e+03
1.2778915465e-01 6.1332875430e+03
1.3140666485e-01 5.8661643237e+03
1.3502416015e-01 5.6149799546e+03
1.3864165545e-01 5.3785522615e+03
1.4225915074e-01 5.1558024611e+03
1.4587664604e-01 4.9457441218e+03
1.4949414134e-01 4.7474743176e+03
1.5311165154e-01 4.5601649222e+03
1.5672914684e-01 4.3830585323e+03
1.6034664214e-01 4.2154574423e+03
1.6396413743e-01 4.0567210326e+03
1.6758163273e-01 3.9062598200e+03
1.7119912803e-01 3.7635308087e+03
1.7481663823e-01 3.6280327750e+03
1.7843413353e-01 3.4993047102e+03
1.8205162883e-01 3.3769190737e+03
1.8566912413e-01 3.2604809972e+03
1.8928661942e-01 3.1496249486e+03
1.9290411472e-01 3.0440122246e+03
1.9652162492e-01 2.9433282871e+03
2.0013912022e-01 2.8472823544e+03
2.0375661552e-01 2.7556030490e+03
2.0737411082e-01 2.6680383928e+03
2.1099160612e-01 2.5843538510e+03
2.1460910142e-01 2.5043309333e+03
2.1822661161e-01 2.4277656197e+03
2.2184410691e-01 2.3544684529e+03
2.2546160221e-01 2.2842615895e+03
2.2907909751e-01 2.2169791138e+03
2.3269659281e-01 2.1524658381e+03
2.3631410301e-01 2.0905762453e+03
2.3993159831e-01 2.0311747632e+03
2.4354909360e-01 1.9741335628e+03
2.4716658890e-01 1.9193329667e+03
2.5078409910e-01 1.8666604101e+03
2.5440159440e-01 1.8160107790e+03
2.5801908970e-01 1.7672846280e+03
2.6163658500e-01 1.7203886163e+03
2.6525408030e-01 1.6752348802e+03
2.6887157559e-01 1.6317406580e+03
2.7248907089e-01 1.5898279450e+03
2.7610656619e-01 1.5494231749e+03
2.7972406149e-01 1.5104569248e+03
2.8334155679e-01 1.4728636425e+03
2.8695905209e-01 1.4365813956e+03
2.9057657719e-01 1.4015513537e+03
2.9419407249e-01 1.3677187161e+03
2.9781156778e-01 1.3350307809e+03
3.0142906308e-01 1.3034379226e+03
3.0504655838e-01 1.2728931260e+03
3.0866405368e-01 1.2433518253e+03
3.1228154898e-01 1.2147717552e+03
3.1589904427e-01 1.1871128112e+03
3.1951653957e-01 1.1603369210e+03
3.2313403487e-01 1.1344079238e+03
3.2675153017e-01 1.1092914573e+03
3.3036902547e-01 1.0849548538e+03
3.3398655057e-01 1.0613668503e+03
3.3760404587e-01 1.0384982684e+03
3.4122154117e-01 1.0163207633e+03
3.4483903647e-01 9.9480752730e+02
3.4845653176e-01 9.7393301704e+02
3.5207402706e-01 9.5367288423e+02
3.5569152236e-01 9.3400390970e+02
3.5930901766e-01 9.1490394194e+02
3.6292651296e-01 8.9635183968e+02
3.6654400825e-01 8.7832741766e+02
3.7016150355e-01 8.6081139584e+02
3.7377902865e-01 8.4378521361e+02
3.7739652395e-01 8.2723154186e+02
3.8101401925e-01 8.1113339942e+02
3.8463151455e-01 7.9547467857e+02
3.8824900985e-01 7.8023996530e+02
3.9186650515e-01 7.6541450426e+02
3.9548400044e-01 7.5098416571e+02
3.9910149574e-01 7.3693541432e+02
4.0271899104e-01 7.2325527975e+02
4.0633648634e-01 7.0993132895e+02
4.0995398164e-01 6.9695164003e+02
4.1357147694e-01 6.8430477743e+02
4.1718900204e-01 6.7197966846e+02
4.2080649733e-01 6.5996598469e+02
4.2442399263e-01 6.4825351197e+02
4.2804148793e-01 6.3683253945e+02
4.3165898323e-01 6.2569373806e+02
4.3527647853e-01 6.1482814282e+02
4.3889397383e-01 6.0422713617e+02
4.4251146913e-01 5.9388243207e+02
4.4612896442e-01 5.8378606103e+02
4.4974645972e-01 5.7393035582e+02
4.5336395502e-01 5.6430793807e+02
4.5698148012e-01 5.5491162884e+02
4.6059897542e-01 5.4573474433e+02
4.6421647072e-01 5.3677061991e+02
4.6783396602e-01 5.2801291062e+02
4.7145146131e-01 5.1945550240e+02
4.7506895661e-01 5.1109250224e+02
4.7868645191e-01 5.0291822871e+02
4.8230394721e-01 4.9492720302e+02
4.8592144251e-01 4.8711414055e+02
4.8953893781e-01 4.7947394270e+02
4.9315643311e-01 4.7200168917e+02
4.9677392840e-01 4.6469263065e+02
5.0039142370e-01 4.5754218178e+02
5.0400894880e-01 4.5054585748e+02
5.0762641430e-01 4.4369955169e+02
5.1124393940e-01 4.3699890648e+02
5.1486140490e-01 4.3044014955e+02
5.1847893000e-01 4.2401920512e+02
5.2209645510e-01 4.1773245103e+02
5.2571392059e-01 4.1157637954e+02
5.2933144569e-01 4.0554729820e+02
5.3294891119e-01 3.9964203007e+02
5.3656643629e-01 3.9385711434e+02
5.4018390179e-01 3.8818958083e+02
5.4380142689e-01 3.8263618321e+02
5.4741889238e-01 3.7719414244e+02
5.5103641748e-01 3.7186041093e+02
5.5465388298e-01 3.6663238654e+02
5.5827140808e-01 3.6150720599e+02
5.6188893318e-01 3.5648234899e+02
5.6550639868e-01 3.5155536933e+02
5.6912392378e-01 3.4672365580e+02
5.7274138927e-01 3.4198499374e+02
5.7635891437e-01 3.3733692526e+02
5.7997637987e-01 3.3277737147e+02
6.2793356180e-01 2.7973628908e+02
7.6695966721e-01 1.7950602635e+02
9.3676644564e-01 1.1417729431e+02
1.1441689730e+00 7.2031053429e+01
1.3974907398e+00 4.5096114277e+01
1.7069003582e+00 2.8032170729e+01
2.0848126411e+00 1.7309347013e+01
2.5463953018e+00 1.0621973334e+01
3.1101737022e+00 6.4805948171e+00
3.7987737656e+00 3.9326448620e+00
4.6398367882e+00 2.3745333948e+00
5.6671080589e+00 1.4270937242e+00
