2.8693318225941135e-08 1.2839792081787095e-08 9.4085710693058180e-09 7.3583250949798043e-09 5.8861608903571616e-09 4.7166981764013634e-09 3.7174067856018425e-09 2.8035480047455224e-09 1.8896999826552834e-09 6.7152264822532783e-10 
1.2839792081787095e-08 8.9196700753389258e-09 4.7164832551012452e-09 3.7217654129194567e-09 3.0077269703504341e-09 2.4405488255267588e-09 1.9558103758931129e-09 1.5124098835792988e-09 1.0690295120618441e-09 4.7948419726626214e-10 
9.4085710693058180e-09 4.7164832551012452e-09 6.0454030939011469e-09 2.7841642740841462e-09 2.2654344238221708e-09 1.8534158511849653e-09 1.5012431505373200e-09 1.1790506332487338e-09 8.5687967292079875e-10 4.2928911460363584e-10 
7.3583250949798043e-09 3.7217654129194567e-09 2.7841642740841462e-09 4.7624067282494749e-09 1.8219165598255691e-09 1.5026000086278048e-09 1.2296269992328945e-09 9.7985464040309615e-10 7.3010758522938119e-10 3.9928619428869605e-10 
5.8861608903571616e-09 3.0077269703504341e-09 2.2654344238221708e-09 1.8219165598255691e-09 4.0422496373172690e-09 1.2510676438072428e-09 1.0349758914694636e-09 8.3720649948519760e-10 6.3947302480784181e-10 3.7815612843037008e-10 
4.7166981764013634e-09 2.4405488255267588e-09 1.8534158511849653e-09 1.5026000086278048e-09 1.2510676438072428e-09 3.5897969425381468e-09 8.8044843500087232e-10 7.2398323063338339e-10 5.6755021592208304e-10 3.6144219770763837e-10 
3.7174067856018425e-09 1.9558103758931129e-09 1.5012431505373200e-09 1.2296269992328945e-09 1.0349758914694636e-09 8.8044843500087232e-10 3.2867397525573824e-09 6.2713860721999545e-10 5.0595764776900823e-10 3.4697035558171872e-10 
2.8035480047455224e-09 1.5124098835792988e-09 1.1790506332487338e-09 9.7985464040309615e-10 8.3720649948519760e-10 7.2398323063338339e-10 6.2713860721999545e-10 3.0769331494026191e-09 4.4961303156873424e-10 3.3354292903398683e-10 
1.8896999826552834e-09 1.0690295120618441e-09 8.5687967292079875e-10 7.3010758522938119e-10 6.3947302480784181e-10 5.6755021592208304e-10 5.0595764776900823e-10 4.4961303156873424e-10 2.9320363829227771e-09 3.2043631645028161e-10 
6.7152264822532783e-10 4.7948419726626214e-10 4.2928911460363584e-10 3.9928619428869605e-10 3.7815612843037008e-10 3.6144219770763837e-10 3.4697035558171872e-10 3.3354292903398683e-10 3.2043631645028161e-10 2.8448889348736771e-09 
