2.4086384560907909e-08 1.0557788494421260e-08 7.7257681432377031e-09 6.0336182155649612e-09 4.8186022160805009e-09 3.8534578572493565e-09 3.0288542668654708e-09 2.2749366426229202e-09 1.5213290041456854e-09 5.1608417231527399e-10 
1.0557788494421260e-08 7.7764333088529076e-09 3.8667894899603888e-09 3.0474985989323882e-09 2.4594026938622024e-09 1.9922883409181221e-09 1.5931183734489463e-09 1.2280836024416993e-09 8.6322741305632852e-10 3.7782802718873600e-10 
7.7257681432377031e-09 3.8667894899603888e-09 5.4104855691037001e-09 2.2776012219519404e-09 1.8510064897359888e-09 1.5121888241421645e-09 1.2226204813161305e-09 9.5777309597107315e-10 6.9306956697271543e-10 3.4159321042927312e-10 
6.0336182155649612e-09 3.0474985989323882e-09 2.2776012219519404e-09 4.3560629433059884e-09 1.4875012146030737e-09 1.2253328410772263e-09 1.0012417262793393e-09 7.9625257082118726e-10 5.9138899748629320e-10 3.1992954050189160e-10 
4.8186022160805009e-09 2.4594026938622024e-09 1.8510064897359888e-09 1.4875012146030737e-09 3.7652440776046104e-09 1.0196758253959032e-09 8.4260997492313749e-10 6.8060258239700286e-10 5.1871449502895290e-10 3.0472673282401922e-10 
3.8534578572493565e-09 1.9922883409181221e-09 1.5121888241421645e-09 1.2253328410772263e-09 1.0196758253959032e-09 3.3948490656155179e-09 7.1669050653765132e-10 5.8882033225378537e-10 4.6105395279205990e-10 2.9271504490093545e-10 
3.0288542668654708e-09 1.5931183734489463e-09 1.2226204813161305e-09 1.0012417262793393e-09 8.4260997492313749e-10 7.1669050653765132e-10 3.1474668981822474e-09 5.1032681469780746e-10 4.1168019451042215e-10 2.8229620028546171e-10 
2.2749366426229202e-09 1.2280836024416993e-09 9.5777309597107315e-10 7.9625257082118726e-10 6.8060258239700286e-10 5.8882033225378537e-10 5.1032681469780746e-10 2.9769506141092643e-09 3.6653654361900338e-10 2.7261810168358676e-10 
1.5213290041456854e-09 8.6322741305632852e-10 6.9306956697271543e-10 5.9138899748629320e-10 5.1871449502895290e-10 4.6105395279205990e-10 4.1168019451042215e-10 3.6653654361900338e-10 2.8601649143367201e-09 2.6324758275473480e-10 
5.1608417231527399e-10 3.7782802718873600e-10 3.4159321042927312e-10 3.1992954050189160e-10 3.0472673282401922e-10 2.9271504490093545e-10 2.8229620028546171e-10 2.7261810168358676e-10 2.6324758275473480e-10 2.7921861166547200e-09 
