2.1323739362329228e-08 9.1922225466571029e-09 6.7202523812442505e-09 5.2432694278207914e-09 4.1827670375491371e-09 3.3403900426496391e-09 2.6207398484864056e-09 1.9629004929981892e-09 1.3055315316086634e-09 4.2830605956236274e-10 
9.1922225466571029e-09 7.0933416081746917e-09 3.3596153631265843e-09 2.6454524001642712e-09 2.1328292652555900e-09 1.7256777068443160e-09 1.3777794441874054e-09 1.0596926610120618e-09 7.4186783135778243e-10 3.1890339273363641e-10 
6.7202523812442505e-09 3.3596153631265843e-09 5.0317814837554746e-09 1.9756704633261516e-09 1.6041836090928861e-09 1.3091471993669278e-09 1.0570188178600222e-09 8.2646016927426905e-10 5.9610897419819947e-10 2.9016907765434489e-10 
5.2432694278207914e-09 2.6454524001642712e-09 1.9756704633261516e-09 4.1139583383131841e-09 1.2883326616452441e-09 1.0602761457940782e-09 8.6536002045094845e-10 6.8709468360095897e-10 5.0900644219507425e-10 2.7298492988683700e-10 
4.1827670375491371e-09 2.1328292652555900e-09 1.6041836090928861e-09 1.2883326616452441e-09 3.6002654369720627e-09 8.8186076451766115e-10 7.2803347527502338e-10 5.8731710175652330e-10 4.4676216689216810e-10 2.6095849872810707e-10 
3.3403900426496391e-09 1.7256777068443160e-09 1.3091471993669278e-09 1.0602761457940782e-09 8.8186076451766115e-10 3.2786735658822095e-09 6.1903366566085948e-10 5.0813845971927582e-10 3.9738277520245321e-10 2.5146486223025064e-10 
2.6207398484864056e-09 1.3777794441874054e-09 1.0570188178600222e-09 8.6536002045094845e-10 7.2803347527502338e-10 6.1903366566085948e-10 3.0642902262572095e-09 4.4043122291111276e-10 3.5510345952981922e-10 2.4321848912646652e-10 
1.9629004929981892e-09 1.0596926610120618e-09 8.2646016927426905e-10 6.8709468360095897e-10 5.8731710175652330e-10 5.0813845971927582e-10 4.4043122291111276e-10 2.9169445674693848e-09 3.1646100104591846e-10 2.3555131553149383e-10 
1.3055315316086634e-09 7.4186783135778243e-10 5.9610897419819947e-10 5.0900644219507425e-10 4.4676216689216810e-10 3.9738277520245321e-10 3.5510345952981922e-10 3.1646100104591846e-10 2.8165866907484219e-09 2.2817798882427228e-10 
4.2830605956236274e-10 3.1890339273363641e-10 2.9016907765434489e-10 2.7298492988683700e-10 2.6095849872810707e-10 2.5146486223025064e-10 2.4321848912646652e-10 2.3555131553149383e-10 2.2817798882427228e-10 2.7594710258630092e-09 
