3.406349513633e-07 1.155510051526e-07 2.134560956488e-08 2.686405353575e-09 2.413517246963e-10 1.432327783727e-11 4.821425510812e-13 6.942812884918e-15 2.340188101907e-17 2.957664457526e-21 
1.155510051526e-07 2.919994646658e-07 1.476575937661e-07 4.388569765516e-08 8.212999164138e-09 9.773876715637e-10 6.668450759065e-11 2.028471393474e-12 1.553187820718e-14 5.195435597747e-18 
2.134560956488e-08 1.476575937661e-07 2.415633086174e-07 1.378494649737e-07 5.014638949179e-08 1.085052220004e-08 1.315172208912e-09 7.264397816708e-11 1.086275656342e-12 8.452170601687e-16 
2.686405353575e-09 4.388569765516e-08 1.378494649737e-07 2.079028902872e-07 1.235152672916e-07 4.806810539597e-08 1.018623514778e-08 9.859342108464e-10 2.727706324485e-11 4.676568275232e-14 
2.413517246963e-10 8.212999164138e-09 5.014638949179e-08 1.235152672916e-07 1.843633114532e-07 1.093598236668e-07 4.120045548066e-08 7.116840712555e-09 3.667102831781e-10 1.378567695260e-12 
1.432327783727e-11 9.773876715637e-10 1.085052220004e-08 4.806810539597e-08 1.093598236668e-07 1.665587443900e-07 9.507745508318e-08 3.062589993146e-08 3.092528151852e-09 2.678126166029e-11 
4.821425510812e-13 6.668450759065e-11 1.315172208912e-09 1.018623514778e-08 4.120045548066e-08 9.507745508318e-08 1.515793071331e-07 7.889151088046e-08 1.702067273119e-08 3.793617412164e-10 
6.942812884918e-15 2.028471393474e-12 7.264397816708e-11 9.859342108464e-10 7.116840712555e-09 3.062589993146e-08 7.889151088046e-08 1.373808995693e-07 5.767570821236e-08 4.009329219012e-09 
2.340188101907e-17 1.553187820718e-14 1.086275656342e-12 2.727706324485e-11 3.667102831781e-10 3.092528151852e-09 1.702067273119e-08 5.767570821236e-08 1.223893249083e-07 2.914372806846e-08 
2.957664457526e-21 5.195435597747e-18 8.452170601687e-16 4.676568275232e-14 1.378567695260e-12 2.678126166029e-11 3.793617412164e-10 4.009329219012e-09 2.914372806846e-08 9.035950337652e-08 
