1.067278272897e-07 3.425745194001e-08 6.632347883788e-09 8.511153731081e-10 7.688744252511e-11 4.541209787720e-12 1.501686769621e-13 2.096700121398e-15 6.752218916420e-18 7.843021673323e-22 
3.425745194001e-08 1.096586600570e-07 4.660782538505e-08 1.396867389526e-08 2.611201417285e-09 3.071708313854e-10 2.047354050570e-11 6.030391302952e-13 4.402539968794e-15 1.358711316100e-18 
6.632347883788e-09 4.660782538505e-08 9.607874259161e-08 4.388251066808e-08 1.585165458852e-08 3.372448648566e-09 3.983895027653e-10 2.128174698765e-11 3.027474315733e-13 2.182040225541e-16 
8.511153731081e-10 1.396867389526e-08 4.388251066808e-08 8.510650539927e-08 3.862075541536e-08 1.473003177047e-08 3.041165131728e-09 2.843215935471e-10 7.474571151363e-12 1.191629625659e-14 
7.688744252511e-11 2.611201417285e-09 1.585165458852e-08 3.862075541536e-08 7.623578138130e-08 3.293976226437e-08 1.209009101144e-08 2.014423616956e-09 9.871107019853e-11 3.463230568614e-13 
4.541209787720e-12 3.071708313854e-10 3.372448648566e-09 1.473003177047e-08 3.293976226437e-08 6.901749507823e-08 2.729228797339e-08 8.471585471701e-09 8.160284744673e-10 6.616314209301e-12 
1.501686769621e-13 2.047354050570e-11 3.983895027653e-10 3.041165131728e-09 1.209009101144e-08 2.729228797339e-08 6.261463892580e-08 2.122246358038e-08 4.386372900111e-09 9.167923863024e-11 
2.096700121398e-15 6.030391302952e-13 2.128174698765e-11 2.843215935471e-10 2.014423616956e-09 8.471585471701e-09 2.122246358038e-08 5.662946768134e-08 1.440768044787e-08 9.377202264355e-10 
6.752218916420e-18 4.402539968794e-15 3.027474315733e-13 7.474571151363e-12 9.871107019853e-11 8.160284744673e-10 4.386372900111e-09 1.440768044787e-08 5.061820321199e-08 6.483664164964e-09 
7.843021673323e-22 1.358711316100e-18 2.182040225541e-16 1.191629625659e-14 3.463230568614e-13 6.616314209301e-12 9.167923863024e-11 9.377202264355e-10 6.483664164964e-09 4.114248655785e-08 
