3.751950549591e-06 1.581761545706e-06 3.161054390479e-07 4.362227195050e-08 4.234338175334e-09 2.637263419016e-10 9.045270028444e-12 1.296516010866e-13 4.270244345758e-16 5.171846797800e-20 
1.581761545706e-06 3.872803845523e-06 2.339068857141e-06 7.521216229892e-07 1.489211393031e-07 1.823828108805e-08 1.250936097840e-09 3.760291711991e-11 2.808399530767e-13 9.021393441033e-17 
3.161054390479e-07 2.339068857141e-06 3.646540732586e-06 2.468451404238e-06 9.284633684746e-07 2.035114195810e-07 2.458074621872e-08 1.336315601665e-09 1.947600770282e-11 1.458392139196e-14 
4.362227195050e-08 7.521216229892e-07 2.468451404238e-06 3.343838360436e-06 2.312730331265e-06 9.013209064528e-07 1.892102504692e-07 1.798646961789e-08 4.849406720939e-10 8.020544277922e-13 
4.234338175334e-09 1.489211393031e-07 9.284633684746e-07 2.312730331265e-06 2.958193374675e-06 2.039605899956e-06 7.585713514694e-07 1.285941969162e-07 6.461263162707e-09 2.349832913435e-11 
2.637263419016e-10 1.823828108805e-08 2.035114195810e-07 9.013209064528e-07 2.039605899956e-06 2.582581916593e-06 1.730337303510e-06 5.470359771813e-07 5.394385608053e-08 4.533942991017e-10 
9.045270028444e-12 1.250936097840e-09 2.458074621872e-08 1.892102504692e-07 7.585713514694e-07 1.730337303510e-06 2.240989541824e-06 1.389568792913e-06 2.934838784605e-07 6.367011379919e-09 
1.296516010866e-13 3.760291711991e-11 1.336315601665e-09 1.798646961789e-08 1.285941969162e-07 5.470359771813e-07 1.389568792913e-06 1.919893679133e-06 9.809185528578e-07 6.642403660612e-08 
4.270244345758e-16 2.808399530767e-13 1.947600770282e-11 4.849406720939e-10 6.461263162707e-09 5.394385608053e-08 2.934838784605e-07 9.809185528578e-07 1.599295988241e-06 4.728293288023e-07 
5.171846797800e-20 9.021393441033e-17 1.458392139196e-14 8.020544277922e-13 2.349832913435e-11 4.533942991017e-10 6.367011379919e-09 6.642403660612e-08 4.728293288023e-07 1.008110117805e-06 
