5.4140591907215313e-08 2.5511258594907898e-08 1.8786454707453104e-08 1.4767602249958902e-08 1.1881797014317851e-08 9.5890388587285627e-09 7.6291253030290397e-09 5.8353899025296490e-09 4.0396833865529492e-09 1.6517405862401908e-09 
2.5511258594907898e-08 1.5289653971152826e-08 9.4617374485902051e-09 7.4959000020358132e-09 6.0846337555535007e-09 4.9634393235334586e-09 4.0048298782472630e-09 3.1272675288752776e-09 2.2486353548088877e-09 1.0826556533148989e-09 
1.8786454707453104e-08 9.4617374485902051e-09 9.5961122452088530e-09 5.6208760427446827e-09 4.5895742050238310e-09 3.7702707522871241e-09 3.0696914958073371e-09 2.4282256146121160e-09 1.7859207833624153e-09 9.3483117712794397e-10 
1.4767602249958902e-08 7.4959000020358132e-09 5.6208760427446827e-09 7.0388198094014923e-09 3.6961384746893887e-09 3.0572342950207167e-09 2.5108393219095256e-09 2.0104610181518292e-09 1.5093864282759200e-09 8.4647552357011799e-10 
1.1881797014317851e-08 6.0846337555535007e-09 4.5895742050238310e-09 3.6961384746893887e-09 5.5935785157222781e-09 2.5458129666960931e-09 2.1101526326279877e-09 1.7110881240765444e-09 1.3114423564115052e-09 7.8368835942452212e-10 
9.5890388587285627e-09 4.9634393235334586e-09 3.7702707522871241e-09 3.0572342950207167e-09 2.5458129666960931e-09 4.6780437752807932e-09 1.7919398531929201e-09 1.4733578658313447e-09 1.1542660831874384e-09 7.3388448038504208e-10 
7.6291253030290397e-09 4.0048298782472630e-09 3.0696914958073371e-09 2.5108393219095256e-09 2.1101526326279877e-09 1.7919398531929201e-09 4.0581121418798715e-09 1.2699275296420431e-09 1.0196309035887417e-09 6.9094076181465980e-10 
5.8353899025296490e-09 3.1272675288752776e-09 2.4282256146121160e-09 2.0104610181518292e-09 1.7110881240765444e-09 1.4733578658313447e-09 1.2699275296420431e-09 3.6219260035391234e-09 8.9627857552211774e-10 6.5120596514717144e-10 
4.0396833865529492e-09 2.2486353548088877e-09 1.7859207833624153e-09 1.5093864282759200e-09 1.3114423564115052e-09 1.1542660831874384e-09 1.0196309035887417e-09 8.9627857552211774e-10 3.3115374128770630e-09 6.1173662998953666e-10 
1.6517405862401908e-09 1.0826556533148989e-09 9.3483117712794397e-10 8.4647552357011799e-10 7.8368835942452212e-10 7.3388448038504208e-10 6.9094076181465980e-10 6.5120596514717144e-10 6.1173662998953666e-10 3.1034983452410568e-09 
