1.5712815223584698e-07 7.7004950949067751e-08 5.7004538286972802e-08 4.5050662017473478e-08 3.6467586090411397e-08 2.9647941215331319e-08 2.3816400292031587e-08 1.8476167294253412e-08 1.3126560055120017e-08 6.0345763220177452e-09 
7.7004950949067751e-08 4.1217902424982477e-08 2.8798318044868672e-08 2.2892454027005088e-08 1.8652567236763271e-08 1.5283800581930242e-08 1.2402614880018276e-08 9.7633931511269772e-09 7.1187869311155252e-09 3.6184101946498746e-09 
5.7004538286972802e-08 2.8798318044868672e-08 2.4064075192513606e-08 1.7178675012190713e-08 1.4058218051217158e-08 1.1578889590205032e-08 9.4581606084396139e-09 7.5151355919832368e-09 5.5677518670361686e-09 2.9931088113039887e-09 
4.5050662017473478e-08 2.2892454027005088e-08 1.7178675012190713e-08 1.6302045410032365e-08 1.1312217717267184e-08 9.3644507463889125e-09 7.6981872338929139e-09 6.1712444894217145e-09 4.6405661559954496e-09 2.6191985474278399e-09 
3.6467586090411397e-08 1.8652567236763271e-08 1.4058218051217158e-08 1.1312217717267184e-08 1.1879959679941530e-08 7.7755408326822671e-09 6.4356258622008813e-09 5.2074357685168423e-09 3.9759841674221982e-09 2.3519339464685891e-09 
2.9647941215331319e-08 1.5283800581930242e-08 1.1578889590205032e-08 9.3644507463889125e-09 7.7755408326822671e-09 9.0515781411278519e-09 5.4326017583170109e-09 4.4417540844333794e-09 3.4479735891718757e-09 2.1395767506473292e-09 
2.3816400292031587e-08 1.2402614880018276e-08 9.4581606084396139e-09 7.6981872338929139e-09 6.4356258622008813e-09 5.4326017583170109e-09 7.1125526910641054e-09 3.7863543365575238e-09 2.9956506675398474e-09 1.9569328029413573e-09 
1.8476167294253412e-08 9.7633931511269772e-09 7.5151355919832368e-09 6.1712444894217145e-09 5.2074357685168423e-09 4.4417540844333794e-09 3.7863543365575238e-09 5.7235742408543276e-09 2.5807588853446382e-09 1.7882213040378576e-09 
1.3126560055120017e-08 7.1187869311155252e-09 5.5677518670361686e-09 4.6405661559954496e-09 3.9759841674221982e-09 3.4479735891718757e-09 2.9956506675398474e-09 2.5807588853446382e-09 4.7034928514129510e-09 1.6191368979474738e-09 
6.0345763220177452e-09 3.6184101946498746e-09 2.9931088113039887e-09 2.6191985474278399e-09 2.3519339464685891e-09 2.1395767506473292e-09 1.9569328029413573e-09 1.7882213040378576e-09 1.6191368979474738e-09 3.9474082313320762e-09 
