5.1371204751881861e-07 2.5518371714541170e-07 1.8918787197087821e-07 1.4974255344445850e-07 1.2142235585056979e-07 9.8920918642698832e-08 7.9680158205158447e-08 6.2063258978981199e-08 4.4407100495116083e-08 2.1025349397129382e-08 
2.5518371714541170e-07 1.3077476907333417e-07 9.5505005649128224e-08 7.5941087396556463e-08 6.1896299894684347e-08 5.0737098392385423e-08 4.1193211998974652e-08 3.2451878586754856e-08 2.3688474335684993e-08 1.2100552871586298e-08 
1.8918787197087821e-07 9.5505005649128224e-08 7.3887312671445901e-08 5.6910020505569076e-08 4.6545010668061146e-08 3.8309486874042206e-08 3.1265217578663193e-08 2.4811811089385971e-08 1.8340758363004765e-08 9.7929807970603284e-09 
1.4974255344445850e-07 7.5941087396556463e-08 5.6910020505569076e-08 4.8073040095678350e-08 3.7369014777050443e-08 3.0880820287607839e-08 2.5330405833169902e-08 2.0244394928791104e-08 1.5143410205492016e-08 8.4126216281885922e-09 
1.2142235585056979e-07 6.1896299894684347e-08 4.6545010668061146e-08 3.7369014777050443e-08 3.3321528039011380e-08 2.5549764095663595e-08 2.1071945178516099e-08 1.6967635881425651e-08 1.2850345076273239e-08 7.4241969964214363e-09 
9.8920918642698832e-08 5.0737098392385423e-08 3.8309486874042206e-08 3.0880820287607839e-08 2.5549764095663595e-08 2.3852357717721779e-08 1.7688609481143505e-08 1.4364203408342094e-08 1.1028244875865346e-08 6.6385586056974189e-09 
7.9680158205158447e-08 4.1193211998974652e-08 3.1265217578663193e-08 2.5330405833169902e-08 2.1071945178516099e-08 1.7688609481143505e-08 1.7331239211005100e-08 1.2135770318810279e-08 9.4674176287434348e-09 5.9632173593163053e-09 
6.2063258978981199e-08 3.2451878586754856e-08 2.4811811089385971e-08 2.0244394928791104e-08 1.6967635881425651e-08 1.4364203408342094e-08 1.2135770318810279e-08 1.2629726194220441e-08 8.0353828041370513e-09 5.3393539532724582e-09 
4.4407100495116083e-08 2.3688474335684993e-08 1.8340758363004765e-08 1.5143410205492016e-08 1.2850345076273239e-08 1.1028244875865346e-08 9.4674176287434348e-09 8.0353828041370513e-09 9.1379253373567055e-09 4.7134955255248727e-09 
2.1025349397129382e-08 1.2100552871586298e-08 9.7929807970603284e-09 8.4126216281885922e-09 7.4241969964214363e-09 6.6385586056974189e-09 5.9632173593163053e-09 5.3393539532724582e-09 4.7134955255248727e-09 6.4669337685642322e-09 
