-8.4105447801664568e-10 1.1145943404690948e-09 1.6226313451906704e-09 1.9251497685805069e-09 2.1415650863669598e-09 2.3133564913488791e-09 2.4605145381455597e-09 2.5959778041048723e-09 2.7334482504365249e-09 2.9217149198277721e-09 
-3.3654062032960685e-09 -1.4349763292084349e-10 6.9303207627529948e-10 1.2048241513133557e-09 1.5718293118130339e-09 1.8594423760822249e-09 2.1041264757091138e-09 2.3290668319453930e-09 2.5573147501492383e-09 2.8698990702433445e-09 
-4.8481896986129288e-09 -1.0585533420720759e-09 -1.0370007950057086e-10 4.9003527113283845e-10 9.3782942848395351e-10 1.2882242610432130e-09 1.5794838944980669e-09 1.8445848792996608e-09 2.1131292881908949e-09 2.4808562328133414e-09 
-5.8856651621026571e-09 -1.7477172567643615e-09 -7.1194812438281028e-10 -9.5483547773478756e-11 3.8255920602157291e-10 7.7772239523348041e-10 1.1058333685701633e-09 1.3977403920316493e-09 1.6905068129812527e-09 2.0908322573141103e-09 
-6.6604118989107367e-09 -2.2987981868971524e-09 -1.1898778700379472e-09 -5.4728996279828047e-10 -7.7961101705569040e-11 3.2393016724961094e-10 6.8005588904554257e-10 9.9799452451559950e-10 1.3089933890992457e-09 1.7303601969663044e-09 
-7.2647203133321193e-09 -2.7596565855337808e-09 -1.6018843280975192e-09 -9.2250545104745255e-10 -4.4982160932809653e-10 -6.9098518927691726e-11 2.8506536829986025e-10 6.2712646690058379e-10 9.6006698901854028e-10 1.3970954117843823e-09 
-7.7496106385636431e-09 -3.1556925725534726e-09 -1.9716219254936313e-09 -1.2672140743182504e-09 -7.7298654089590405e-10 -3.9707215896529431e-10 -7.2633932688750432e-11 2.6254425037330115e-10 6.2412057751270058e-10 1.0818887487289192e-09 
-8.1559477442247104e-09 -3.5111915900133552e-09 -2.3135314708860470e-09 -1.5979267482427126e-09 -1.0870181498109637e-09 -6.9230015294694232e-10 -3.7705688228679265e-10 -9.1394503594172560e-11 2.6309696682154624e-10 7.6766071950894083e-10 
-8.6977992949256408e-09 -3.9382727117468782e-09 -2.7109829498570886e-09 -1.9772527544475959e-09 -1.4506040476117776e-09 -1.0337790925535818e-09 -6.8747938415789936e-10 -4.0451361155503600e-10 -1.3919708821768762e-10 3.9924698605596776e-10 
-9.7478793113002833e-09 -4.6760475110995646e-09 -3.3682210799329575e-09 -2.5863257604917645e-09 -2.0248757861003110e-09 -1.5785088573149879e-09 -1.1964541803256386e-09 -8.4991241612369210e-10 -5.3978521462020730e-10 -1.4494247870173533e-10 
