2.751939562474e-10 7.303814336428e-10 1.020973217785e-09 1.213028990797e-09 1.352565530683e-09 1.463520249349e-09 1.558577111683e-09 1.646080653518e-09 1.734881104572e-09 1.856485701681e-09 
2.563743830261e-11 2.143733720101e-10 5.217500498093e-10 8.192905988034e-10 1.061742394940e-09 1.257215102259e-09 1.424238529795e-09 1.577848234156e-09 1.733720287096e-09 1.947176940660e-09 
1.635800742371e-12 3.499913072072e-11 1.653121678060e-10 3.991637113458e-10 6.635167816962e-10 8.997428799461e-10 1.103144219118e-09 1.289399576220e-09 1.478176659748e-09 1.736671349196e-09 
-8.035274592953e-14 5.264046306118e-13 2.331047219707e-11 1.261976497620e-10 3.259909716922e-10 5.633552923906e-10 7.882983309156e-10 9.958884357742e-10 1.205276590176e-09 1.491684042113e-09 
-3.267422201332e-14 -1.023489555500e-12 -2.871868289053e-12 1.683114136188e-11 1.062141729609e-10 2.801968566432e-10 4.986929808949e-10 7.206273383095e-10 9.448447219587e-10 1.249697931908e-09 
-3.081430771807e-15 -1.938976419056e-13 -1.689954353312e-12 -3.366100716875e-12 1.291043384866e-11 8.719234226894e-11 2.451249340670e-10 4.614504811079e-10 6.983541954578e-10 1.016223858159e-09 
-1.201136983675e-16 -1.548121519348e-14 -2.768396753316e-13 -1.812573574019e-12 -4.789385223978e-12 3.224683368405e-12 6.314950487832e-11 2.194255295141e-10 4.580545013915e-10 7.895540549548e-10 
-1.867289968388e-18 -5.473909771259e-16 -1.974514265467e-14 -2.679179486908e-13 -1.884114439831e-12 -7.251958155618e-12 -1.086595812321e-11 3.199512102432e-11 2.094278189439e-10 5.598201344303e-10 
-7.698556969958e-21 -5.426924636326e-18 -4.018840441912e-16 -1.070383841011e-14 -1.535843444673e-13 -1.395796422915e-12 -8.302552013820e-12 -2.841240975846e-11 -1.279162915795e-11 2.953017606272e-10 
-1.512596106091e-24 -2.888122293874e-21 -5.102758745423e-19 -3.071821740489e-17 -9.885076651751e-16 -2.110283662120e-14 -3.325113307525e-13 -3.970586515098e-12 -3.209161384196e-11 -1.269738117104e-12 
