6.353154186330e-10 1.621008807310e-09 2.227237807958e-09 2.624331061978e-09 2.912423140315e-09 3.141496592429e-09 3.337754078832e-09 3.518417556195e-09 3.701758726466e-09 3.952828354090e-09 
5.193565409382e-11 4.228090390750e-10 1.011416021325e-09 1.572392648736e-09 2.026625689837e-09 2.392443779856e-09 2.705063257679e-09 2.992595026742e-09 3.284363776671e-09 3.683922130988e-09 
3.188827303683e-12 6.631852528758e-11 3.070042182028e-10 7.312497313304e-10 1.205775812781e-09 1.628177340171e-09 1.991675188584e-09 2.324571924429e-09 2.661994058678e-09 3.124032205794e-09 
-1.349145742661e-13 1.230606529788e-12 4.282355244060e-11 2.256678403219e-10 5.767325582606e-10 9.913777805650e-10 1.383289466724e-09 1.744859639150e-09 2.109608295128e-09 2.608534030702e-09 
-5.725113221383e-14 -1.772796763568e-12 -4.827676729055e-12 2.992960957248e-11 1.853421816765e-10 4.855210514912e-10 8.609890594943e-10 1.242094769234e-09 1.627152026202e-09 2.150709224940e-09 
-5.363448633203e-15 -3.353658081576e-13 -2.900889692088e-12 -5.666747314367e-12 2.248095571394e-11 1.495661589242e-10 4.192592815797e-10 7.887856693624e-10 1.193513705796e-09 1.736627293930e-09 
-2.071036433012e-16 -2.653338557930e-14 -4.727338349989e-13 -3.090547630196e-12 -8.179372260051e-12 5.433084937294e-12 1.077244082919e-10 3.745917028953e-10 7.825386748501e-10 1.350141136529e-09 
-3.188682846515e-18 -9.340519136031e-16 -3.371746970669e-14 -4.578869398845e-13 -3.221786046621e-12 -1.241120091293e-11 -1.877519284047e-11 5.358948103159e-11 3.576925986164e-10 9.642520436655e-10 
-1.315508667832e-20 -9.277346985692e-18 -6.871795005367e-16 -1.831794327913e-14 -2.634576650869e-13 -2.406803661795e-12 -1.446035360779e-11 -5.036157906959e-11 -2.557139060124e-11 5.186902436994e-10 
-2.600204178078e-24 -4.985006122612e-21 -8.850293786315e-19 -5.356532293250e-17 -1.733430292352e-15 -3.721772397244e-14 -5.899546679969e-13 -7.096217020101e-12 -5.818119688567e-11 -8.029393217145e-12 
