3.6856148855014087e-07 1.2516767856102724e-07 2.3153162194557153e-08 2.9236363800507406e-09 2.6447675559853370e-10 1.5817076443679769e-11 5.3563900448997509e-13 7.7545885620504269e-15 2.6303531029024646e-17 3.3451242651038390e-21 
1.2516767856102724e-07 3.1423026481202214e-07 1.6051258422935437e-07 4.7965097888334089e-08 9.0443795693496016e-09 1.0831972342373051e-09 7.4285560300217686e-11 2.2707154794335124e-12 1.7495049471135440e-14 5.8813716682276967e-18 
2.3153162194557153e-08 1.6051258422935437e-07 2.6115183881464540e-07 1.5149561255875255e-07 5.5452131381473561e-08 1.2058906164094545e-08 1.4682428726226399e-09 8.1484302715421068e-11 1.2254874678031579e-12 9.5813182500971494e-16 
2.9236363800507406e-09 4.7965097888334089e-08 1.5149561255875255e-07 2.2675150298947322e-07 1.3708406707135571e-07 5.3563982419269917e-08 1.1395881792806505e-08 1.1082253532118790e-09 3.0805934003247724e-11 5.3116941394765189e-14 
2.6447675559853370e-10 9.0443795693496016e-09 5.5452131381473561e-08 1.3708406707135571e-07 2.0210797896443597e-07 1.2219191480935879e-07 4.6203766126687058e-08 8.0169321769937164e-09 4.1449828713066803e-10 1.5696382484957076e-12 
1.5817076443679769e-11 1.0831972342373051e-09 1.2058906164094545e-08 5.3563982419269917e-08 1.2219191480935879e-07 1.8324847747851365e-07 1.0693321667966076e-07 3.4567372900695397e-08 3.4992347016056250e-09 3.0576088019369452e-11 
5.3563900448997509e-13 7.4285560300217686e-11 1.4682428726226399e-09 1.1395881792806505e-08 4.6203766126687058e-08 1.0693321667966076e-07 1.6737603637803313e-07 8.9172481111567140e-08 1.9303563371164644e-08 4.3414507266592950e-10 
7.7545885620504269e-15 2.2707154794335124e-12 8.1484302715421068e-11 1.1082253532118790e-09 8.0169321769937164e-09 3.4567372900695397e-08 8.9172481111567140e-08 1.5187495496722228e-07 6.5727436543267686e-08 4.5893848977715614e-09 
2.6303531029024646e-17 1.7495049471135440e-14 1.2254874678031579e-12 3.0805934003247724e-11 4.1449828713066803e-10 3.4992347016056250e-09 1.9303563371164644e-08 6.5727436543267686e-08 1.3599140069001192e-07 3.3210357690378871e-08 
3.3451242651038390e-21 5.8813716682276967e-18 9.5813182500971494e-16 5.3116941394765189e-14 1.5696382484957076e-12 3.0576088019369452e-11 4.3414507266592950e-10 4.5893848977715614e-09 3.3210357690378871e-08 9.9413447638650929e-08 
