1.4555876869415927e-07 4.8642919230861779e-08 9.2066640595536571e-09 1.1641629963248816e-09 1.0419353526616950e-10 6.1128415035042821e-12 2.0147254136668960e-13 2.8125399384674600e-15 9.0724132408532145e-18 1.0686374400620059e-21 
4.8642919230861779e-08 1.4167307574271309e-07 6.3973341555322787e-08 1.8980322260160094e-08 3.5233056988645037e-09 4.1249312155090604e-10 2.7465440155502935e-11 8.0881773111294609e-13 5.9310471727324041e-15 1.8545122870235810e-18 
9.2066640595536571e-09 6.3973341555322787e-08 1.2054233988319049e-07 5.9314574945226838e-08 2.1316860470378978e-08 4.5247559639572790e-09 5.3440704009559423e-10 2.8558562260982330e-11 4.0910421725402403e-13 2.9830636075410076e-16 
1.1641629963248816e-09 1.8980322260160094e-08 5.9314574945226838e-08 1.0477117165997021e-07 5.1831183497089939e-08 1.9760158044054078e-08 4.0791142441222247e-09 3.8210744501504029e-10 1.0131565053005139e-11 1.6321410053807166e-14 
1.0419353526616950e-10 3.5233056988645037e-09 2.1316860470378978e-08 5.1831183497089939e-08 9.2637900341879008e-08 4.4184260551703301e-08 1.6222915933784657e-08 2.7146621843021507e-09 1.3419548858593770e-10 4.7554804699540932e-13 
6.1128415035042821e-12 4.1249312155090604e-10 4.5247559639572790e-09 1.9760158044054078e-08 4.4184260551703301e-08 8.2954489931997780e-08 3.6699364912505729e-08 1.1463337032808756e-08 1.1125199100955361e-09 9.1182858322794510e-12 
2.0147254136668960e-13 2.7465440155502935e-11 5.3440704009559423e-10 4.0791142441222247e-09 1.6222915933784657e-08 3.6699364912505729e-08 7.4697025816436246e-08 2.8854034939951140e-08 5.9987639290301001e-09 1.2706108384816513e-10 
2.8125399384674600e-15 8.0881773111294609e-13 2.8558562260982330e-11 3.8210744501504029e-10 2.7146621843021507e-09 1.1463337032808756e-08 2.8854034939951140e-08 6.7022898738754176e-08 1.9810450632676994e-08 1.3115344146657924e-09 
9.0724132408532145e-18 5.9310471727324041e-15 4.0910421725402403e-13 1.0131565053005139e-11 1.3419548858593770e-10 1.1125199100955361e-09 5.9987639290301001e-09 1.9810450632676994e-08 5.9402507490758810e-08 9.1894322515699095e-09 
1.0686374400620059e-21 1.8545122870235810e-18 2.9830636075410076e-16 1.6321410053807166e-14 4.7554804699540932e-13 9.1182858322794510e-12 1.2706108384816513e-10 1.3115344146657924e-09 9.1894322515699095e-09 4.6861126863443382e-08 
