-8.6832818050303417e-10 1.1654975213572794e-09 1.6938627970101102e-09 2.0084887630965633e-09 2.2335743724766466e-09 2.4122541438219620e-09 2.5653158520712688e-09 2.7062154271909454e-09 2.8492038698534539e-09 3.0450267318761696e-09 
-3.4749483065284905e-09 -1.4623846909246741e-10 7.1814959487059721e-10 1.2469711399543940e-09 1.6261730070344129e-09 1.9233570471340059e-09 2.1761944493165295e-09 2.4086346214029935e-09 2.6444946447714675e-09 2.9675024836408444e-09 
-4.9932589988517628e-09 -1.0895488072673620e-09 -1.0584478391541599e-10 5.0588998628558574e-10 9.6722622743908329e-10 1.3282065716991317e-09 1.6282802192320859e-09 1.9014134435130906e-09 2.1780978042509861e-09 2.5569697258110171e-09 
-6.0534623998242785e-09 -1.7973707593183633e-09 -7.3196228500198148e-10 -9.7793037074989953e-11 3.9399506073278659e-10 8.0049656462645524e-10 1.1380229580489073e-09 1.4383181786981540e-09 1.7395028974965359e-09 2.1513383446517306e-09 
-6.8470558299256778e-09 -2.3633404504986162e-09 -1.2232978027788761e-09 -5.6264195655896699e-10 -8.0091749494198824e-11 3.3311407392929396e-10 6.9926350642689392e-10 1.0261599252824343e-09 1.3459266799333702e-09 1.7791722410957782e-09 
-7.4698166354633317e-09 -2.8378318307130595e-09 -1.6473517564711454e-09 -9.4874913248408243e-10 -4.6266970883876505e-10 -7.1155325768708610e-11 2.9304091012553709e-10 6.4479222060258202e-10 9.8717351087839854e-10 1.4365995826792810e-09 
-7.9726098279536483e-09 -3.2468145749435396e-09 -2.0286613087892418e-09 -1.3039487104231892e-09 -7.9545129496672837e-10 -4.0866040219789549e-10 -7.4833465287454173e-11 2.7001079933008258e-10 6.4200468476966653e-10 1.1129969764693483e-09 
-8.3984523928015588e-09 -3.6159740644752793e-09 -2.3827096640350756e-09 -1.6458044827446822e-09 -1.1196692392337287e-09 -7.1315869643680882e-10 -3.8845393008131094e-10 -9.4224358073215805e-11 2.7077590117417327e-10 7.9033927269543217e-10 
-8.9738636481379505e-09 -4.0637350386491827e-09 -2.7975163517430248e-09 -2.0404858322457690e-09 -1.4970977848392421e-09 -1.0670085755046407e-09 -7.0964726834109214e-10 -4.1753973576812513e-10 -1.4366692553996896e-10 4.1168608662845572e-10 
-1.0106073979522136e-08 -4.8486452693038415e-09 -3.4928592290241353e-09 -2.6822621821438007e-09 -2.1001872322373592e-09 -1.6374131121223875e-09 -1.2413054327355661e-09 -8.8197720523614512e-10 -5.6015910431667954e-10 -1.5054229535684971e-10 
