2.537011373247e-10 6.751365621815e-10 9.450159629976e-10 1.123532528824e-09 1.253250795266e-09 1.356398498159e-09 1.444766338653e-09 1.526111965816e-09 1.608662759876e-09 1.721707887966e-09 
2.386243310654e-11 2.000258580760e-10 4.876564687580e-10 7.665480486659e-10 9.939579603540e-10 1.177331136087e-09 1.334012622867e-09 1.478109085753e-09 1.624326825184e-09 1.824560561548e-09 
1.527296583704e-12 3.278292822925e-11 1.552020656824e-10 3.752678847219e-10 6.243759756807e-10 8.471079763956e-10 1.038894585321e-09 1.214512340527e-09 1.392505638048e-09 1.636231378062e-09 
-7.612575532545e-14 4.811986480178e-13 2.188775888697e-11 1.189281787166e-10 3.077627143253e-10 5.322232419513e-10 7.449916637022e-10 9.413743204699e-10 1.139452278775e-09 1.410385255834e-09 
-3.087512983461e-14 -9.697249221276e-13 -2.733689747029e-12 1.589703645034e-11 1.004780027096e-10 2.651684367819e-10 4.722283934034e-10 6.826435670355e-10 8.952087714301e-10 1.184214718632e-09 
-2.917269052062e-15 -1.835890683552e-13 -1.600292979355e-12 -3.197077022311e-12 1.217089747477e-11 8.258702121862e-11 2.326036886414e-10 4.380714793910e-10 6.630538996260e-10 9.649474283939e-10 
-1.137071981919e-16 -1.466832685645e-14 -2.627456009667e-13 -1.723421697374e-12 -4.557443537627e-12 3.087235656591e-12 6.006373215515e-11 2.083983892506e-10 4.350456516582e-10 7.499882705031e-10 
-1.772238523794e-18 -5.202418624412e-16 -1.876631074715e-14 -2.544358946847e-13 -1.787610150309e-12 -6.881821738388e-12 -1.036815928952e-11 3.022007638509e-11 1.990960175233e-10 5.324165964078e-10 
-7.313006135981e-21 -5.150625239189e-18 -3.813662063561e-16 -1.016421091912e-14 -1.460296475618e-13 -1.329119793329e-12 -7.910491889071e-12 -2.698804573534e-11 -1.177150471383e-11 2.805172180938e-10 
-1.439503424464e-24 -2.750924873349e-21 -4.861822184246e-19 -2.925711718756e-17 -9.404679392591e-16 -2.004220785730e-14 -3.151307594921e-13 -3.757920273001e-12 -3.043358674105e-11 -1.139176365979e-12 
