2.548527618790e-09 1.674724663258e-11 1.936629891383e-11 2.094925765542e-11 2.208542960418e-11 2.298868366117e-11 2.376271574039e-11 2.447526782268e-11 2.519838198064e-11 2.618859110901e-11 
1.674724663258e-11 2.571212195205e-09 4.078572266339e-11 4.588128943940e-11 4.954021091603e-11 5.244417073188e-11 5.493279025354e-11 5.722393794167e-11 5.954907145980e-11 6.273310098249e-11 
1.936629891383e-11 4.078572266339e-11 2.592106574243e-09 6.247243225797e-11 6.893500741291e-11 7.404415339562e-11 7.841535385623e-11 8.243988715330e-11 8.652441418453e-11 9.211785941119e-11 
2.094925765542e-11 4.588128943940e-11 6.247243225797e-11 2.613504596874e-09 8.471244282868e-11 9.243049417659e-11 9.899919790364e-11 1.050360548656e-10 1.111631366156e-10 1.195543923092e-10 
2.208542960418e-11 4.954021091603e-11 6.893500741291e-11 8.471244282868e-11 2.636294930011e-09 1.086529282095e-10 1.178892423733e-10 1.263274950196e-10 1.348796862847e-10 1.465952067296e-10 
2.298868366117e-11 5.244417073188e-11 7.404415339562e-11 9.243049417659e-11 1.086529282095e-10 2.661315148966e-09 1.352425314440e-10 1.465442763886e-10 1.579200454658e-10 1.734981064430e-10 
2.376271574039e-11 5.493279025354e-11 7.841535385623e-11 9.899919790364e-11 1.178892423733e-10 1.352425314440e-10 2.689657373555e-09 1.660164930610e-10 1.807810916045e-10 2.008498183267e-10 
2.447526782268e-11 5.722393794167e-11 8.243988715330e-11 1.050360548656e-10 1.263274950196e-10 1.465442763886e-10 1.660164930610e-10 2.723665528929e-09 2.045475637078e-10 2.300420930058e-10 
2.519838198064e-11 5.954907145980e-11 8.652441418453e-11 1.111631366156e-10 1.348796862847e-10 1.579200454658e-10 1.807810916045e-10 2.045475637078e-10 2.769216475761e-09 2.644734223397e-10 
2.618859110901e-11 6.273310098249e-11 9.211785941119e-11 1.195543923092e-10 1.465952067296e-10 1.734981064430e-10 2.008498183267e-10 2.300420930058e-10 2.644734223397e-10 2.857220188378e-09 
