2.545173125002e-09 1.129280611312e-11 1.311285396290e-11 1.421374261296e-11 1.500386082352e-11 1.563199460169e-11 1.617026773997e-11 1.666578706189e-11 1.716865077668e-11 1.785707106921e-11 
1.129280611312e-11 2.560948820697e-09 2.820888914614e-11 3.185211170152e-11 3.446791707379e-11 3.654364466856e-11 3.832250084154e-11 3.996021895063e-11 4.162223043111e-11 4.389772848660e-11 
1.311285396290e-11 2.820888914614e-11 2.575961802137e-09 4.391620803125e-11 4.862114555473e-11 5.233914169639e-11 5.551972936597e-11 5.844810401607e-11 6.142015002552e-11 6.548946356773e-11 
1.421374261296e-11 3.185211170152e-11 4.391620803125e-11 2.591625310520e-09 6.029621250769e-11 6.599353413544e-11 7.084034345759e-11 7.529423951649e-11 7.981474011136e-11 8.600487108758e-11 
1.500386082352e-11 3.446791707379e-11 4.862114555473e-11 6.029621250769e-11 2.608540110880e-09 7.815364321693e-11 8.504907505633e-11 9.134620468163e-11 9.772794647623e-11 1.064692600687e-10 
1.563199460169e-11 3.654364466856e-11 5.233914169639e-11 6.599353413544e-11 7.815364321693e-11 2.627310187627e-09 9.818069597883e-11 1.066940154650e-10 1.152602482153e-10 1.269897006441e-10 
1.617026773997e-11 3.832250084154e-11 5.551972936597e-11 7.084034345759e-11 8.504907505633e-11 9.818069597883e-11 2.648752287071e-09 1.215381756356e-10 1.327404232320e-10 1.479631251288e-10 
1.666578706189e-11 3.996021895063e-11 5.844810401607e-11 7.529423951649e-11 9.134620468163e-11 1.066940154650e-10 1.215381756356e-10 2.674659535647e-09 1.509682006252e-10 1.704301856182e-10 
1.716865077668e-11 4.162223043111e-11 6.142015002552e-11 7.981474011136e-11 9.772794647623e-11 1.152602482153e-10 1.327404232320e-10 1.509682006252e-10 2.709556383279e-09 1.969839179834e-10 
1.785707106921e-11 4.389772848660e-11 6.548946356773e-11 8.600487108758e-11 1.064692600687e-10 1.269897006441e-10 1.479631251288e-10 1.704301856182e-10 1.969839179834e-10 2.777265612991e-09 
