2.599313909902e-09 9.381228566683e-11 1.059052164230e-10 1.131931886554e-10 1.184247995296e-10 1.225840390431e-10 1.261482162858e-10 1.294292910173e-10 1.327589954480e-10 1.373171022394e-10 
9.381228566683e-11 2.703630969387e-09 1.981100717204e-10 2.187496579555e-10 2.335689209908e-10 2.453338596147e-10 2.554159061573e-10 2.646978008232e-10 2.741173551832e-10 2.870133664047e-10 
1.059052164230e-10 1.981100717204e-10 2.786579287755e-09 2.818284355862e-10 3.064070595559e-10 3.258488221077e-10 3.424843184851e-10 3.578000570396e-10 3.733440065606e-10 3.946260005016e-10 
1.131931886554e-10 2.187496579555e-10 2.818284355862e-10 2.866675624063e-09 3.637032231243e-10 3.919841296559e-10 4.160596385049e-10 4.381849647127e-10 4.606406273593e-10 4.913893108918e-10 
1.184247995296e-10 2.335689209908e-10 3.064070595559e-10 3.637032231243e-10 2.949228510006e-09 4.495850838727e-10 4.826865069119e-10 5.129181460253e-10 5.435527292053e-10 5.855133765017e-10 
1.225840390431e-10 2.453338596147e-10 3.258488221077e-10 3.919841296559e-10 4.495850838727e-10 3.038324868755e-09 5.438353651611e-10 5.838813178370e-10 6.241407699486e-10 6.792590812132e-10 
1.261482162858e-10 2.554159061573e-10 3.424843184851e-10 4.160596385049e-10 4.826865069119e-10 5.438353651611e-10 3.138668230055e-09 6.527281558879e-10 7.048168278180e-10 7.754627560223e-10 
1.294292910173e-10 2.646978008232e-10 3.578000570396e-10 4.381849647127e-10 5.129181460253e-10 5.838813178370e-10 6.527281558879e-10 3.259556565838e-09 7.900033037873e-10 8.797221596091e-10 
1.327589954480e-10 2.741173551832e-10 3.733440065606e-10 4.606406273593e-10 5.435527292053e-10 6.241407699486e-10 7.048168278180e-10 7.900033037873e-10 3.424084660268e-09 1.006316487378e-09 
1.373171022394e-10 2.870133664047e-10 3.946260005016e-10 4.913893108918e-10 5.855133765017e-10 6.792590812132e-10 7.754627560223e-10 8.797221596091e-10 1.006316487378e-09 3.752674137486e-09 
