2.585517871450e-09 7.347016093075e-11 8.324418239677e-11 8.913606549154e-11 9.336550099650e-11 9.672799002489e-11 9.960940845511e-11 1.022619558938e-10 1.049538175401e-10 1.086387989212e-10 
7.347016093075e-11 2.669881800315e-09 1.584175453893e-10 1.753464180986e-10 1.875023853041e-10 1.971531744504e-10 2.054235003941e-10 2.130374500259e-10 2.207643200796e-10 2.313429857884e-10 
8.324418239677e-11 1.584175453893e-10 2.738043355930e-09 2.273531306652e-10 2.476073576001e-10 2.636305617955e-10 2.773416005203e-10 2.899648979766e-10 3.027762517928e-10 3.203169701226e-10 
8.913606549154e-11 1.753464180986e-10 2.273531306652e-10 2.804090333054e-09 2.948980891865e-10 3.182250434686e-10 3.380874687821e-10 3.563424492460e-10 3.748699422639e-10 4.002397034982e-10 
9.336550099650e-11 1.875023853041e-10 2.476073576001e-10 2.948980891865e-10 2.872146617822e-09 3.656410415941e-10 3.928975043300e-10 4.177997225852e-10 4.430360988852e-10 4.776021502994e-10 
9.672799002489e-11 1.971531744504e-10 2.636305617955e-10 3.182250434686e-10 3.656410415941e-10 2.945388377965e-09 4.429972868485e-10 4.758657074333e-10 5.089274324280e-10 5.541926067666e-10 
9.960940845511e-11 2.054235003941e-10 2.773416005203e-10 3.380874687821e-10 3.928975043300e-10 4.429972868485e-10 3.027515597599e-09 5.319322008621e-10 5.745185414021e-10 6.323144635043e-10 
1.022619558938e-10 2.130374500259e-10 2.899648979766e-10 3.563424492460e-10 4.177997225852e-10 4.758657074333e-10 5.319322008621e-10 3.125880165849e-09 6.433631651414e-10 7.164406073973e-10 
1.049538175401e-10 2.207643200796e-10 3.027762517928e-10 3.748699422639e-10 4.430360988852e-10 5.089274324280e-10 5.745185414021e-10 6.433631651414e-10 3.258696797937e-09 8.176973325098e-10 
1.086387989212e-10 2.313429857884e-10 3.203169701226e-10 4.002397034982e-10 4.776021502994e-10 5.541926067666e-10 6.323144635043e-10 7.164406073973e-10 8.176973325098e-10 3.520974351098e-09 
