-5.8411816537238993e-10 7.0293047734292696e-10 1.0374560433013171e-09 1.2366817096170150e-09 1.3791805052263676e-09 1.4922846275543492e-09 1.5891690686007634e-09 1.6783548191673472e-09 1.7688627526758429e-09 1.8928134609929765e-09 
-2.3513574845603621e-09 -1.1236943415387994e-10 4.6877375747585828e-10 8.2461345851043530e-10 1.0798977026066083e-09 1.2798889380289116e-09 1.4499830017499683e-09 1.6063434818529522e-09 1.7650033474929335e-09 1.9822863097593112e-09 
-3.4723125643934182e-09 -7.6363900682763910e-10 -8.1370620082926558e-11 3.4282155364208548e-10 6.6306002906351772e-10 9.1372485111576286e-10 1.1220043501083737e-09 1.3115303348674617e-09 1.5035090356602054e-09 1.7663898640610874e-09 
-4.2814073926129822e-09 -1.2741275305938778e-09 -5.2128128832688787e-10 -7.3427279478176153e-11 2.7385091223096444e-10 5.6114567756466009e-10 7.9975503152216062e-10 1.0119792010054083e-09 1.2247910916229955e-09 1.5157782250786200e-09 
-4.8925405399130315e-09 -1.6901043713677370e-09 -8.7575741166944737e-10 -4.0388389102740099e-10 -5.9411637555143837e-11 2.3559152899991264e-10 4.9716899964160957e-10 7.3073068545099549e-10 9.5913977283855699e-10 1.2685782966068891e-09 
-5.3659858166322144e-09 -2.0390344733472368e-09 -1.1839450226276571e-09 -6.8213880610442646e-10 -3.3304297025688649e-10 -5.1933457442927250e-11 2.0963403662661432e-10 4.6234928393710939e-10 7.0829549943650496e-10 1.0310961060524355e-09 
-5.7318035287905157e-09 -2.3341122307893091e-09 -1.4582992194610104e-09 -9.3725420526733202e-10 -5.7167691744844256e-10 -2.9363310007862735e-10 -5.3631862627410441e-11 1.9439270792611183e-10 4.6187778005660764e-10 8.0045407187518980e-10 
-6.0118954227898839e-09 -2.5878843932880238e-09 -1.7049299994803337e-09 -1.1773453486269292e-09 -8.0067345674073209e-10 -5.0968530113893731e-10 -2.7728502128289755e-10 -6.6515949221622961e-11 1.9508556450391747e-10 5.6688445980145765e-10 
-6.3415481749468290e-09 -2.8707934864125266e-09 -1.9757590248198280e-09 -1.4406475500963186e-09 -1.0565531005669320e-09 -7.5256388460504749e-10 -5.0006553014895129e-10 -2.9378751478395409e-10 -9.9787934863298441e-11 2.9320064791325765e-10 
-6.8664940521581957e-09 -3.2918227162339257e-09 -2.3699863039551116e-09 -1.8188389626830213e-09 -1.4230701586132559e-09 -1.1084181787269657e-09 -8.3910709845717324e-10 -5.9492837775143002e-10 -3.7692692767149990e-10 -9.7813770184694775e-11 
