-1.9130137361627971e-09 3.6131669421227223e-09 5.0469849311850770e-09 5.9007399784248557e-09 6.5117784895260161e-09 6.9969506190566421e-09 7.4125834913122556e-09 7.7951925792949693e-09 8.1834740123744401e-09 8.7152262927202911e-09 
-8.2348580298895461e-09 -2.7867410054737860e-10 1.7884288237116017e-09 3.0516782323509628e-09 3.9571781147637040e-09 4.6671671161866235e-09 5.2713856915278741e-09 5.8268889500542912e-09 6.3905670441216692e-09 7.1625183864365149e-09 
-1.1530667361941300e-08 -2.5032620976349671e-09 -2.2761266357660870e-10 1.1873820922684408e-09 2.2537457833726455e-09 3.0882367196763072e-09 3.7821532277835116e-09 4.4138044380792309e-09 5.0536567726370795e-09 5.9298215932740218e-09 
-1.3948986316968909e-08 -4.1452202590516695e-09 -1.6907369429913414e-09 -2.2982900665756211e-10 9.0236421340718343e-10 1.8383636094955106e-09 2.6160427228528476e-09 3.3079739098161826e-09 4.0017942734077743e-09 4.9504438204797600e-09 
-1.5979527338683440e-08 -5.5259676629844673e-09 -2.8674704849188641e-09 -1.3265643301713561e-09 -2.0225953495251410e-10 7.5962463014901168e-10 1.6130106280158432e-09 2.3758439424482392e-09 3.1217575349959200e-09 4.1318884622926287e-09 
-1.7859387501941973e-08 -6.7984746292767192e-09 -3.9553747571572994e-09 -2.2862739234661265e-09 -1.1250109368368612e-09 -1.9154620908671322e-10 6.7595224994814366e-10 1.5159665045033677e-09 2.3349130193716641e-09 3.4085459914406007e-09 
-1.9735683227759702e-08 -8.0519773140234056e-09 -5.0402377324853990e-09 -3.2481003685687569e-09 -1.9898605969157435e-09 -1.0329165243163118e-09 -2.0982010453084733e-10 6.3932389437468641e-10 1.5601396325348476e-09 2.7267480553860072e-09 
-2.1795628913418294e-08 -9.3990762413764277e-09 -6.2023530263864005e-09 -4.2921594291979396e-09 -2.9279108110214396e-09 -1.8728181071585260e-09 -1.0300134473623645e-09 -2.7116630958700791e-10 6.6955388567073456e-10 2.0210420961961100e-09 
-2.4919301757194581e-08 -1.1299971100086038e-08 -7.7878322649375256e-09 -5.6880356003897129e-09 -4.1807725443956907e-09 -2.9874045233278445e-09 -1.9943218609251103e-09 -1.1808891540575972e-09 -4.2808886674074740e-10 1.1060887192425930e-09 
-3.1759159023627231e-08 -1.5267369818759572e-08 -1.1014465581754164e-08 -8.4717401498548517e-09 -6.6458547621985008e-09 -5.1941864496086889e-09 -3.9514712753230763e-09 -2.8224787825486310e-09 -1.8025709833082381e-09 -5.2493054616686410e-10 
