1.1809027447792218e-07 3.8602063627083797e-08 7.4164808092338605e-09 9.4664196136137695e-10 8.5231976535755450e-11 5.0185528228435966e-12 1.6568608454303231e-13 2.3122449020696880e-15 7.4344492851775285e-18 8.6765803218110915e-22 
3.8602063627083797e-08 1.1939968134801440e-07 5.1906282987069297e-08 1.5499342161221649e-08 2.8891576875947418e-09 3.3904180667979561e-10 2.2588949734363203e-11 6.6436620568649781e-13 4.8521567228620340e-15 1.5027650432947930e-18 
7.4164808092338605e-09 5.1906282987069297e-08 1.0354866722499080e-07 4.8593254460520060e-08 1.7508989809030011e-08 3.7210198923545421e-09 4.3937854835937803e-10 2.3432553652081089e-11 3.3411725833195769e-13 2.4124891364722969e-16 
9.4664196136137695e-10 1.5499342161221649e-08 4.8593254460520060e-08 9.1075905396505454e-08 4.2615956168610857e-08 1.6251144169188413e-08 3.3514128631718973e-09 3.1309979874499767e-10 8.2593085872744506e-12 1.3171984083834148e-14 
8.5231976535755450e-11 2.8891576875947418e-09 1.7508989809030011e-08 4.2615956168610857e-08 8.1198252087301037e-08 3.6319301926023437e-08 1.3312766172458002e-08 2.2205095230691248e-09 1.0916540826880826e-10 3.8290060820400211e-13 
5.0185528228435966e-12 3.3904180667979561e-10 3.7210198923545421e-09 1.6251144169188413e-08 3.6319301926023437e-08 7.3151507191299589e-08 3.0059091609218532e-08 9.3545874197506255e-09 9.0262852575907145e-10 7.3220845952325139e-12 
1.6568608454303231e-13 2.2588949734363203e-11 4.3937854835937803e-10 3.3514128631718973e-09 1.3312766172458002e-08 3.0059091609218532e-08 6.6177857635185358e-08 2.3470331131602537e-08 4.8499098078105609e-09 1.0168066661464156e-10 
2.3122449020696880e-15 6.6436620568649781e-13 2.3432553652081089e-11 3.1309979874499767e-10 2.2205095230691248e-09 9.3545874197506255e-09 2.3470331131602537e-08 5.9637869631689639e-08 1.5936717593270351e-08 1.0443430088921526e-09 
7.4344492851775285e-18 4.8521567228620340e-15 3.3411725833195769e-13 8.2593085872744506e-12 1.0916540826880826e-10 9.0262852575907145e-10 4.8499098078105609e-09 1.5936717593270351e-08 5.3113181253680679e-08 7.2579569100355461e-09 
8.6765803218110915e-22 1.5027650432947930e-18 2.4124891364722969e-16 1.3171984083834148e-14 3.8290060820400211e-13 7.3220845952325139e-12 1.0168066661464156e-10 1.0443430088921526e-09 7.2579569100355461e-09 4.2724740313232364e-08 
