1.0958854362490896e-07 3.5394600216215018e-08 6.8402290403557629e-09 8.7650472633414222e-10 7.9128645494074504e-11 4.6676800562938389e-12 1.5428557958534778e-13 2.1542584079110603e-15 6.9239458003894458e-18 8.0628670399128820e-22 
3.5394600216215018e-08 1.1223639067106065e-07 4.8015739890925696e-08 1.4377971243572520e-08 2.6854887064148266e-09 3.1557105142745504e-10 2.1041960204584461e-11 6.1895037515110033e-13 4.5175930046205709e-15 1.3956445088932942e-18 
6.8402290403557629e-09 4.8015739890925696e-08 9.8072641423503135e-08 4.5146426028524036e-08 1.6289512588216133e-08 3.4651229423607466e-09 4.0934459784759315e-10 2.1827775635625634e-11 3.1096671726248304e-13 2.2391643821708950e-16 
8.7650472633414222e-10 1.4377971243572520e-08 4.5146426028524036e-08 8.6686839232970945e-08 3.9676428059929727e-08 1.5138554245335709e-08 3.1223486519739802e-09 2.9159495617715936e-10 7.6836187334881175e-12 1.2217770046731624e-14 
7.9128645494074504e-11 2.6854887064148266e-09 1.6289512588216133e-08 3.9676428059929727e-08 7.7567349396437563e-08 3.3837460406694017e-08 1.2401254387729318e-08 2.0673219344893068e-09 1.0149880942673871e-10 3.5491125927760899e-13 
4.6676800562938389e-12 3.1557105142745504e-10 3.4651229423607466e-09 1.5138554245335709e-08 3.3837460406694017e-08 7.0076345830989778e-08 2.7992544088375488e-08 8.7047280712516904e-09 8.3859750515388613e-10 6.7812790351792109e-12 
1.5428557958534778e-13 2.1041960204584461e-11 4.0934459784759315e-10 3.1223486519739802e-09 1.2401254387729318e-08 2.7992544088375488e-08 6.3547186298287436e-08 2.1821532097562236e-08 4.5010541991371977e-09 9.4071336300568341e-11 
2.1542584079110603e-15 6.1895037515110033e-13 2.1827775635625634e-11 2.9159495617715936e-10 2.0673219344893068e-09 8.7047280712516904e-09 2.1821532097562236e-08 5.7390836169624384e-08 1.4767785999759327e-08 9.6467476282339247e-10 
6.9239458003894458e-18 4.5175930046205709e-15 3.1096671726248304e-13 7.6836187334881175e-12 1.0149880942673871e-10 8.3859750515388613e-10 4.5010541991371977e-09 1.4767785999759327e-08 5.1232439214641440e-08 6.6859597810783815e-09 
8.0628670399128820e-22 1.3956445088932942e-18 2.2391643821708950e-16 1.2217770046731624e-14 3.5491125927760899e-13 6.7812790351792109e-12 9.4071336300568341e-11 9.6467476282339247e-10 6.6859597810783815e-09 4.1513085580724313e-08 
