2.0889030281391655e-07 7.0702045340888209e-08 1.3131006694566824e-08 1.6447013654231466e-09 1.4663476950793762e-10 8.6042576833321380e-12 2.8464408924541483e-13 4.0042594534169638e-15 1.3088018464947863e-17 1.5811172349709733e-21 
7.0702045340888209e-08 1.9047513364323115e-07 9.0560292720494641e-08 2.6734582689546328e-08 4.9573615011126849e-09 5.8164709581388755e-10 3.8935325817152126e-11 1.1567034018489295e-12 8.5998820149279889e-15 2.7569845049899831e-18 
1.3131006694566824e-08 9.0560292720494641e-08 1.5832435648523712e-07 8.3451730974547218e-08 3.0022650352943440e-08 6.3958371194623257e-09 7.6023899719154206e-10 4.1017065594960754e-11 5.9608018282057741e-13 4.4552119276882069e-16 
1.6447013654231466e-09 2.6734582689546328e-08 8.3451730974547218e-08 1.3600435915952215e-07 7.3166332132238051e-08 2.8025808137366745e-08 5.8264577445104438e-09 5.5131012257083490e-10 1.4836055502873087e-11 2.4491499432030801e-14 
1.4663476950793762e-10 4.9573615011126849e-09 3.0022650352943440e-08 7.3166332132238051e-08 1.1950579379611706e-07 6.2953138719803932e-08 2.3288734296646716e-08 3.9377888746220789e-09 1.9759532594751063e-10 7.1721404242476512e-13 
8.6042576833321380e-12 5.8164709581388755e-10 6.3958371194623257e-09 2.8025808137366745e-08 6.2953138719803932e-08 1.0668054354146275e-07 5.3020749971312399e-08 1.6739494101963947e-08 1.6489011111918988e-09 1.3831524744111767e-11 
2.8464408924541483e-13 3.8935325817152126e-11 7.6023899719154206e-10 5.8264577445104438e-09 2.3288734296646716e-08 5.3020749971312399e-08 9.5931674880525845e-08 4.2494604127560446e-08 8.9648903517754110e-09 1.9413196528176909e-10 
4.0042594534169638e-15 1.1567034018489295e-12 4.1017065594960754e-11 5.5131012257083490e-10 3.9377888746220789e-09 1.6739494101963947e-08 4.2494604127560446e-08 8.6007249456910311e-08 2.9934407527017616e-08 2.0242961797303950e-09 
1.3088018464947863e-17 8.5998820149279889e-15 5.9608018282057741e-13 1.4836055502873087e-11 1.9759532594751063e-10 1.6489011111918988e-09 8.9648903517754110e-09 2.9934407527017616e-08 7.6096913236252668e-08 1.4409420985653754e-08 
1.5811172349709733e-21 2.7569845049899831e-18 4.4552119276882069e-16 2.4491499432030801e-14 7.1721404242476512e-13 1.3831524744111767e-11 1.9413196528176909e-10 2.0242961797303950e-09 1.4409420985653754e-08 5.8206243180090851e-08 
