3.1052951330583884e-08 1.4010660675306897e-08 1.0273049769954343e-08 8.0396937199105776e-09 6.4360408831787093e-09 5.1621021330248456e-09 4.0734803763707317e-09 3.0778221348400532e-09 2.0820181861498661e-09 7.5500610079547184e-10 
1.4010660675306897e-08 9.5069556271089630e-09 5.1533331453935017e-09 4.0687096199076383e-09 3.2901258848555179e-09 2.6716642299010356e-09 2.1430685194677036e-09 1.6594972379479361e-09 1.1758616054752632e-09 5.3295538200704145e-10 
1.0273049769954343e-08 5.1533331453935017e-09 6.3720079229806656e-09 3.0448826111653393e-09 2.4788574903815727e-09 2.0292620523670703e-09 1.6449501110276775e-09 1.2933143208561664e-09 9.4163411592505781e-10 4.7497766079370127e-10 
8.0396937199105776e-09 4.0687096199076383e-09 3.0448826111653393e-09 4.9715950316619507e-09 1.9941200656970534e-09 1.6454176901589317e-09 1.3473078711550152e-09 1.0745031708532178e-09 8.0166905530897420e-10 4.4032491517796342e-10 
6.4360408831787093e-09 3.2901258848555179e-09 2.4788574903815727e-09 1.9941200656970534e-09 4.1848760609577998e-09 1.3701934244888355e-09 1.1339940947941810e-09 9.1779616932627263e-10 7.0158803740777903e-10 4.1588450923653778e-10 
5.1621021330248456e-09 2.6716642299010356e-09 2.0292620523670703e-09 1.6454176901589317e-09 1.3701934244888355e-09 3.6901006274705541e-09 9.6464288765794805e-10 7.9340672520214913e-10 6.2216265141539502e-10 3.9654315208217059e-10 
4.0734803763707317e-09 2.1430685194677036e-09 1.6449501110276775e-09 1.3473078711550152e-09 1.1339940947941810e-09 9.6464288765794805e-10 3.3582462358111874e-09 6.8700455132589826e-10 5.5414237157548999e-10 3.7980813363840738e-10 
3.0778221348400532e-09 1.6594972379479361e-09 1.2933143208561664e-09 1.0745031708532178e-09 9.1779616932627263e-10 7.9340672520214913e-10 6.8700455132589826e-10 3.1280326886171399e-09 4.9190404000081129e-10 3.6428808583448797e-10 
2.0820181861498661e-09 1.1758616054752632e-09 9.4163411592505781e-10 8.0166905530897420e-10 7.0158803740777903e-10 6.2216265141539502e-10 5.5414237157548999e-10 4.9190404000081129e-10 2.9684279458915192e-09 3.4909183219667259e-10 
7.5500610079547184e-10 5.3295538200704145e-10 4.7497766079370127e-10 4.4032491517796342e-10 4.1588450923653778e-10 3.9654315208217059e-10 3.7980813363840738e-10 3.6428808583448797e-10 3.4909183219667259e-10 2.8710040827593741e-09 
