2.599474128681e-09 9.406669809294e-11 1.061949797508e-10 1.135043122433e-10 1.187512647997e-10 1.229227014531e-10 1.264973307451e-10 1.297880281635e-10 1.331275029438e-10 1.377004196898e-10 
9.406669809294e-11 2.704093108548e-09 1.986699827918e-10 2.193712106009e-10 2.342349320300e-10 2.460351972115e-10 2.561475107669e-10 2.654572697443e-10 2.749051118770e-10 2.878428511196e-10 
1.061949797508e-10 1.986699827918e-10 2.787287482250e-09 2.826371371384e-10 3.072897364100e-10 3.267903301833e-10 3.434761852930e-10 3.588382747702e-10 3.744292757801e-10 3.957798151244e-10 
1.135043122433e-10 2.193712106009e-10 2.826371371384e-10 2.867621287488e-09 3.647543327271e-10 3.931201199034e-10 4.172682509338e-10 4.394603544854e-10 4.619837880180e-10 4.928303990397e-10 
1.187512647997e-10 2.342349320300e-10 3.072897364100e-10 3.647543327271e-10 2.950416849492e-09 4.508874428548e-10 4.840871496330e-10 5.144090617287e-10 5.451351716029e-10 5.872272451531e-10 
1.229227014531e-10 2.460351972115e-10 3.267903301833e-10 3.931201199034e-10 4.508874428548e-10 3.039771615256e-09 5.454096097032e-10 5.855732234279e-10 6.259517139656e-10 6.812399612559e-10 
1.264973307451e-10 2.561475107669e-10 3.434761852930e-10 4.172682509338e-10 4.840871496330e-10 5.454096097032e-10 3.140401787644e-09 6.546119383113e-10 7.068527145116e-10 7.777140571145e-10 
1.297880281635e-10 2.654572697443e-10 3.588382747702e-10 4.394603544854e-10 5.144090617287e-10 5.855732234279e-10 6.546119383113e-10 3.261628920710e-09 7.922704233069e-10 8.822619248889e-10 
1.331275029438e-10 2.749051118770e-10 3.744292757801e-10 4.619837880180e-10 5.451351716029e-10 6.259517139656e-10 7.068527145116e-10 7.922704233069e-10 3.426604514425e-09 1.009193268588e-09 
1.377004196898e-10 2.878428511196e-10 3.957798151244e-10 4.928303990397e-10 5.872272451531e-10 6.812399612559e-10 7.777140571145e-10 8.822619248889e-10 1.009193268588e-09 3.756091069259e-09 
