2.543699872782e-09 8.856504952046e-12 1.030512162775e-11 1.118175802863e-11 1.181090430124e-11 1.231106282702e-11 1.273966977990e-11 1.313423375244e-11 1.353464632766e-11 1.408295946582e-11 
8.856504952046e-12 2.556260493010e-09 2.241520272678e-11 2.536260519514e-11 2.747870696877e-11 2.915770274649e-11 3.059657193306e-11 3.192128667314e-11 3.326565407957e-11 3.510662951513e-11 
1.030512162775e-11 2.241520272678e-11 2.568441147603e-09 3.522169755983e-11 3.907048397120e-11 4.211099171847e-11 4.471179990210e-11 4.710638395365e-11 4.953669199267e-11 5.286482228765e-11 
1.118175802863e-11 2.536260519514e-11 3.522169755983e-11 2.581298021766e-09 4.871903274049e-11 5.342099205075e-11 5.741987614400e-11 6.109425077840e-11 6.482359726438e-11 6.993112933350e-11 
1.181090430124e-11 2.747870696877e-11 3.907048397120e-11 4.871903274049e-11 2.595306680881e-09 6.355832861847e-11 6.929219419647e-11 7.452688927748e-11 7.983167930365e-11 8.709887330852e-11 
1.231106282702e-11 2.915770274649e-11 4.211099171847e-11 5.342099205075e-11 6.355832861847e-11 2.610966927117e-09 8.031240978427e-11 8.743504350067e-11 9.460016167299e-11 1.044121336797e-10 
1.273966977990e-11 3.059657193306e-11 4.471179990210e-11 5.741987614400e-11 6.929219419647e-11 8.031240978427e-11 2.628961325649e-09 9.996173087068e-11 1.093833347621e-10 1.221846778640e-10 
1.313423375244e-11 3.192128667314e-11 4.710638395365e-11 6.109425077840e-11 7.452688927748e-11 8.743504350067e-11 9.996173087068e-11 2.650820319720e-09 1.248403861046e-10 1.412799090500e-10 
1.353464632766e-11 3.326565407957e-11 4.953669199267e-11 6.482359726438e-11 7.983167930365e-11 9.460016167299e-11 1.093833347621e-10 1.248403861046e-10 2.680391328614e-09 1.639090934476e-10 
1.408295946582e-11 3.510662951513e-11 5.286482228765e-11 6.993112933350e-11 8.709887330852e-11 1.044121336797e-10 1.221846778640e-10 1.412799090500e-10 1.639090934476e-10 2.738042729136e-09 
