2.4896887537844039e-08 1.0958876878568696e-08 8.0213411767070182e-09 6.2661340232493349e-09 5.0058365278869826e-09 4.0047140688278773e-09 3.1493518222713361e-09 2.3672751881535674e-09 1.5854614156922555e-09 5.4272182379774409e-10 
1.0958876878568696e-08 7.9772255031740442e-09 4.0159516066114417e-09 3.1658061711304490e-09 2.5555593294746695e-09 2.0708459854187936e-09 1.6566273027203003e-09 1.2778121066374137e-09 8.9915058027845530e-10 3.9543605430853557e-10 
8.0213411767070182e-09 4.0159516066114417e-09 5.5219032366521830e-09 2.3664624999048189e-09 1.9236766236208462e-09 1.5719954848569788e-09 1.2714264124204640e-09 9.9650360304623150e-10 7.2170544067345048e-10 3.5685592267110244e-10 
6.2661340232493349e-09 3.1658061711304490e-09 2.3664624999048189e-09 4.4273275743932782e-09 1.5461368224557364e-09 1.2739347656625042e-09 1.0412617825596426e-09 8.2841127135007178e-10 6.1567061634164513e-10 3.3379135853202676e-10 
5.0058365278869826e-09 2.5555593294746695e-09 1.9236766236208462e-09 1.5461368224557364e-09 3.8138101513583870e-09 1.0602415821957446e-09 8.7633120390446628e-10 7.0805247400896216e-10 5.3988002368757695e-10 3.1759383086298372e-10 
4.0047140688278773e-09 2.0708459854187936e-09 1.5719954848569788e-09 1.2739347656625042e-09 1.0602415821957446e-09 3.4290310414837848e-09 7.4540924135725257e-10 6.1253091039639102e-10 4.7974519431096622e-10 3.0479325581405932e-10 
3.1493518222713361e-09 1.6566273027203003e-09 1.2714264124204640e-09 1.0412617825596426e-09 8.7633120390446628e-10 7.4540924135725257e-10 3.1719042734779962e-09 5.3083713331277422e-10 4.2825170004121776e-10 2.9369415376572544e-10 
2.3672751881535674e-09 1.2778121066374137e-09 9.9650360304623150e-10 8.2841127135007178e-10 7.0805247400896216e-10 6.1253091039639102e-10 5.3083713331277422e-10 2.9945264804488311e-09 3.8116530880095634e-10 2.8338662480440322e-10 
1.5854614156922555e-09 8.9915058027845530e-10 7.2170544067345048e-10 6.1567061634164513e-10 5.3988002368757695e-10 4.7974519431096622e-10 4.2825170004121776e-10 3.8116530880095634e-10 2.8728512866760568e-09 2.7338983895027346e-10 
5.4272182379774409e-10 3.9543605430853557e-10 3.5685592267110244e-10 3.3379135853202676e-10 3.1759383086298372e-10 3.0479325581405932e-10 2.9369415376572544e-10 2.8338662480440322e-10 2.7338983895027346e-10 2.8015829259229882e-09 
