7.900224220591e-08 2.328087157366e-08 4.626971732466e-09 6.050340754706e-10 5.544872440269e-11 3.306964593824e-12 1.103802202810e-13 1.549213485835e-15 5.000320391330e-18 5.800225157106e-22 
2.328087157366e-08 8.478877146133e-08 3.297817717701e-08 1.002997807029e-08 1.895103891046e-09 2.248806400295e-10 1.510223025987e-11 4.457110389910e-13 3.265812032024e-15 1.002022195167e-18 
4.626971732466e-09 3.297817717701e-08 7.684574561366e-08 3.176924469019e-08 1.156602451359e-08 2.479953685584e-09 2.942790894828e-10 1.574079530957e-11 2.247887702173e-13 1.605016693759e-16 
6.050340754706e-10 1.002997807029e-08 3.176924469019e-08 6.967442267502e-08 2.833931408139e-08 1.086814390936e-08 2.247626126838e-09 2.105697230102e-10 5.548637194153e-12 8.746067158253e-15 
5.544872440269e-11 1.895103891046e-09 1.156602451359e-08 2.833931408139e-08 6.362246410226e-08 2.433905455173e-08 8.941464588350e-09 1.494269286988e-09 7.315996067893e-11 2.537742658004e-13 
3.306964593824e-12 2.248806400295e-10 2.479953685584e-09 1.086814390936e-08 2.433905455173e-08 5.837951859148e-08 2.022147256551e-08 6.289656576749e-09 6.028795209222e-10 4.842651228056e-12 
1.103802202810e-13 1.510223025987e-11 2.942790894828e-10 2.247626126838e-09 8.941464588350e-09 2.022147256551e-08 5.375125496967e-08 1.572727762394e-08 3.226220429442e-09 6.703330440705e-11 
1.549213485835e-15 4.457110389910e-13 1.574079530957e-11 2.105697230102e-10 1.494269286988e-09 6.289656576749e-09 1.572727762394e-08 4.914947290576e-08 1.055514467703e-08 6.840016105488e-10 
5.000320391330e-18 3.265812032024e-15 2.247887702173e-13 5.548637194153e-12 7.315996067893e-11 6.028795209222e-10 3.226220429442e-09 1.055514467703e-08 4.457581547909e-08 4.683186800500e-09 
5.800225157106e-22 1.002022195167e-18 1.605016693759e-16 8.746067158253e-15 2.537742658004e-13 4.842651228056e-12 6.703330440705e-11 6.840016105488e-10 4.683186800500e-09 3.733496779587e-08 
