1.694204543245e-07 5.705114216608e-08 1.070149475665e-08 1.346734089023e-09 1.202015054847e-10 7.049192668985e-12 2.325914699786e-13 3.251435881422e-15 1.056358448702e-17 1.252360165025e-21 
5.705114216608e-08 1.602699020993e-07 7.408153715699e-08 2.191426391269e-08 4.062405881776e-09 4.760130037136e-10 3.171757058112e-11 9.372128220507e-13 6.917879170254e-15 2.178712874854e-18 
1.070149475665e-08 7.408153715699e-08 1.348545527080e-07 6.839679919554e-08 2.458832314541e-08 5.223749419803e-09 6.176992070696e-10 3.317501745099e-11 4.776315752713e-13 3.514920885601e-16 
1.346734089023e-09 2.191426391269e-08 6.839679919554e-08 1.165079875272e-07 5.982817485462e-08 2.282213670557e-08 4.723553380029e-09 4.448714309067e-10 1.183864726196e-11 1.929425208314e-14 
1.202015054847e-10 4.062405881776e-09 2.458832314541e-08 5.982817485462e-08 1.026110423121e-07 5.110023276565e-08 1.883975901043e-08 3.166286183462e-09 1.570176240651e-10 5.640458319502e-13 
7.049192668985e-12 4.760130037136e-10 5.223749419803e-09 2.282213670557e-08 5.110023276565e-08 9.173043590069e-08 4.275188811296e-08 1.338836821065e-08 1.305142423908e-09 1.084996351089e-11 
2.325914699786e-13 3.171757058112e-11 6.176992070696e-10 4.723553380029e-09 1.883975901043e-08 4.275188811296e-08 8.248104325179e-08 3.376295724470e-08 7.071698107039e-09 1.516195487068e-10 
3.251435881422e-15 9.372128220507e-13 3.317501745099e-11 4.448714309067e-10 3.166286183462e-09 1.338836821065e-08 3.376295724470e-08 7.386300758320e-08 2.351850877942e-08 1.567984761856e-09 
1.056358448702e-17 6.917879170254e-15 4.776315752713e-13 1.183864726196e-11 1.570176240651e-10 1.305142423908e-09 7.071698107039e-09 2.351850877942e-08 6.546181141426e-08 1.099521362362e-08 
1.252360165025e-21 2.178712874854e-18 3.514920885601e-16 1.929425208314e-14 5.640458319502e-13 1.084996351089e-11 1.516195487068e-10 1.567984761856e-09 1.099521362362e-08 5.064846241115e-08 
