4.495817619991e-07 1.541033951122e-07 2.864410055691e-08 3.646522348771e-09 3.332501501511e-10 2.014527142639e-11 6.899098003404e-13 1.010083517583e-14 3.474324940534e-17 4.478827419554e-21 
1.541033951122e-07 3.816892106386e-07 1.997004288335e-07 6.022846941372e-08 1.147237391165e-08 1.388490327582e-09 9.622279957554e-11 2.972616485066e-12 2.320864477985e-14 7.885146465795e-18 
2.864410055691e-08 1.997004288335e-07 3.202820580196e-07 1.916267845271e-07 7.079470458641e-08 1.554408856004e-08 1.910565843969e-09 1.071565132969e-10 1.630961387327e-12 1.286418966772e-15 
3.646522348771e-09 6.022846941372e-08 1.916267845271e-07 2.813254179197e-07 1.762143922734e-07 6.942828513224e-08 1.489841427347e-08 1.463868527694e-09 4.110077082712e-11 7.144603377067e-14 
3.332501501511e-10 1.147237391165e-08 7.079470458641e-08 1.762143922734e-07 2.533156350030e-07 1.592970956521e-07 6.072960569109e-08 1.063688457444e-08 5.541619805670e-10 2.116400751695e-12 
2.014527142639e-11 1.388490327582e-09 1.554408856004e-08 6.942828513224e-08 1.592970956521e-07 2.316677444669e-07 1.414216604059e-07 4.605615754203e-08 4.687673185852e-09 4.136572164954e-11 
6.899098003404e-13 9.622279957554e-11 1.910565843969e-09 1.489841427347e-08 6.072960569109e-08 1.414216604059e-07 2.133889497787e-07 1.192246875539e-07 2.592845120697e-08 5.901998088965e-10 
1.010083517583e-14 2.972616485066e-12 1.071565132969e-10 1.463868527694e-09 1.063688457444e-08 4.605615754203e-08 1.192246875539e-07 1.941058001922e-07 8.873620455037e-08 6.282494435704e-09 
3.474324940534e-17 2.320864477985e-14 1.630961387327e-12 4.110077082712e-11 5.541619805670e-10 4.687673185852e-09 2.592845120697e-08 8.873620455037e-08 1.752324897997e-07 4.576584341228e-08 
4.478827419554e-21 7.885146465795e-18 1.286418966772e-15 7.144603377067e-14 2.116400751695e-12 4.136572164954e-11 5.901998088965e-10 6.282494435704e-09 4.576584341228e-08 1.256186250709e-07 
