9.077743605131e-08 2.804211008015e-08 5.502963485177e-09 7.128150250794e-10 6.487551512409e-11 3.850049175278e-12 1.277200569581e-13 1.791001704165e-15 5.753001147734e-18 6.699684523000e-22 
2.804211008015e-08 9.564019656930e-08 3.894847043423e-08 1.175759135266e-08 2.210701371496e-09 2.608388355840e-10 1.745799058119e-11 5.148714261099e-13 3.751533355067e-15 1.158838280978e-18 
5.502963485177e-09 3.894847043423e-08 8.527570231065e-08 3.710599649266e-08 1.344703716580e-08 2.869446707594e-09 3.401767153782e-10 1.814958753656e-11 2.582460679005e-13 1.856736095984e-16 
7.128150250794e-10 1.175759135266e-08 3.710599649266e-08 7.645817698960e-08 3.282422189501e-08 1.256299842685e-08 2.596949962177e-09 2.422915478568e-10 6.383134265020e-12 1.011166596268e-14 
6.487551512409e-11 2.210701371496e-09 1.344703716580e-08 3.282422189501e-08 6.914770291808e-08 2.813383143904e-08 1.031227099811e-08 1.716911961151e-09 8.434018619191e-11 2.930239930949e-13 
3.850049175278e-12 2.608388355840e-10 2.869446707594e-09 1.256299842685e-08 2.813383143904e-08 6.302976778302e-08 2.325497789854e-08 7.230080992740e-09 6.965353082426e-10 5.583180180883e-12 
1.277200569581e-13 1.745799058119e-11 3.401767153782e-10 2.596949962177e-09 1.031227099811e-08 2.325497789854e-08 5.755632253192e-08 1.813287964256e-08 3.730737798546e-09 7.722202331976e-11 
1.791001704165e-15 5.148714261099e-13 1.814958753656e-11 2.422915478568e-10 1.716911961151e-09 7.230080992740e-09 1.813287964256e-08 5.242346173425e-08 1.218183616551e-08 7.898694458493e-10 
5.753001147734e-18 3.751533355067e-15 2.582460679005e-13 6.383134265020e-12 8.434018619191e-11 6.965353082426e-10 3.730737798546e-09 1.218183616551e-08 4.708739631845e-08 5.461091115105e-09 
6.699684523000e-22 1.158838280978e-18 1.856736095984e-16 1.011166596268e-14 2.930239930949e-13 5.583180180883e-12 7.722202331976e-11 7.898694458493e-10 5.461091115105e-09 3.894354830261e-08 
