1.290153618369e-07 4.259010578836e-08 8.128097469863e-09 1.033206135800e-09 9.277076944967e-11 5.452361085712e-12 1.800137810883e-13 2.509015062210e-15 8.090255601509e-18 9.458179582609e-22 
4.259010578836e-08 1.282531273087e-07 5.670415579287e-08 1.688550369395e-08 3.140489494404e-09 3.683488869406e-10 2.452871267483e-11 7.210933565773e-13 5.287535615693e-15 1.638776999063e-18 
8.128097469863e-09 5.670415579287e-08 1.103177798229e-07 5.284670268615e-08 1.902189195720e-08 4.042348934044e-09 4.768527256698e-10 2.546217478911e-11 3.643200016173e-13 2.633549432977e-16 
1.033206135800e-09 1.688550369395e-08 5.284670268615e-08 9.651007403169e-08 4.630007816874e-08 1.764545379043e-08 3.637290322416e-09 3.407134495296e-10 9.006350760187e-12 1.440311339946e-14 
9.277076944967e-11 3.140489494404e-09 1.902189195720e-08 4.630007816874e-08 8.575483832726e-08 3.941216909806e-08 1.446366599685e-08 2.419622889302e-09 1.190184603672e-10 4.196195707815e-13 
5.452361085712e-12 3.683488869406e-10 4.042348934044e-09 1.764545379043e-08 3.941216909806e-08 7.701563246846e-08 3.272380570457e-08 1.020041607543e-08 9.842356208631e-10 8.045087511361e-12 
1.800137810883e-13 2.452871267483e-11 4.768527256698e-10 3.637290322416e-09 1.446366599685e-08 3.272380570457e-08 6.960731643801e-08 2.558791231340e-08 5.296677658692e-09 1.120212749545e-10 
2.509015062210e-15 7.210933565773e-13 2.546217478911e-11 3.407134495296e-10 2.419622889302e-09 1.020041607543e-08 2.558791231340e-08 6.250179684230e-08 1.747990333362e-08 1.152847441084e-09 
8.090255601509e-18 5.287535615693e-15 3.643200016173e-13 9.006350760187e-12 1.190184603672e-10 9.842356208631e-10 5.296677658692e-09 1.747990333362e-08 5.567043462030e-08 8.012330972635e-09 
9.458179582609e-22 1.638776999063e-18 2.633549432977e-16 1.440311339946e-14 4.196195707815e-13 8.045087511361e-12 1.120212749545e-10 1.152847441084e-09 8.012330972635e-09 4.433567863043e-08 
