1.344790433021e-07 4.460017264995e-08 8.486999923793e-09 1.076921446240e-09 9.656157737228e-11 5.674404765448e-12 1.871380017645e-13 2.609725669221e-15 8.424735519036e-18 9.861518391366e-22 
4.460017264995e-08 1.327173040305e-07 5.912976917109e-08 1.758217210196e-08 3.268343705498e-09 3.831550848523e-10 2.549403658092e-11 7.508307958943e-13 5.501889584259e-15 1.711405563960e-18 
8.486999923793e-09 5.912976917109e-08 1.137215861879e-07 5.499855247544e-08 1.979351104691e-08 4.202295449400e-09 4.959147925572e-10 2.652087163433e-11 3.789099108697e-13 2.753921108970e-16 
1.076921446240e-09 1.758217210196e-08 5.499855247544e-08 9.928653796787e-08 4.814639651837e-08 1.834110395182e-08 3.786140704223e-09 3.547700247020e-10 9.368657968610e-12 1.507394727694e-14 
9.656157737228e-11 3.268343705498e-09 1.979351104691e-08 4.814639651837e-08 8.801898249667e-08 4.100199294056e-08 1.506471537961e-08 2.517720451368e-09 1.239289400422e-10 4.392567821025e-13 
5.674404765448e-12 3.831550848523e-10 4.202295449400e-09 1.834110395182e-08 4.100199294056e-08 7.904111969537e-08 3.406846368831e-08 1.060960620055e-08 1.026765137472e-09 8.418047592462e-12 
1.871380017645e-13 2.549403658092e-11 4.959147925572e-10 3.786140704223e-09 1.506471537961e-08 3.406846368831e-08 7.126791128838e-08 2.664563730038e-08 5.538156660016e-09 1.170994146452e-10 
2.609725669221e-15 7.508307958943e-13 2.652087163433e-11 3.547700247020e-10 2.517720451368e-09 1.060960620055e-08 2.664563730038e-08 6.403563663714e-08 1.829285686129e-08 1.203951847366e-09 
8.424735519036e-18 5.501889584259e-15 3.789099108697e-13 9.368657968610e-12 1.239289400422e-10 1.026765137472e-09 5.538156660016e-09 1.829285686129e-08 5.690129505939e-08 8.387824711229e-09 
9.861518391366e-22 1.711405563960e-18 2.753921108970e-16 1.507394727694e-14 4.392567821025e-13 8.418047592462e-12 1.170994146452e-10 1.203951847366e-09 8.387824711229e-09 4.520643403036e-08 
