4.5165761691526329e-08 2.1036249992832739e-08 1.5471441871912580e-08 1.2145914888051003e-08 9.7579530772906864e-09 7.8607750860418230e-09 6.2391588269352828e-09 4.7552925508220471e-09 3.2701438312318439e-09 1.2937665946537860e-09 
2.1036249992832739e-08 1.3038490477005858e-08 7.7839241444069887e-09 6.1607790191663666e-09 4.9955446990558893e-09 4.0698429016304563e-09 3.2784476152726795e-09 2.5540921697833570e-09 1.8290515543706547e-09 8.6631205220213761e-10 
1.5471441871912580e-08 7.7839241444069887e-09 8.3404337679399550e-09 4.6175105426425906e-09 3.7673381387625514e-09 3.0919564783531353e-09 2.5144946875884865e-09 1.9858554970977593e-09 1.4566837932195678e-09 7.5513885952185148e-10 
1.2145914888051003e-08 6.1607790191663666e-09 4.6175105426425906e-09 6.2337435386336350e-09 3.0333965256766003e-09 2.5075923989103301e-09 2.0579608053397172e-09 1.6462750592669273e-09 1.2341521248474811e-09 6.8869293242461077e-10 
9.7579530772906864e-09 4.9955446990558893e-09 3.7673381387625514e-09 3.0333965256766003e-09 5.0453029724709929e-09 2.0884964598873590e-09 1.7306736342220033e-09 1.4029719276438503e-09 1.0749125305654245e-09 6.4156220648773469e-10 
7.8607750860418230e-09 4.0698429016304563e-09 3.0919564783531353e-09 2.5075923989103301e-09 2.0884964598873590e-09 4.2940864035596226e-09 1.4707749667674531e-09 1.2097874424700256e-09 9.4848813158230453e-10 6.0419831935598282e-10 
6.2391588269352828e-09 3.2784476152726795e-09 2.5144946875884865e-09 2.0579608053397172e-09 1.7306736342220033e-09 1.4707749667674531e-09 3.7868655203208287e-09 1.0444910656777714e-09 8.4019933668352957e-10 5.7195419747264515e-10 
4.7552925508220471e-09 2.5540921697833570e-09 1.9858554970977593e-09 1.6462750592669273e-09 1.4029719276438503e-09 1.2097874424700256e-09 1.0444910656777714e-09 3.4314807809655476e-09 7.4101898159060535e-10 5.4210273344106244e-10 
3.2701438312318439e-09 1.8290515543706547e-09 1.4566837932195678e-09 1.2341521248474811e-09 1.0749125305654245e-09 9.4848813158230453e-10 8.4019933668352957e-10 7.4101898159060535e-10 3.1805141889685427e-09 5.1254652032085505e-10 
1.2937665946537860e-09 8.6631205220213761e-10 7.5513885952185148e-10 6.8869293242461077e-10 6.4156220648773469e-10 6.0419831935598282e-10 5.7195419747264515e-10 5.4210273344106244e-10 5.1254652032085505e-10 3.0166720996011570e-09 
