2.0591538625885868e-08 8.8326504981522157e-09 6.4565250318234078e-09 5.0367624336214411e-09 4.0173221715435541e-09 3.2075486204664163e-09 2.5157466483444016e-09 1.8833662674936126e-09 1.2514446831573731e-09 4.0804842234383953e-10 
8.8326504981522157e-09 6.9144908020885111e-09 3.2272588646492937e-09 2.5408536013409759e-09 2.0481435228446091e-09 1.6568018163704747e-09 1.3224102773128393e-09 1.0166745799457743e-09 7.1119531814511771e-10 3.0460110847977407e-10 
6.4565250318234078e-09 3.2272588646492937e-09 4.9332278928615439e-09 1.8972978180919998e-09 1.5402859282822351e-09 1.2567412440856437e-09 1.0144317406332070e-09 7.9285347421621977e-10 5.7147873400378423e-10 2.7741965824044864e-10 
5.0367624336214411e-09 2.5408536013409759e-09 1.8972978180919998e-09 4.0512425290226663e-09 1.2368447127515650e-09 1.0177022367224717e-09 8.3040364583919888e-10 6.5910647483455470e-10 4.8798333435839371e-10 2.6116250001390468e-10 
4.0173221715435541e-09 2.0481435228446091e-09 1.5402859282822351e-09 1.2368447127515650e-09 3.5576734692122380e-09 8.4633159906702713e-10 6.9854176350638928e-10 5.6334949814044491e-10 4.2831599022755516e-10 2.4978910267942794e-10 
3.2075486204664163e-09 1.6568018163704747e-09 1.2567412440856437e-09 1.0177022367224717e-09 8.4633159906702713e-10 3.2487362004658331e-09 5.9387810361485707e-10 4.8736060366452090e-10 3.8098060438674713e-10 2.4081202879798065e-10 
2.5157466483444016e-09 1.3224102773128393e-09 1.0144317406332070e-09 8.3040364583919888e-10 6.9854176350638928e-10 5.9387810361485707e-10 3.0428427394525793e-09 4.2238081287874837e-10 3.4045123150280261e-10 2.3301254234165737e-10 
1.8833662674936126e-09 1.0166745799457743e-09 7.9285347421621977e-10 6.5910647483455470e-10 5.6334949814044491e-10 4.8736060366452090e-10 4.2238081287874837e-10 2.9013912813853786e-09 3.0340927775461522e-10 2.2575977797448258e-10 
1.2514446831573731e-09 7.1119531814511771e-10 5.7147873400378423e-10 4.8798333435839371e-10 4.2831599022755516e-10 3.8098060438674713e-10 3.4045123150280261e-10 3.0340927775461522e-10 2.8051270909878384e-09 2.1879209592055090e-10 
4.0804842234383953e-10 3.0460110847977407e-10 2.7741965824044864e-10 2.6116250001390468e-10 2.4978910267942794e-10 2.4081202879798065e-10 2.3301254234165737e-10 2.2575977797448258e-10 2.1879209592055090e-10 2.7505265056531427e-09 
