2.1182435551808581e-08 9.1244208760533708e-09 6.6712015692028684e-09 5.2053666677763963e-09 4.1528403360273697e-09 3.3167782932602764e-09 2.6025029809318716e-09 1.9495513212789518e-09 1.2970246903294879e-09 4.2620556363133384e-10 
9.1244208760533708e-09 7.0603284531958988e-09 3.3354780148086860e-09 2.6265916422199443e-09 2.1177417386866817e-09 1.7135769571706627e-09 1.3682212390079768e-09 1.0524468158774794e-09 7.3691155516474769e-10 3.1696202902185635e-10 
6.6712015692028684e-09 3.3354780148086860e-09 5.0140010808438401e-09 1.9616691052274552e-09 1.5928837832867015e-09 1.2999855251388648e-09 1.0496774512439248e-09 8.2077447320460710e-10 5.9206198176230535e-10 2.8827239794034852e-10 
5.2053666677763963e-09 2.6265916422199443e-09 1.9616691052274552e-09 4.1028454613483563e-09 1.2792840071507075e-09 1.0528612147011584e-09 8.5933613777977116e-10 6.8233612325513823e-10 5.0549968873180662e-10 2.7111456596694873e-10 
4.1528403360273697e-09 2.1177417386866817e-09 1.5928837832867015e-09 1.2792840071507075e-09 3.5928245141379574e-09 8.7569222356186770e-10 7.2294877848053003e-10 5.8321846851551198e-10 4.4363848096447293e-10 2.5910338784189061e-10 
3.3167782932602764e-09 1.7135769571706627e-09 1.2999855251388648e-09 1.0528612147011584e-09 8.7569222356186770e-10 3.2734909409675566e-09 6.1469130101414398e-10 5.0456113160119060e-10 3.9456139984846109e-10 2.4962092430668999e-10 
2.6025029809318716e-09 1.3682212390079768e-09 1.0496774512439248e-09 8.5933613777977116e-10 7.2294877848053003e-10 6.1469130101414398e-10 3.0605803522455955e-09 4.3729774704716114e-10 3.5253993739804594e-10 2.4138516963510935e-10 
1.9495513212789518e-09 1.0524468158774794e-09 8.2077447320460710e-10 6.8233612325513823e-10 5.8321846851551198e-10 5.0456113160119060e-10 4.3729774704716114e-10 2.9142147028475360e-09 3.1413089186977691e-10 2.3372839909620823e-10 
1.2970246903294879e-09 7.3691155516474769e-10 5.9206198176230535e-10 5.0549968873180662e-10 4.4363848096447293e-10 3.9456139984846109e-10 3.5253993739804594e-10 3.1413089186977691e-10 2.8144830553454898e-09 2.2636030161075252e-10 
4.2620556363133384e-10 3.1696202902185635e-10 2.8827239794034852e-10 2.7111456596694873e-10 2.5910338784189061e-10 2.4962092430668999e-10 2.4138516963510935e-10 2.3372839909620823e-10 2.2636030161075252e-10 2.7576279175980912e-09 
