1.3960064946111913e-07 6.8254279728392791e-08 5.0516636304951255e-08 3.9915232117224852e-08 3.2303181234029820e-08 2.6255046458902632e-08 2.1083275628531901e-08 1.6347224307393639e-08 1.1602814147700738e-08 5.3099858457856940e-09 
6.8254279728392791e-08 3.6820265606508277e-08 2.5523053416853176e-08 2.0288058941569733e-08 1.6529789426610300e-08 1.3543690162168417e-08 1.0989807280528737e-08 8.6504069231073024e-09 6.3062296906368754e-09 3.2020101910044496e-09 
5.0516636304951255e-08 2.5523053416853176e-08 2.1617197609415027e-08 1.5226956239809361e-08 1.2461958123914462e-08 1.0265062520425640e-08 8.3859320396932043e-09 6.6642688151178356e-09 4.9387495893566398e-09 2.6563784591061859e-09 
3.9915232117224852e-08 2.0288058941569733e-08 1.5226956239809361e-08 1.4740458380701748e-08 1.0030681154491146e-08 8.3054405595617542e-09 6.8295543840571186e-09 5.4770803616279963e-09 4.1213098533392054e-09 2.3301240848942012e-09 
3.2303181234029820e-08 1.6529789426610300e-08 1.2461958123914462e-08 1.0030681154491146e-08 1.0824318553207839e-08 6.8994026482695493e-09 5.7130880109148686e-09 4.6257004315247159e-09 3.5354423745734191e-09 2.0969920860857228e-09 
2.6255046458902632e-08 1.3543690162168417e-08 1.0265062520425640e-08 8.3054405595617542e-09 6.8994026482695493e-09 8.3207489729079373e-09 4.8261418660942317e-09 3.9493513692970349e-09 3.0699858545378913e-09 1.9117717845163069e-09 
2.1083275628531901e-08 1.0989807280528737e-08 8.3859320396932043e-09 6.8295543840571186e-09 5.7130880109148686e-09 4.8261418660942317e-09 6.6054511908772163e-09 3.3704209910981341e-09 2.6712484546376139e-09 1.7524518749506955e-09 
1.6347224307393639e-08 8.6504069231073024e-09 6.6642688151178356e-09 5.4770803616279963e-09 4.6257004315247159e-09 3.9493513692970349e-09 3.3704209910981341e-09 5.3778020218192544e-09 2.3055203187358665e-09 1.6052791362857251e-09 
1.1602814147700738e-08 6.3062296906368754e-09 4.9387495893566398e-09 4.1213098533392054e-09 3.5354423745734191e-09 3.0699858545378913e-09 2.6712484546376139e-09 2.3055203187358665e-09 4.4775532512813742e-09 1.4578169216129784e-09 
5.3099858457856940e-09 3.2020101910044496e-09 2.6563784591061859e-09 2.3301240848942012e-09 2.0969920860857228e-09 1.9117717845163069e-09 1.7524518749506955e-09 1.6052791362857251e-09 1.4578169216129784e-09 3.8131824657026378e-09 
