3.3301132178101744e-07 1.6490147245223753e-07 1.2221677058829829e-07 9.6704410629709382e-08 7.8387150907798522e-08 6.3833500332061122e-08 5.1388406657175211e-08 3.9991982331273592e-08 2.8573636384365491e-08 1.3471788704374241e-08 
1.6490147245223753e-07 8.5410486507428307e-08 6.1722307818196932e-08 4.9080920795236991e-08 4.0005688870951974e-08 3.2795059556372393e-08 2.6628000611997307e-08 2.0978834761832526e-08 1.5317079112564666e-08 7.8396691828086969e-09 
1.2221677058829829e-07 6.1722307818196932e-08 4.8662388647838903e-08 3.6800388525584450e-08 3.0107423056328643e-08 2.4789554744598847e-08 2.0240785886504603e-08 1.6073107510664576e-08 1.1895240350950869e-08 6.3831699720234865e-09 
9.6704410629709382e-08 4.9080920795236991e-08 3.6800388525584450e-08 3.1998498839827992e-08 2.4190983589943836e-08 2.0004320840236584e-08 1.6422697097237490e-08 1.3140442222159200e-08 9.8494523404283479e-09 5.5120009147659112e-09 
7.8387150907798522e-08 4.0005688870951974e-08 3.0107423056328643e-08 2.4190983589943836e-08 2.2483087861576392e-08 1.6570399568298806e-08 1.3683213684508248e-08 1.1036654136298067e-08 8.3824531781322421e-09 4.8884348607015228e-09 
6.3833500332061122e-08 3.2795059556372393e-08 2.4789554744598847e-08 2.0004320840236584e-08 1.6570399568298806e-08 1.6380408215768769e-08 1.1506717232556402e-08 9.3651737474161771e-09 7.2167585627270838e-09 4.3927943152313024e-09 
5.1388406657175211e-08 2.6628000611997307e-08 2.0240785886504603e-08 1.6422697097237490e-08 1.3683213684508248e-08 1.1506717232556402e-08 1.2182260251876994e-08 7.9344335251152591e-09 6.2181990463737060e-09 3.9667076909188005e-09 
3.9991982331273592e-08 2.0978834761832526e-08 1.6073107510664576e-08 1.3140442222159200e-08 1.1036654136298067e-08 9.3651737474161771e-09 7.9344335251152591e-09 9.1602419754912853e-09 5.3020947321726089e-09 3.5731956880115265e-09 
2.8573636384365491e-08 1.5317079112564666e-08 1.1895240350950869e-08 9.8494523404283479e-09 8.3824531781322421e-09 7.2167585627270838e-09 6.2181990463737060e-09 5.3020947321726089e-09 6.9221675337351653e-09 3.1784838108259785e-09 
1.3471788704374241e-08 7.8396691828086969e-09 6.3831699720234865e-09 5.5120009147659112e-09 4.8884348607015228e-09 4.3927943152313024e-09 3.9667076909188005e-09 3.5731956880115265e-09 3.1784838108259785e-09 5.2227951803964009e-09 
