5.4018770768917400e-08 2.5451553088372779e-08 1.8742753620119185e-08 1.4733462958568122e-08 1.1854523953390417e-08 9.5672189722509865e-09 7.6119610084497357e-09 5.8224742922449135e-09 4.0309960111572266e-09 1.6486340257613244e-09 
2.5451553088372779e-08 1.5260007825655594e-08 9.4398384828110068e-09 7.4786295867467333e-09 6.0706856925333807e-09 4.9521296001457131e-09 3.9957731666407137e-09 3.1202675181326978e-09 2.2436819746671641e-09 1.0803941773420080e-09 
1.8742753620119185e-08 9.4398384828110068e-09 9.5798333495387288e-09 5.6079548982888034e-09 4.5790626917285216e-09 3.7616726297736083e-09 3.0627275531546157e-09 2.4227537658853519e-09 1.7819336403147289e-09 9.3279185939478116e-10 
1.4733462958568122e-08 7.4786295867467333e-09 5.6079548982888034e-09 7.0284969978152296e-09 3.6876798603908416e-09 3.0502560237028287e-09 2.5051255970047735e-09 2.0059020969033519e-09 1.5059765031085887e-09 8.4456889506218573e-10 
1.1854523953390417e-08 6.0706856925333807e-09 4.5790626917285216e-09 3.6876798603908416e-09 5.5865920141271965e-09 2.5399954875381718e-09 2.1053341926927236e-09 1.7071822823124449e-09 1.3084443803999600e-09 7.8187433805908874e-10 
9.5672189722509865e-09 4.9521296001457131e-09 3.7616726297736083e-09 3.0502560237028287e-09 2.5399954875381718e-09 4.6731477825344444e-09 1.7878317621785317e-09 1.4699700614975905e-09 1.1515947785916480e-09 7.3214354572426114e-10 
7.6119610084497357e-09 3.9957731666407137e-09 3.0627275531546157e-09 2.5051255970047735e-09 2.1053341926927236e-09 1.7878317621785317e-09 4.0546113745943717e-09 1.2669824905497709e-09 1.0172392697829482e-09 6.8926340431244916e-10 
5.8224742922449135e-09 3.1202675181326978e-09 2.4227537658853519e-09 2.0059020969033519e-09 1.7071822823124449e-09 1.4699700614975905e-09 1.2669824905497709e-09 3.6193856215013934e-09 8.9414198989227756e-10 6.4958775837251199e-10 
4.0309960111572266e-09 2.2436819746671641e-09 1.7819336403147289e-09 1.5059765031085887e-09 1.3084443803999600e-09 1.1515947785916480e-09 1.0172392697829482e-09 8.9414198989227756e-10 3.3096523635658059e-09 6.1017478516504982e-10 
1.6486340257613244e-09 1.0803941773420080e-09 9.3279185939478116e-10 8.4456889506218573e-10 7.8187433805908874e-10 7.3214354572426114e-10 6.8926340431244916e-10 6.4958775837251199e-10 6.1017478516504982e-10 3.1019883258299006e-09 
