2.8506616393227100e-08 1.2750114464735519e-08 9.3436324301090958e-09 7.3080917634203407e-09 5.8464476153937091e-09 4.6853136302347345e-09 3.6931115654751385e-09 2.7857014490115110e-09 1.8782460539224402e-09 6.6851430486443497e-10 
1.2750114464735519e-08 8.8759328626265502e-09 4.6844606241993851e-09 3.6967053768605496e-09 2.9876451487713119e-09 2.4244073750914269e-09 1.9430234286825498e-09 1.5026746618986659e-09 1.0623178668433710e-09 4.7674882119332585e-10 
9.3436324301090958e-09 4.6844606241993851e-09 6.0217744410866402e-09 2.7655243449049677e-09 2.2503602517886132e-09 1.8411636400388799e-09 1.4913935390064188e-09 1.1713869809912455e-09 8.5138103185588253e-10 4.2662792426456810e-10 
7.3080917634203407e-09 3.6967053768605496e-09 2.7655243449049677e-09 4.7475818960190424e-09 1.8098176794594650e-09 1.4926584136957239e-09 1.2215223399823093e-09 9.7342140235086195e-10 7.2532908713702315e-10 3.9666834717295617e-10 
5.8464476153937091e-09 2.9876451487713119e-09 2.2503602517886132e-09 1.8098176794594650e-09 4.0322752266066807e-09 1.2427744286130999e-09 1.0281148211516464e-09 8.3164877233161620e-10 6.3520492162776079e-10 3.7556433154490222e-10 
4.6853136302347345e-09 2.4244073750914269e-09 1.8411636400388799e-09 1.4926584136957239e-09 1.2427744286130999e-09 3.5828075114721725e-09 8.7457021170558543e-10 7.1911703442110842e-10 5.6368484217358789e-10 3.5886976897030622e-10 
3.6931115654751385e-09 1.9430234286825498e-09 1.4913935390064188e-09 1.2215223399823093e-09 1.0281148211516464e-09 8.7457021170558543e-10 3.2816989897701184e-09 6.2286125089243507e-10 5.0243579402997011e-10 3.4441585578079189e-10 
2.7857014490115110e-09 1.5026746618986659e-09 1.1713869809912455e-09 9.7342140235086195e-10 8.3164877233161620e-10 7.1911703442110842e-10 6.2286125089243507e-10 3.0731914599717093e-09 4.4640234469174327e-10 3.3100574659094578e-10 
1.8782460539224402e-09 1.0623178668433710e-09 8.5138103185588253e-10 7.2532908713702315e-10 6.3520492162776079e-10 5.6368484217358789e-10 5.0243579402997011e-10 4.4640234469174327e-10 2.9291281983830861e-09 3.1790995417427574e-10 
6.6851430486443497e-10 4.7674882119332585e-10 4.2662792426456810e-10 3.9666834717295617e-10 3.7556433154490222e-10 3.5886976897030622e-10 3.4441585578079189e-10 3.3100574659094578e-10 3.1790995417427574e-10 2.8423350036908691e-09 
