1.7646243041235893e-08 7.3805380635437880e-09 5.3892387169415319e-09 4.1994474691630124e-09 3.3451581518953445e-09 2.6666025169268829e-09 2.0869672597291733e-09 1.5572468678315972e-09 1.0281342903776405e-09 3.2165294233177617e-10 
7.3805380635437880e-09 6.1895170252347620e-09 2.6897228233529798e-09 2.1153289008348958e-09 1.7030340766032242e-09 1.3755804639242332e-09 1.0958115893888974e-09 8.4008110730996733e-10 5.8468212932280312e-10 2.4463612520716956e-10 
5.3892387169415319e-09 2.6897228233529798e-09 4.5322657793068668e-09 1.5779511146312506e-09 1.2795223023211799e-09 1.0425182534214555e-09 8.4000443088377184e-10 6.5486391288139298e-10 4.6998302532793668e-10 2.2434139532864034e-10 
4.1994474691630124e-09 2.1153289008348958e-09 1.5779511146312506e-09 3.7953439084445221e-09 1.0264803139371130e-09 8.4351251964378467e-10 6.8715009722488285e-10 5.4418311267763273e-10 4.0143462133312122e-10 2.1219639931152046e-10 
3.3451581518953445e-09 1.7030340766032242e-09 1.2795223023211799e-09 1.0264803139371130e-09 3.3834660956837262e-09 7.0084938371451373e-10 5.7763188484501398e-10 4.6494703718787794e-10 3.5245622992935128e-10 2.0372870735279934e-10 
2.6666025169268829e-09 1.3755804639242332e-09 1.0425182534214555e-09 8.4351251964378467e-10 7.0084938371451373e-10 3.1260563332134679e-09 4.9071058729384192e-10 4.0207470458643798e-10 3.1360550055407921e-10 1.9705260893743160e-10 
2.0869672597291733e-09 1.0958115893888974e-09 8.4000443088377184e-10 6.8715009722488285e-10 5.7763188484501398e-10 4.9071058729384192e-10 2.9548581891950990e-09 3.4831891608740912e-10 2.8034457993688836e-10 1.9124114901519214e-10 
1.5572468678315972e-09 8.4008110730996733e-10 6.5486391288139298e-10 5.4418311267763273e-10 4.6494703718787794e-10 4.0207470458643798e-10 3.4831891608740912e-10 2.8376171052268698e-09 2.4996011552958215e-10 1.8583032391646311e-10 
1.0281342903776405e-09 5.8468212932280312e-10 4.6998302532793668e-10 4.0143462133312122e-10 3.5245622992935128e-10 3.1360550055407921e-10 2.8034457993688836e-10 2.4996011552958215e-10 2.7583233927126657e-09 1.8068255362498762e-10 
3.2165294233177617e-10 2.4463612520716956e-10 2.2434139532864034e-10 2.1219639931152046e-10 2.0372870735279934e-10 1.9705260893743160e-10 1.9124114901519214e-10 1.8583032391646311e-10 1.8068255362498762e-10 2.7144989845684285e-09 
