-4.8554089757794252e-10 5.5946772330000956e-10 8.3110363731858924e-10 9.9288769023193846e-10 1.1085955430578060e-09 1.2004278342962657e-09 1.2790883155336285e-09 1.3514971832001440e-09 1.4249789263124633e-09 1.5256126229370970e-09 
-1.9664290458219975e-09 -9.9133102761983883e-11 3.8535232123977594e-10 6.8209403563930189e-10 8.9504074535286279e-10 1.0618391016465494e-09 1.2036789965334565e-09 1.3340600288275335e-09 1.4663568440112849e-09 1.6475365520114400e-09 
-2.9441533695985969e-09 -6.5006178151827884e-10 -7.2366239067443497e-11 2.8669046269877968e-10 5.5788418110254981e-10 7.7021760204083915e-10 9.4661373893635039e-10 1.1071013753012574e-09 1.2696590678521558e-09 1.4922532433611366e-09 
-3.6656820812704988e-09 -1.0923344542680903e-09 -4.4809676803225888e-10 -6.5011065235773828e-11 2.3196699475270834e-10 4.7776123714199974e-10 6.8195343992694892e-10 8.6354143896677387e-10 1.0456099854745396e-09 1.2945559010550282e-09 
-4.2180151283705612e-09 -1.4578886724684958e-09 -7.5599749660524870e-10 -3.4929701576728138e-10 -5.2539836001617076e-11 2.0156665128591838e-10 4.2697508531649986e-10 6.2828297673970759e-10 8.2512290029286860e-10 1.0917717164375292e-09 
-4.6483822901911500e-09 -1.7667145793964397e-09 -1.0261072942387504e-09 -5.9146560620582036e-10 -2.8912098273808994e-10 -4.5746687489497903e-11 1.8069989032088270e-10 3.9956797689097724e-10 6.1259396723790058e-10 8.9214502255350801e-10 
-4.9799020291236421e-09 -2.0279772713961451e-09 -1.2671229769801732e-09 -8.1447650099475705e-10 -4.9688502083299587e-10 -2.5536226858355217e-10 -4.6943755549929521e-11 1.6846505421085750e-10 4.0085436634061660e-10 6.9497885684284382e-10 
-5.2276030086045020e-09 -2.2501003242656129e-09 -1.4823450202576201e-09 -1.0236100090227221e-09 -6.9610101954935831e-10 -4.4310276516781826e-10 -2.4107805307679058e-10 -5.7885917460176021e-11 1.6958978345795246e-10 4.9290470021359962e-10 
-5.5002529164548889e-09 -2.4895550607701185e-09 -1.7132176509293412e-09 -1.2490876547827438e-09 -9.1595183645318876e-10 -6.5230385543379028e-10 -4.3334668074899990e-10 -2.5456447134786155e-10 -8.6395320179227155e-11 2.5468778612355165e-10 
-5.8727281124744420e-09 -2.8143495310137190e-09 -2.0257137457784329e-09 -1.5542210366199209e-09 -1.2156596908061200e-09 -9.4649581917949761e-10 -7.1612660370261670e-10 -5.0730983696809736e-10 -3.2121586420461005e-10 -8.2576062215815805e-11 
