-4.0237524102734093e-09 9.2208217072100964e-09 1.2655604980163068e-08 1.4701436195139294e-08 1.6165695895014111e-08 1.7328249410803880e-08 1.8324134721079041e-08 1.9240878009767449e-08 2.0171204848445297e-08 2.1445294773939350e-08 
-2.0161208768312433e-08 -8.3312917976336199e-10 4.1834343974926787e-09 7.2520927797039921e-09 9.4542071165096032e-09 1.1180122969226062e-08 1.2648043976487245e-08 1.3997368458733684e-08 1.5366512343598668e-08 1.7241546132630034e-08 
-2.9866389553124862e-08 -6.6139189552248801e-09 -7.5756982100614944e-10 2.8785263929260177e-09 5.6251788596833458e-09 7.7783450963488523e-09 9.5672109953384816e-09 1.1194084884624927e-08 1.2841681196156592e-08 1.5097729120744094e-08 
-3.8265437316025368e-08 -1.1477080253421903e-08 -4.7664159965691540e-09 -7.8159911634600241e-10 2.3013374063748595e-09 4.8580775347691369e-09 6.9865421113878844e-09 8.8788740558111820e-09 1.0774530175241579e-08 1.3365850014068240e-08 
-4.6288492237019448e-08 -1.6094847031860513e-08 -8.4111380392191567e-09 -3.9570074621754346e-09 -7.1802731851611936e-10 2.0488469731278184e-09 4.5122511469678131e-09 6.7203486191161665e-09 8.8768031467629759e-09 1.1793979540369157e-08 
-5.4564982759831177e-08 -2.0844885845040592e-08 -1.2176037989911191e-08 -7.0827140319437998e-09 -3.5403584525631166e-09 -7.0468555401078135e-10 1.9276099418785709e-09 4.4904659699675275e-09 6.9933489897629465e-09 1.0267360333899909e-08 
-6.3278393418466187e-08 -2.5865907454423665e-08 -1.6222381856786138e-08 -1.0482526629316211e-08 -6.4499148827944266e-09 -3.3853878945585567e-09 -7.5976565938726623e-10 1.9502600510631515e-09 4.9027991043605188e-09 8.6436381559501938e-09 
-7.2747979336554050e-08 -3.1408290501363671e-08 -2.0748720427647946e-08 -1.4379133168519660e-08 -9.8290945104590390e-09 -6.3079520938159818e-09 -3.4951791115012214e-09 -9.7329151348468193e-10 2.1467650438673926e-09 6.6654421731772028e-09 
-8.8210328213166951e-08 -4.0045773741099510e-08 -2.7626076350475333e-08 -2.0200983423985840e-08 -1.4871146733660663e-08 -1.0650277517753602e-08 -7.1331069402590312e-09 -4.2465472250834128e-09 -1.6119099742152100e-09 3.7955299831261934e-09 
-1.1796756142635111e-07 -5.6713091884481338e-08 -4.0917964916954575e-08 -3.1474711810714768e-08 -2.4693859016255582e-08 -1.9302840840835508e-08 -1.4687647097046211e-08 -1.0493346414649477e-08 -6.7061931064464254e-09 -1.9771076150159698e-09 
