-3.1581389522221025e-09 7.1306392929690412e-09 9.7987417157989373e-09 1.1387745983574320e-08 1.2525092229166877e-08 1.3428139337207341e-08 1.4201734620890402e-08 1.4913854502783369e-08 1.5636526066797747e-08 1.6626230436948825e-08 
-1.5231637158355503e-08 -5.7111859861663116e-10 3.2354339277600687e-09 5.5626942468811007e-09 7.2320357391621171e-09 8.5406763547387014e-09 9.6539778143166960e-09 1.0677403466554216e-08 1.1715869161309347e-08 1.3138041790633776e-08 
-2.2048575638551098e-08 -4.8465532819228034e-09 -5.1263823312420965e-10 2.1794026059406517e-09 4.2110858183306240e-09 5.8028154752904970e-09 7.1257358041532347e-09 8.3292379085962638e-09 9.5481625006929071e-09 1.1217244546314416e-08 
-2.7709478549524023e-08 -8.2870613793923747e-09 -3.4224774910446527e-09 -5.3163809048068945e-10 1.7057283426940602e-09 3.5592944699438748e-09 5.1016803377194796e-09 6.4732536111480852e-09 7.8476241724887168e-09 9.7264885329206327e-09 
-3.2997715814679413e-08 -1.1456024749471813e-08 -5.9751152596398463e-09 -2.7979622178369286e-09 -4.8569994317236372e-10 1.4904595620287855e-09 3.2483231437945560e-09 4.8225720947416489e-09 6.3606003431476820e-09 8.4418482551315729e-09 
-3.8328439625150835e-08 -1.4628000437651345e-08 -8.5354158222132755e-09 -4.9566004388318484e-09 -2.4673739697183785e-09 -4.7220053263663124e-10 1.3802235351652946e-09 3.1806480146240639e-09 4.9386056242600928e-09 7.2395845298606747e-09 
-4.3975772631422149e-08 -1.7970215738478989e-08 -1.1267021517989886e-08 -7.2775246278190548e-09 -4.4749611010033804e-09 -2.3444646507966343e-09 -5.1799001233058782e-10 1.3658235144272802e-09 3.4174694920559795e-09 6.0175399862796870e-09 
-5.0383125589798873e-08 -2.1750442384044217e-08 -1.4367416081662785e-08 -9.9557302126834978e-09 -6.8043304999572236e-09 -4.3655502103568263e-09 -2.4174823211736901e-09 -6.7126157453506970e-10 1.4910281071609389e-09 4.6208717614524985e-09 
-6.0288756118987992e-08 -2.7358301332334256e-08 -1.8866864536129192e-08 -1.3790276097492156e-08 -1.0146246546243629e-08 -7.2605847567434473e-09 -4.8569833834432643e-09 -2.8868211622846323e-09 -1.0818244579487977e-09 2.6236638238226168e-09 
-8.0044233958718434e-08 -3.8500071501691011e-08 -2.7787459847052674e-08 -2.1382832432731580e-08 -1.6783905188888803e-08 -1.3127598542240257e-08 -9.9975128477635640e-09 -7.1530141647211514e-09 -4.5801628420769135e-09 -1.3647867785375223e-09 
