3.657019870884e-09 8.388021790077e-09 1.110720055101e-08 1.287150095993e-08 1.415030988130e-08 1.516715979319e-08 1.603835360685e-08 1.684032589122e-08 1.765418455932e-08 1.876868877320e-08 
2.170814106191e-10 1.725736050469e-09 4.090142694098e-09 6.342529610597e-09 8.170943252096e-09 9.645069593483e-09 1.090485921912e-08 1.206348677764e-08 1.323917490469e-08 1.484920241594e-08 
1.273373662638e-11 2.634576689160e-10 1.224678642075e-09 2.940074918755e-09 4.883277425600e-09 6.625944021541e-09 8.128673578364e-09 9.504851459162e-09 1.089954713056e-08 1.280929280792e-08 
-5.776255669461e-13 3.765132036776e-12 1.687527104183e-10 9.218556965806e-10 2.403118658538e-09 4.184118793522e-09 5.885452727400e-09 7.459440102867e-09 9.046781248399e-09 1.121765203715e-08 
-2.411238109223e-13 -7.679690700124e-12 -2.277117692235e-11 1.204197888124e-10 7.928653941542e-10 2.132187589124e-09 3.848117525207e-09 5.611093236614e-09 7.395744148042e-09 9.820644508434e-09 
-2.312617846878e-14 -1.481320625717e-12 -1.323570365406e-11 -2.852306690421e-11 9.185653610087e-11 6.761306490668e-10 1.964595663437e-09 3.775418682334e-09 5.783655887098e-09 8.478539160592e-09 
-9.274030747319e-16 -1.224480897422e-13 -2.249066159228e-12 -1.525868504107e-11 -4.319641714679e-11 1.359364744174e-11 5.105982054886e-10 1.876032605849e-09 4.042501406779e-09 7.085130127114e-09 
-1.515262715490e-17 -4.569331634212e-15 -1.689914462412e-13 -2.352965970825e-12 -1.709069937491e-11 -6.929605048456e-11 -1.210864956138e-10 2.425678281047e-10 1.959456159956e-09 5.507743727509e-09 
-6.710723096237e-20 -4.849179485418e-17 -3.680692825980e-15 -1.007116578688e-13 -1.490504976144e-12 -1.405691041715e-11 -8.750455982307e-11 -3.185637582778e-10 -2.146916654912e-10 3.196712508676e-09 
-1.495173978633e-23 -2.923250433880e-20 -5.277136163485e-18 -3.241729443714e-16 -1.063796603502e-14 -2.317212504176e-13 -3.737696464652e-12 -4.615717354013e-11 -3.982733340393e-10 -1.451795354682e-10 
