-2.6511135089219339e-09 5.7321147383960778e-09 7.9062130633249258e-09 9.2009012569809245e-09 1.0127588036007029e-08 1.0863388490758122e-08 1.1493716983768856e-08 1.2073955705916347e-08 1.2662792024409806e-08 1.3469207918459654e-08 
-1.2291073240339923e-08 -4.3251743445121304e-10 2.6472972379520479e-09 4.5296420887198066e-09 5.8794209654468728e-09 6.9376936246517820e-09 7.8381509815299591e-09 8.6659544854888069e-09 9.5059277467907412e-09 1.0656266461066976e-08 
-1.7507876628155912e-08 -3.8271038702436525e-09 -3.7951035264531003e-10 1.7627232727166598e-09 3.3783813143869994e-09 4.6436146999558779e-09 5.6954348941813299e-09 6.6525453925490787e-09 7.6219829466897645e-09 8.9494488555723134e-09 
-2.1663257478890306e-08 -6.4626856774395409e-09 -2.6561289721313452e-09 -3.9267930947449160e-10 1.3598925264246773e-09 2.8105844442757983e-09 4.0170847710055637e-09 5.0902176711015804e-09 6.1658135492980278e-09 7.6363175173191437e-09 
-2.5431629118619116e-08 -8.8167619241273967e-09 -4.5901861654225748e-09 -2.1402015985343908e-09 -3.5557732156700959e-10 1.1700933960478808e-09 2.5259974120952977e-09 3.7394837468205005e-09 4.9254155847715813e-09 6.5306446268333858e-09 
-2.9149657330630724e-08 -1.1115052148357050e-08 -6.4792350023736776e-09 -3.7566734318538670e-09 -1.8628431472502969e-09 -3.4340798248802632e-10 1.0677392461225818e-09 2.4374237093116482e-09 3.7742285424605652e-09 5.5249326485930335e-09 
-3.3052189064989974e-08 -1.3500020476881543e-08 -8.4602936508806705e-09 -5.4610423932205141e-09 -3.3544733533723166e-09 -1.7527579400497417e-09 -3.7830491711540802e-10 1.0390175003686554e-09 2.5809900959320654e-09 4.5351380970761018e-09 
-3.7501796559535627e-08 -1.6184534872007905e-08 -1.0687815371948310e-08 -7.4033077716074828e-09 -5.0572116222707832e-09 -3.2419141631261769e-09 -1.7919783212076411e-09 -4.9113601416535765e-10 1.1210671172580281e-09 3.4497792338018881e-09 
-4.4185453031016339e-08 -2.0044831042514232e-08 -1.3819937966719123e-08 -1.0098399589188341e-08 -7.4270580682676366e-09 -5.3118030972926031e-09 -3.5505919717209936e-09 -2.1078534685352872e-09 -7.8058350843396081e-10 1.9371901545021671e-09 
-5.8396943464004167e-08 -2.8085223448555116e-08 -2.0269018632195620e-08 -1.5596033069150956e-08 -1.2240534206645608e-08 -9.5727977402987033e-09 -7.2890176771914308e-09 -5.2135652384743871e-09 -3.3348581615913059e-09 -9.9394894499141120e-10 
