-9.0779155788474661e-10 1.2332791609028272e-09 1.7894261221051961e-09 2.1205849884415163e-09 2.3574986845695228e-09 2.5455667920314566e-09 2.7066686863144760e-09 2.8549677758744522e-09 3.0054642408600262e-09 3.2115701374539713e-09 
-3.6337568625892268e-09 -1.5094238943662920e-10 7.5340730382257972e-10 1.3066064170160504e-09 1.7032706962141365e-09 2.0141482511356776e-09 2.2786390005017975e-09 2.5217908245868259e-09 2.7685182741763810e-09 3.1064102309881928e-09 
-5.2091082772248287e-09 -1.1358107819132137e-09 -1.0940879208405943e-10 5.2884127971930517e-10 1.0101216581794085e-09 1.3866980697159568e-09 1.6997441679289533e-09 1.9846877487907139e-09 2.2733348477136078e-09 2.6685892861086663e-09 
-6.3068190771263468e-09 -1.8721641256550964e-09 -7.6213593909718605e-10 -1.0141225905320810e-10 4.1095012432740357e-10 8.3442898624098413e-10 1.1860441290340943e-09 1.4988771928300580e-09 1.8126371792183812e-09 2.2416696974507651e-09 
-7.1290087925509011e-09 -2.4603980019383804e-09 -1.2734373483344924e-09 -5.8561373754951406e-10 -8.3222466048567173e-11 3.4695792077873011e-10 7.2813547798106105e-10 1.0684499747634823e-09 1.4013408273736528e-09 1.8523668971789410e-09 
-7.7763827256713162e-09 -2.9541208121856240e-09 -1.7148304879541833e-09 -9.8761100074858974e-10 -4.8163497977343686e-10 -7.4113049239710814e-11 3.0496493927586327e-10 6.7110599808131925e-10 1.0275006086349632e-09 1.4953052121655616e-09 
-8.3026182697091264e-09 -3.3810684193287365e-09 -2.1125508565354047e-09 -1.3579010817238652e-09 -8.2841288015171086e-10 -4.2567744048789278e-10 -7.8122818661208537e-11 2.8091074809734970e-10 6.6827915313307626e-10 1.1587285123203152e-09 
-8.7540293576273220e-09 -3.7689475793079549e-09 -2.4835336858889071e-09 -1.7154947573178922e-09 -1.1671439398340303e-09 -7.4347976705930459e-10 -4.0511007898915914e-10 -9.8580781828422949e-11 2.8176384830768236e-10 8.2339069525516659e-10 
-9.3696673496121461e-09 -4.2428230831800310e-09 -2.9208169094101974e-09 -2.1304608053989524e-09 -1.5631666927613942e-09 -1.1141641426112792e-09 -7.4109762463239455e-10 -4.3622407358332703e-10 -1.5058908798609146e-10 4.2928244432687751e-10 
-1.0591949284631113e-08 -5.0817913461227655e-09 -3.6609377839814101e-09 -2.8114682182481435e-09 -2.2014956729468792e-09 -1.7165517705552581e-09 -1.3014740661507030e-09 -9.2493720473059086e-10 -5.8772853527422587e-10 -1.5892784402124296e-10 
