-3.9323436367249951e-10 4.3555296843097766e-10 6.5102133614163068e-10 7.7936419966923465e-10 8.7114799752553451e-10 9.4398804564288109e-10 1.0063792578932276e-09 1.0638117497685871e-09 1.1220952077390735e-09 1.2019147535476125e-09 
-1.6050140410854597e-09 -8.5275495970019859e-11 3.0892622364820885e-10 5.5046612363625934e-10 7.2385186982469540e-10 8.5963875542752952e-10 9.7508737165599745e-10 1.0812045374841243e-09 1.1888804740020788e-09 1.3363420040783763e-09 
-2.4391810359232829e-09 -5.4098928281367895e-10 -6.3094958205331901e-11 2.3386520668985940e-10 4.5828942171708626e-10 6.3405535614388694e-10 7.8003949325324596e-10 9.1283384225684689e-10 1.0473354256860026e-09 1.2315110462607639e-09 
-3.0705347162047519e-09 -9.1645163360015637e-10 -3.7713052062977769e-10 -5.6563082015699673e-11 1.9190214368625003e-10 3.9766039548880253e-10 5.6864013945492522e-10 7.2066595357537312e-10 8.7307166780099117e-10 1.0814532614587777e-09 
-3.5622356956064709e-09 -1.2321471344520862e-09 -6.3955231565122730e-10 -2.9618611787795476e-10 -4.5765079350446250e-11 1.6864705037243494e-10 3.5894640377507646e-10 5.2893990450639726e-10 6.9512967597525820e-10 9.2023372409734565e-10 
-3.9498685645137442e-09 -1.5017830331919667e-09 -8.7259084687460305e-10 -5.0330428796438626e-10 -2.4644407794547258e-10 -3.9766862214103203e-11 1.5253748853964105e-10 3.3849831753906347e-10 5.1951547707279683e-10 7.5701369520298761e-10 
-4.2502576550424676e-09 -1.7311306533640368e-09 -1.0818270783864742e-09 -6.9553388741468219e-10 -4.2448293269079324e-10 -2.1836966712206783e-10 -4.0565126598290709e-11 1.4321515963002162e-10 3.4156846839052790e-10 5.9259689010159774e-10 
-4.4734223689354236e-09 -1.9255751763420517e-09 -1.2686073317903463e-09 -8.7606696703665617e-10 -5.9581242856528842e-10 -3.7931093835757469e-10 -2.0644123232188599e-10 -4.9724145638272722e-11 1.4492195209837084e-10 4.2161320199856172e-10 
-4.7059215314976149e-09 -2.1299398908158837e-09 -1.4656982405680802e-09 -1.0685842043363134e-09 -7.8354999210949265e-10 -5.5797067546879995e-10 -3.7063514884729567e-10 -2.1769451981637151e-10 -7.3793059242888998e-11 2.1811545136281500e-10 
-4.9750709239324040e-09 -2.3835668179581421e-09 -1.7153196460727660e-09 -1.3158023084623640e-09 -1.0289238030068962e-09 -8.0084911460422175e-10 -6.0564933948851579e-10 -4.2873793676307573e-10 -2.7124009987613401e-10 -6.8955295527062935e-11 
