-1.2585785146385795e-09 1.9366487594360810e-09 2.7661927421544657e-09 3.2601163521628686e-09 3.6135377776650792e-09 3.8941235813923749e-09 4.1344838993129020e-09 4.3557433394224514e-09 4.5802812482758105e-09 4.8877874621779943e-09 
-5.1016353219029836e-09 -1.8941140814609352e-10 1.0865038401441892e-09 1.8665172939274962e-09 2.4256557241835520e-09 2.8639881162380997e-09 3.2369898420160188e-09 3.5799126163633728e-09 3.9278794492639219e-09 4.4044182862117589e-09 
-7.1842766688647370e-09 -1.5592586675016642e-09 -1.4147140906463148e-10 7.4021955714433053e-10 1.4046660775513954e-09 1.9244930763297214e-09 2.3567343650791441e-09 2.7502255696555784e-09 3.1488395986916302e-09 3.6946760882416076e-09 
-8.6294237861603735e-09 -2.5595270351813385e-09 -1.0401875948935270e-09 -1.3560340479544521e-10 5.6579558923846584e-10 1.1453260967805556e-09 1.6265226907203468e-09 2.0547053965170506e-09 2.4841694109771739e-09 3.0714121749851125e-09 
-9.7385556514234242e-09 -3.3612666943444074e-09 -1.7398915726024366e-09 -8.0025754218273658e-10 -1.1393886443903615e-10 4.7358814361729422e-10 9.9419013984816217e-10 1.4590889050908525e-09 1.9138543108148961e-09 2.5299599312597797e-09 
-1.0658126368982546e-08 -4.0503610123253997e-09 -2.3521837053845950e-09 -1.3556087923645872e-09 -6.6219111452032145e-10 -1.0390218774242354e-10 4.1524957441249565e-10 9.1691458542142810e-10 1.4054377757780159e-09 2.0465160352503602e-09 
-1.1470398964724177e-08 -4.6732770235990912e-09 -2.9213266580912054e-09 -1.8790279796344817e-09 -1.1475945461871479e-09 -5.9124925703878048e-10 -1.1155073907788730e-10 3.8374651069523006e-10 9.1887546503165961e-10 1.5965831570239726e-09 
-1.2257758451754647e-08 -5.2799859151863069e-09 -3.4807514276551166e-09 -2.4056910548824482e-09 -1.6380704234049826e-09 -1.0448164773656754e-09 -5.7097447491781808e-10 -1.4255962287218249e-10 3.8885388852407721e-10 1.1478012905610124e-09 
-1.3412661779287224e-08 -6.0764764468132443e-09 -4.1847703110336715e-09 -3.0538205965424656e-09 -2.2420491367677897e-09 -1.5994794339468630e-09 -1.0653049827944218e-09 -6.2844693788454395e-10 -2.2096845084087331e-10 6.0754794478896718e-10 
-1.5902911508201089e-08 -7.6361633172421254e-09 -5.5044931441742381e-09 -4.2300557281621060e-09 -3.3149294260017162e-09 -2.5873779505772802e-09 -1.9646109912193126e-09 -1.3993321435728133e-09 -8.9130227898715553e-10 -2.4947323389206783e-10 
