-3.5241630685791843e-09 8.0585439234051927e-09 1.1062209128126408e-08 1.2851151690387037e-08 1.4131586611275849e-08 1.5148223662903201e-08 1.6019119740601753e-08 1.6820807503037108e-08 1.7634374064342933e-08 1.8748559868396948e-08 
-1.7339081805415168e-08 -6.7961313046272430e-10 3.6452120382352532e-09 6.2899466227675615e-09 8.1874115173330300e-09 9.6747344063027675e-09 1.0939898703524279e-08 1.2102891883648457e-08 1.3282972020561179e-08 1.4899084519167797e-08 
-2.5367558392353907e-08 -5.5955733554926048e-09 -6.1497181233356708e-10 2.4781198326938700e-09 4.8135415243395848e-09 6.6436750653458130e-09 8.1644899360494527e-09 9.5478266836182652e-09 1.0948833072565899e-08 1.2867234486278360e-08 
-3.2178143462910746e-08 -9.6373926415360803e-09 -3.9913122295871729e-09 -6.3717008872080920e-10 1.9582153123009545e-09 4.1092268763045992e-09 5.8998057881929604e-09 7.4918708754162455e-09 9.0869113351771034e-09 1.1267392636899029e-08 
-3.8630676461881011e-08 -1.3421873099276441e-08 -7.0072549518854644e-09 -3.2887190617806119e-09 -5.8399432947281735e-10 1.7271275536885194e-09 3.7846281747713919e-09 5.6273905267860588e-09 7.4273830041188952e-09 9.8629465745204084e-09 
-4.5131391663536849e-08 -1.7229791858374585e-08 -1.0057026862789345e-08 -5.8434101464722979e-09 -2.9131070024789436e-09 -5.6484495508316126e-10 1.6158858768798290e-09 3.7348512120008312e-09 5.8048267774525809e-09 8.5140056042699819e-09 
-5.2116437495873574e-08 -2.1306121088264682e-08 -1.3364424095180637e-08 -8.6376784273976771e-09 -5.3167911883220421e-09 -2.7915816489166896e-09 -6.2835859585240273e-10 1.5993653460696697e-09 4.0313464626485621e-09 7.1135839947121766e-09 
-6.0301012194813907e-08 -2.6035499302417329e-08 -1.7200027054781463e-08 -1.1920396116575656e-08 -8.1487155305089432e-09 -5.2292718298198369e-09 -2.8985226168801921e-09 -8.1325523557308791e-10 1.7781265665691964e-09 5.5246749039175708e-09 
-7.1474406165172575e-08 -3.2426475745659307e-08 -2.2357588730027295e-08 -1.6337925022124530e-08 -1.2016957840824133e-08 -8.5954277667863237e-09 -5.7467844115075762e-09 -3.4135122334123549e-09 -1.2631109427944453e-09 3.1279601370288047e-09 
-9.6704728310788165e-08 -4.6520391370272073e-08 -3.3579817126524029e-08 -2.5843183031780333e-08 -2.0287790738178687e-08 -1.5871058365853927e-08 -1.2089915224478374e-08 -8.6525187860115737e-09 -5.5344041672740805e-09 -1.6718391523578651e-09 
