2.545553824009e-09 1.191190113275e-11 1.382354740321e-11 1.497974772436e-11 1.580957484235e-11 1.646927803058e-11 1.703460382022e-11 1.755502698719e-11 1.808316365627e-11 1.880618192904e-11 
1.191190113275e-11 2.562120603584e-09 2.965008890757e-11 3.346289958762e-11 3.620061657347e-11 3.837314870582e-11 4.023495861787e-11 4.194904566757e-11 4.368855852464e-11 4.607016379655e-11 
1.382354740321e-11 2.965008890757e-11 2.577821327304e-09 4.605969581625e-11 5.097208032884e-11 5.485436379025e-11 5.817556169674e-11 6.123338615738e-11 6.433680725386e-11 6.858599562053e-11 
1.497974772436e-11 3.346289958762e-11 4.605969581625e-11 2.594161632647e-09 6.313302533805e-11 6.907012879130e-11 7.412143279813e-11 7.876332032089e-11 8.347460716689e-11 8.992597853464e-11 
1.580957484235e-11 3.620061657347e-11 5.097208032884e-11 6.313302533805e-11 2.611772774713e-09 8.171266109769e-11 8.888691824528e-11 9.543917967074e-11 1.020795660093e-10 1.111751039853e-10 
1.646927803058e-11 3.837314870582e-11 5.485436379025e-11 6.907012879130e-11 8.171266109769e-11 2.631286404297e-09 1.025209450525e-10 1.113668754281e-10 1.202686172726e-10 1.324573644520e-10 
1.703460382022e-11 4.023495861787e-11 5.817556169674e-11 7.412143279813e-11 8.888691824528e-11 1.025209450525e-10 2.653549531876e-09 1.267616866492e-10 1.383903690636e-10 1.541929157609e-10 
1.755502698719e-11 4.194904566757e-11 6.123338615738e-11 7.876332032089e-11 9.543917967074e-11 1.113668754281e-10 1.267616866492e-10 2.680422846972e-09 1.572776020409e-10 1.774617498705e-10 
1.808316365627e-11 4.368855852464e-11 6.433680725386e-11 8.347460716689e-11 1.020795660093e-10 1.202686172726e-10 1.383903690636e-10 1.572776020409e-10 2.716583658100e-09 2.049478899556e-10 
1.880618192904e-11 4.607016379655e-11 6.858599562053e-11 8.992597853464e-11 1.111751039853e-10 1.324573644520e-10 1.541929157609e-10 1.774617498705e-10 2.049478899556e-10 2.786703101024e-09 
