2.872922368079e-09 4.941434952097e-10 5.532076531533e-10 5.888554019537e-10 6.144394699478e-10 6.347785047273e-10 6.522078312268e-10 6.682527892538e-10 6.845355805855e-10 7.068323508268e-10 
4.941434952097e-10 3.382303581900e-09 1.011760429541e-09 1.117910670611e-09 1.194085068733e-09 1.254519359138e-09 1.306310218108e-09 1.353992383333e-09 1.402381986146e-09 1.468646049112e-09 
5.532076531533e-10 1.011760429541e-09 3.814724947762e-09 1.459433491647e-09 1.593494878231e-09 1.699341967990e-09 1.789859386565e-09 1.873197949769e-09 1.957780828573e-09 2.073610584629e-09 
5.888554019537e-10 1.117910670611e-09 1.459433491647e-09 4.260895601231e-09 1.927514534383e-09 2.090991195407e-09 2.229870333174e-09 2.357419952327e-09 2.486875992050e-09 2.664177159742e-09 
6.144394699478e-10 1.194085068733e-09 1.593494878231e-09 1.927514534383e-09 4.749744505930e-09 2.447650858182e-09 2.648839027621e-09 2.832154895156e-09 3.017812486226e-09 3.272178121429e-09 
6.347785047273e-10 1.254519359138e-09 1.699341967990e-09 2.090991195407e-09 2.447650858182e-09 5.303369194363e-09 3.043714658171e-09 3.296806564652e-09 3.550518657878e-09 3.897886039616e-09 
6.522078312268e-10 1.306310218108e-09 1.789859386565e-09 2.229870333174e-09 2.648839027621e-09 3.043714658171e-09 5.951085552683e-09 3.757478098196e-09 4.097250892141e-09 4.556768558949e-09 
6.682527892538e-10 1.353992383333e-09 1.873197949769e-09 2.357419952327e-09 2.832154895156e-09 3.296806564652e-09 3.757478098196e-09 6.760618133201e-09 4.690101719053e-09 5.291170121266e-09 
6.845355805855e-10 1.402381986146e-09 1.957780828573e-09 2.486875992050e-09 3.017812486226e-09 3.550518657878e-09 4.097250892141e-09 4.690101719053e-09 7.907976864466e-09 6.213802381944e-09 
7.068323508268e-10 1.468646049112e-09 2.073610584629e-09 2.664177159742e-09 3.272178121429e-09 3.897886039616e-09 4.556768558949e-09 5.291170121266e-09 6.213802381944e-09 1.031017824128e-08 
