2.591667614345e-09 8.260251085918e-11 9.343612221087e-11 9.996601459955e-11 1.046534658617e-10 1.083800878608e-10 1.115735418025e-10 1.145133396730e-10 1.174967091310e-10 1.215807304235e-10 
8.260251085918e-11 2.685146267908e-09 1.764035692470e-10 1.950324329693e-10 2.084090334603e-10 2.190288652742e-10 2.281295986869e-10 2.365080499021e-10 2.450107600957e-10 2.566515826098e-10 
9.343612221087e-11 1.764035692470e-10 2.760077190418e-09 2.521052869034e-10 2.743394545941e-10 2.919286305237e-10 3.069793958644e-10 3.208361020757e-10 3.348992485248e-10 3.541538345533e-10 
9.996601459955e-11 1.950324329693e-10 2.521052869034e-10 2.832544553971e-09 3.261877608258e-10 3.517745323699e-10 3.735598168155e-10 3.935813782597e-10 4.139017960664e-10 4.417266287148e-10 
1.046534658617e-10 2.084090334603e-10 2.743394545941e-10 3.261877608258e-10 2.907192267529e-09 4.037997649478e-10 4.337102730193e-10 4.610336400334e-10 4.887225266402e-10 5.266479845860e-10 
1.083800878608e-10 2.190288652742e-10 2.919286305237e-10 3.517745323699e-10 4.037997649478e-10 2.987609279393e-09 4.887883370602e-10 5.249024506285e-10 5.612212506136e-10 6.109449673686e-10 
1.115735418025e-10 2.281295986869e-10 3.069793958644e-10 3.735598168155e-10 4.337102730193e-10 4.887883370602e-10 3.077946833062e-09 5.867039249753e-10 6.335777265492e-10 6.971724698665e-10 
1.145133396730e-10 2.365080499021e-10 3.208361020757e-10 3.935813782597e-10 4.610336400334e-10 5.249024506285e-10 5.867039249753e-10 3.186430017013e-09 7.097410400203e-10 7.902995554906e-10 
1.174967091310e-10 2.450107600957e-10 3.348992485248e-10 4.139017960664e-10 4.887225266402e-10 5.612212506136e-10 6.335777265492e-10 7.097410400203e-10 3.333428821790e-09 9.027979362998e-10 
1.215807304235e-10 2.566515826098e-10 3.541538345533e-10 4.417266287148e-10 5.266479845860e-10 6.109449673686e-10 6.971724698665e-10 7.902995554906e-10 9.027979362998e-10 3.625337109413e-09 
