5.662052101970e-10 1.454247197157e-09 2.003574831206e-09 2.363840512855e-09 2.625261668200e-09 2.833128848157e-09 3.011217219594e-09 3.175155130850e-09 3.341522705731e-09 3.569311341252e-09 
4.729502620883e-11 3.864488534403e-10 9.265126808992e-10 1.442170608907e-09 1.860014051352e-09 2.196564663116e-09 2.484165312904e-09 2.748684421405e-09 3.017101084938e-09 3.384644983700e-09 
2.919967121940e-12 6.094438271065e-11 2.827338604648e-10 6.744501919372e-10 1.113182397892e-09 1.503813471953e-09 1.839975609495e-09 2.147838141397e-09 2.459883749631e-09 2.887143183940e-09 
-1.256565495997e-13 1.101739980100e-12 3.945779827680e-11 2.087668071181e-10 5.340748027720e-10 9.182872758283e-10 1.281554092645e-09 1.616703560284e-09 1.954789770244e-09 2.417220934694e-09 
-5.312698680558e-14 -1.646154360157e-12 -4.480388642611e-12 2.774110488421e-11 1.717199859177e-10 4.501046320771e-10 7.985680910679e-10 1.152134587291e-09 1.509341291974e-09 1.995023281816e-09 
-4.973387965660e-15 -3.108074176002e-13 -2.690356669624e-12 -5.275801097251e-12 2.082982543561e-11 1.389735528130e-10 3.893412827167e-10 7.318360416347e-10 1.106967881663e-09 1.610363684829e-09 
-1.919804173543e-16 -2.462916553636e-14 -4.390258459431e-13 -2.866341003319e-12 -7.545568951871e-12 5.181687181047e-12 9.982617451585e-11 3.467051211213e-10 7.244966231155e-10 1.249823910980e-09 
-2.961644392773e-18 -8.663826591067e-16 -3.121464588490e-14 -4.233577698512e-13 -2.979180046965e-12 -1.150153117730e-11 -1.746054391267e-11 4.989731231236e-11 3.318210325677e-10 8.915725969113e-10 
-1.216528924943e-20 -8.578308965852e-18 -6.360080624637e-16 -1.697200873833e-14 -2.441689849336e-13 -2.227024476296e-12 -1.331465902578e-11 -4.598884119779e-11 -2.284911810084e-11 4.760584569601e-10 
-2.408864930211e-24 -4.610409320150e-21 -8.164946746200e-19 -4.927524220024e-17 -1.590214298226e-15 -3.407300230102e-14 -5.397870550145e-13 -6.504962514543e-12 -5.348859167523e-11 -6.138450818240e-12 
