3.586030159438e-10 9.411923887526e-10 1.309128643939e-09 1.551627604091e-09 1.727730468253e-09 1.867759776299e-09 1.987726640065e-09 2.098160976726e-09 2.210232093672e-09 2.363703793331e-09 
3.220675706960e-11 2.670982662328e-10 6.464900141516e-10 1.011832118434e-09 1.308863023458e-09 1.548248242756e-09 1.752801149347e-09 1.940930688716e-09 2.131831564646e-09 2.393257921724e-09 
2.031371874506e-12 4.306733274985e-11 2.020401206318e-10 4.854040996515e-10 8.045218796667e-10 1.089279952464e-09 1.334388742098e-09 1.558847001048e-09 1.786349375928e-09 2.097871648131e-09 
-9.462830837759e-14 7.080956872475e-13 2.836174570427e-11 1.521002535866e-10 3.914947324069e-10 6.750906841689e-10 9.434874285747e-10 1.191159336496e-09 1.440986310661e-09 1.782711486399e-09 
-3.910565637137e-14 -1.221045773978e-12 -3.387139571024e-12 2.029891595074e-11 1.269063078223e-10 3.335147406666e-10 5.926163318891e-10 8.557010019889e-10 1.121454688877e-09 1.482798853266e-09 
-3.680796365756e-15 -2.307154569585e-13 -2.001521928027e-12 -3.951126463231e-12 1.537002876952e-11 1.033066691121e-10 2.902189738798e-10 5.458828853023e-10 8.256798524516e-10 1.201163909929e-09 
-1.425969018723e-16 -1.832676597118e-14 -3.274278404387e-13 -2.143097933986e-12 -5.649739374268e-12 3.924198043944e-12 7.481298181322e-11 2.588690215326e-10 5.399071887375e-10 9.305625050195e-10 
-2.208630558514e-18 -6.473372870886e-16 -2.332504515715e-14 -3.158564209006e-13 -2.215834871991e-12 -8.517707216286e-12 -1.283678283836e-11 3.729068979084e-11 2.465693579300e-10 6.604603810709e-10 
-9.081513456494e-21 -6.388373381357e-18 -4.725860304314e-16 -1.259101854038e-14 -1.809623389727e-13 -1.649151830205e-12 -9.837899902359e-12 -3.367623527393e-11 -1.504370108314e-11 3.492259528607e-10 
-1.784796833950e-24 -3.414252397964e-21 -6.040866507284e-19 -3.639283862696e-17 -1.171061211879e-15 -2.497948069909e-14 -3.931145220552e-13 -4.695237662387e-12 -3.824424783723e-11 -2.733317351441e-12 
