8.909187210213e-08 2.103678408045e-07 2.809850188048e-07 3.268925867789e-07 3.601752834486e-07 3.866398479916e-07 4.093134770965e-07 4.301855512121e-07 4.513669631464e-07 4.803679666335e-07 
5.696845525238e-09 4.548783250006e-08 1.082398327197e-07 1.681566796980e-07 2.167677128526e-07 2.559357687109e-07 2.894063663097e-07 3.201900910749e-07 3.514273173146e-07 3.942005543144e-07 
3.373139368536e-10 7.032049353581e-09 3.275286212411e-08 7.847116457591e-08 1.299132810092e-07 1.758128778747e-07 2.153241972157e-07 2.515065015071e-07 2.881794963515e-07 3.383928292288e-07 
-1.510699337612e-11 1.161614499046e-10 4.574289894779e-09 2.449504445469e-08 6.303157016415e-08 1.087100491962e-07 1.519468962491e-07 1.918426623913e-07 2.320856498713e-07 2.871289007517e-07 
-6.292249594866e-12 -1.964371237421e-10 -5.458258735183e-10 3.262361880400e-09 2.043821739529e-08 5.374958095205e-08 9.550911708155e-08 1.379045168052e-07 1.807311182085e-07 2.389593668790e-07 
-5.924707285021e-13 -3.718041738967e-11 -3.228532972361e-10 -6.371426902633e-10 2.482860597423e-09 1.665708919448e-08 4.676026186556e-08 8.794585214394e-08 1.330134612900e-07 1.934860337021e-07 
-2.299358805406e-14 -2.955000811102e-12 -5.275287271927e-11 -3.450034186219e-10 -9.096000948690e-10 6.288909467032e-10 1.205198834025e-08 4.172164994366e-08 8.694781672119e-08 1.497767448207e-07 
-3.558321403216e-16 -1.042326878717e-13 -3.756455176174e-12 -5.088958960829e-11 -3.569930248063e-10 -1.369527874172e-09 -2.042429809595e-09 6.061171681401e-09 3.962459234944e-08 1.058954041894e-07 
-1.463068574579e-18 -1.029354463616e-15 -7.609494254057e-14 -2.024320762880e-12 -2.903243209506e-11 -2.639354576990e-10 -1.571158656505e-09 -5.371269678652e-09 -2.342874586892e-09 5.577888733377e-08 
-2.859551737733e-22 -5.462351310953e-19 -9.655227047340e-17 -5.813409904504e-15 -1.870095177548e-13 -3.987853286088e-12 -6.270059468281e-11 -7.463029106752e-10 -6.014961492602e-09 -1.720731370690e-10 
