3.143669603565e-07 1.065003602207e-07 1.965308928733e-08 2.468708738485e-09 2.217331959314e-10 1.311283703117e-11 4.386713933138e-13 6.280549794463e-15 2.104820977193e-17 2.637937253919e-21 
1.065003602207e-07 2.711640227910e-07 1.357436193130e-07 4.032074784877e-08 7.532391080232e-09 8.916293515610e-10 6.049360941393e-11 1.830775044606e-12 1.394672373343e-14 4.628216817892e-18 
1.965308928733e-08 1.357436193130e-07 2.242337909941e-07 1.265447560786e-07 4.584951447570e-08 9.868340961110e-09 1.190330446430e-09 6.544508736494e-11 9.738720740974e-13 7.523650999671e-16 
2.468708738485e-09 4.032074784877e-08 1.265447560786e-07 1.926320522162e-07 1.125025496886e-07 4.359083113568e-08 9.199161628395e-09 8.867553807029e-10 2.441273118215e-11 4.161074196695e-14 
2.217331959314e-10 7.532391080232e-09 4.584951447570e-08 1.125025496886e-07 1.699138947734e-07 9.889034195518e-08 3.712494144506e-08 6.389597372655e-09 3.275877853889e-10 1.226285409425e-12 
1.311283703117e-11 8.916293515610e-10 9.868340961110e-09 4.359083113568e-08 9.889034195518e-08 1.529505030687e-07 8.547458652636e-08 2.743584389731e-08 2.757283339137e-09 2.381200533174e-11 
4.386713933138e-13 6.049360941393e-11 1.190330446430e-09 9.199161628395e-09 3.712494144506e-08 8.547458652636e-08 1.388189873347e-07 7.046920195208e-08 1.515191057754e-08 3.368516973330e-10 
6.280549794463e-15 1.830775044606e-12 6.544508736494e-11 8.867553807029e-10 6.389597372655e-09 2.743584389731e-08 7.046920195208e-08 1.254466876571e-07 5.129481429086e-08 3.547180414246e-09 
2.104820977193e-17 1.394672373343e-14 9.738720740974e-13 2.441273118215e-11 3.275877853889e-10 2.757283339137e-09 1.515191057754e-08 5.129481429086e-08 1.116848640443e-07 2.562388584014e-08 
2.637937253919e-21 4.628216817892e-18 7.523650999671e-16 4.161074196695e-14 1.226285409425e-12 2.381200533174e-11 3.368516973330e-10 3.547180414246e-09 2.562388584014e-08 8.292059746943e-08 
