1.941102066277e-06 8.107579124967e-07 1.645839116281e-07 2.277368223733e-08 2.182359482148e-09 1.332496558900e-10 4.550515967902e-12 6.733171395389e-14 2.395049968615e-16 3.254620919818e-20 
8.107579124967e-07 2.026225161797e-06 1.221628328552e-06 3.898586172430e-07 7.578901863818e-08 9.167542045151e-09 6.364601700178e-10 2.003753548822e-11 1.619720298873e-13 5.765256472789e-17 
1.645839116281e-07 1.221628328552e-06 1.907799762690e-06 1.262985771053e-06 4.680045668901e-07 1.025818454961e-07 1.271796108937e-08 7.304170546426e-10 1.150925074746e-11 9.443023665431e-15 
2.277368223733e-08 3.898586172430e-07 1.262985771053e-06 1.702082004713e-06 1.162819231341e-06 4.596090227417e-07 1.001218181339e-07 1.009462374561e-08 2.931360636471e-10 5.254469627677e-13 
2.182359482148e-09 7.578901863818e-08 4.680045668901e-07 1.162819231341e-06 1.516444942704e-06 1.063950802444e-06 4.134316545193e-07 7.430352577142e-08 3.993956525035e-09 1.556045349694e-11 
1.332496558900e-10 9.167542045151e-09 1.025818454961e-07 4.596090227417e-07 1.063950802444e-06 1.407833853172e-06 9.784259463946e-07 3.265645664051e-07 3.412614240342e-08 3.032825094509e-10 
4.550515967902e-12 6.364601700178e-10 1.271796108937e-08 1.001218181339e-07 4.134316545193e-07 9.784259463946e-07 1.334399265484e-06 8.596263743753e-07 1.902249067920e-07 4.300498907779e-09 
6.733171395389e-14 2.003753548822e-11 7.304170546426e-10 1.009462374561e-08 7.430352577142e-08 3.265645664051e-07 8.596263743753e-07 1.242302038383e-06 6.514612260413e-07 4.526803364135e-08 
2.395049968615e-16 1.619720298873e-13 1.150925074746e-11 2.931360636471e-10 3.993956525035e-09 3.412614240342e-08 1.902249067920e-07 6.514612260413e-07 1.093730249484e-06 3.240664648169e-07 
3.254620919818e-20 5.765256472789e-17 9.443023665431e-15 5.254469627677e-13 1.556045349694e-11 3.032825094509e-10 4.300498907779e-09 4.526803364135e-08 3.240664648169e-07 6.950240959950e-07 
