9.652380493741e-08 3.030086081397e-08 5.915970471186e-09 7.634727056491e-10 6.930312576213e-11 4.101345885568e-12 1.360313118593e-13 1.902720349746e-15 6.113423086294e-18 7.113702221392e-22 
3.030086081397e-08 1.007621305050e-07 4.175087142170e-08 1.257166845983e-08 2.357165759273e-09 2.777985530441e-10 1.857854613530e-11 5.464200654031e-13 3.991923402995e-15 1.229343837124e-18 
5.915970471186e-09 4.175087142170e-08 8.924961379852e-08 3.959463061982e-08 1.432263097066e-08 3.055679999007e-09 3.615276791435e-10 1.926728563584e-11 2.749317650666e-13 1.969191194139e-16 
7.634727056491e-10 1.257166845983e-08 3.959463061982e-08 7.960544604324e-08 3.495793295305e-08 1.336709407176e-08 2.756873245656e-09 2.574821976538e-10 6.792874605273e-12 1.072988625243e-14 
6.930312576213e-11 2.357165759273e-09 1.432263097066e-08 3.495793295305e-08 7.178259123153e-08 2.988350683300e-08 1.094663784867e-08 1.826785046992e-09 8.965737538711e-11 3.113869632221e-13 
4.101345885568e-12 2.777985530441e-10 3.055679999007e-09 1.336709407176e-08 2.988350683300e-08 6.516526724388e-08 2.472182420703e-08 7.695935759891e-09 7.394299696162e-10 5.946842307258e-12 
1.360313118593e-13 1.857854613530e-11 3.615276791435e-10 2.756873245656e-09 1.094663784867e-08 2.472182420703e-08 5.944991074385e-08 1.927453576000e-08 3.958179465663e-09 8.249304263680e-11 
1.902720349746e-15 5.464200654031e-13 1.926728563584e-11 2.574821976538e-10 1.826785046992e-09 7.695935759891e-09 1.927453576000e-08 5.389895095969e-08 1.295661853359e-08 8.456497565833e-10 
6.113423086294e-18 3.991923402995e-15 2.749317650666e-13 6.792874605273e-12 8.965737538711e-11 7.394299696162e-10 3.958179465663e-09 1.295661853359e-08 4.839580333671e-08 5.837312613813e-09 
7.113702221392e-22 1.229343837124e-18 1.969191194139e-16 1.072988625243e-14 3.113869632221e-13 5.946842307258e-12 8.249304263680e-11 8.456497565833e-10 5.837312613813e-09 3.969476800691e-08 
