2.542804513812e-09 7.372810219028e-12 8.592555190852e-12 9.330908387385e-12 9.860784272742e-12 1.028201416329e-11 1.064297804045e-11 1.097526575175e-11 1.131247242173e-11 1.177422154475e-11 
7.372810219028e-12 2.553383945220e-09 1.884443395997e-11 2.135357716822e-11 2.315486323380e-11 2.458392884497e-11 2.580859314346e-11 2.693608154696e-11 2.808027520965e-11 2.964709271991e-11 
8.592555190852e-12 1.884443395997e-11 2.563773841683e-09 2.980414453075e-11 3.310522444126e-11 3.571245881586e-11 3.794244066661e-11 3.999557300862e-11 4.207930317834e-11 4.493274802944e-11 
9.330908387385e-12 2.135357716822e-11 2.980414453075e-11 2.574827492342e-09 4.144054196286e-11 4.549865802761e-11 4.894904797501e-11 5.211919864571e-11 5.533672764940e-11 5.974320001603e-11 
9.860784272742e-12 2.315486323380e-11 3.310522444126e-11 4.144054196286e-11 2.586949076584e-09 5.431080738843e-11 5.928597704339e-11 6.382696713115e-11 6.842842618329e-11 7.473201669838e-11 
1.028201416329e-11 2.458392884497e-11 3.571245881586e-11 4.549865802761e-11 5.431080738843e-11 2.600569828065e-09 6.891302117566e-11 7.512137980778e-11 8.136498526010e-11 8.991489222412e-11 
1.064297804045e-11 2.580859314346e-11 3.794244066661e-11 4.894904797501e-11 5.928597704339e-11 6.891302117566e-11 2.616291907212e-09 8.610981740302e-11 9.435205730050e-11 1.055493608676e-10 
1.097526575175e-11 2.693608154696e-11 3.999557300862e-11 5.211919864571e-11 6.382696713115e-11 7.512137980778e-11 8.610981740302e-11 2.635461778099e-09 1.079626207016e-10 1.223949017894e-10 
1.131247242173e-11 2.808027520965e-11 4.207930317834e-11 5.533672764940e-11 6.842842618329e-11 8.136498526010e-11 9.435205730050e-11 1.079626207016e-10 2.661499131760e-09 1.423993239516e-10 
1.177422154475e-11 2.964709271991e-11 4.493274802944e-11 5.974320001603e-11 7.473201669838e-11 8.991489222412e-11 1.055493608676e-10 1.223949017894e-10 1.423993239516e-10 2.712424746592e-09 
