2.554867944590e-09 2.684388049197e-11 3.086369354578e-11 3.329095091937e-11 3.503319257782e-11 3.641826334405e-11 3.760515633106e-11 3.869775593532e-11 3.980652948948e-11 4.132480433007e-11 
2.684388049197e-11 2.589649056662e-09 6.312002620656e-11 7.065361475307e-11 7.606352640852e-11 8.035780431198e-11 8.403779602154e-11 8.742569000825e-11 9.086376827810e-11 9.557172748743e-11 
3.086369354578e-11 6.312002620656e-11 2.620347048753e-09 9.467671213934e-11 1.040259074117e-10 1.114200770025e-10 1.177468771696e-10 1.235717365482e-10 1.294832744635e-10 1.375784390223e-10 
3.329095091937e-11 7.065361475307e-11 9.467671213934e-11 2.651109644898e-09 1.264300375127e-10 1.374239245786e-10 1.467842066856e-10 1.553871384257e-10 1.641183947194e-10 1.760757768814e-10 
3.503319257782e-11 7.606352640852e-11 1.040259074117e-10 1.264300375127e-10 2.683385337137e-09 1.601590431694e-10 1.731615866823e-10 1.850439779129e-10 1.970870920217e-10 2.135840823459e-10 
3.641826334405e-11 8.035780431198e-11 1.114200770025e-10 1.374239245786e-10 1.601590431694e-10 2.718439651233e-09 1.972668940680e-10 2.130376847235e-10 2.289144898647e-10 2.506550535289e-10 
3.760515633106e-11 8.403779602154e-11 1.177468771696e-10 1.467842066856e-10 1.731615866823e-10 1.972668940680e-10 2.757838125836e-09 2.399274920871e-10 2.603973011874e-10 2.882168922014e-10 
3.869775593532e-11 8.742569000825e-11 1.235717365482e-10 1.553871384257e-10 1.850439779129e-10 2.130376847235e-10 2.399274920871e-10 2.804860695739e-09 2.930915076702e-10 3.282348070283e-10 
3.980652948948e-11 9.086376827810e-11 1.294832744635e-10 1.641183947194e-10 1.970870920217e-10 2.289144898647e-10 2.603973011874e-10 2.930915076702e-10 2.867620159845e-09 3.755028697877e-10 
4.132480433007e-11 9.557172748743e-11 1.375784390223e-10 1.760757768814e-10 2.135840823459e-10 2.506550535289e-10 2.882168922014e-10 3.282348070283e-10 3.755028697877e-10 2.988872763197e-09 
