7.7691187519241289e-08 3.7268191426941337e-08 2.7503726259887176e-08 2.1668263706842384e-08 1.7478209763492870e-08 1.4149195608070405e-08 1.1303106193463165e-08 8.6976926944593598e-09 6.0886866090281083e-09 2.6237617888944251e-09 
3.7268191426941337e-08 2.1206417483305236e-08 1.3873102617452498e-08 1.1007571087487941e-08 8.9504458254010115e-09 7.3160992149242575e-09 5.9185784907659243e-09 4.6388821132436354e-09 3.3571784728501155e-09 1.6582085667486624e-09 
2.7503726259887176e-08 1.3873102617452498e-08 1.2897480508524588e-08 8.2588507881376743e-09 6.7513547137329602e-09 5.5537006409594041e-09 4.5294716162100469e-09 3.5914137252755244e-09 2.6517554027693653e-09 1.4078630745686157e-09 
2.1668263706842384e-08 1.1007571087487941e-08 8.2588507881376743e-09 9.1546314457729622e-09 5.4371599397419875e-09 4.5004621124080846e-09 3.6992956583726900e-09 2.9653981590693277e-09 2.2301494326402963e-09 1.2582144365436782e-09 
1.7478209763492870e-08 8.9504458254010115e-09 6.7513547137329602e-09 5.4371599397419875e-09 7.0326383906337493e-09 3.7449369729628990e-09 3.1039615276008454e-09 2.5166611686994234e-09 1.9282047228380078e-09 1.1515837006015787e-09 
1.4149195608070405e-08 7.3160992149242575e-09 5.5537006409594041e-09 4.5004621124080846e-09 3.7449369729628990e-09 5.6832173307302148e-09 2.6311084133117551e-09 2.1602648762278789e-09 1.6883936598076091e-09 1.0669360949842063e-09 
1.1303106193463165e-08 5.9185784907659243e-09 4.5294716162100469e-09 3.6992956583726900e-09 3.1039615276008454e-09 2.6311084133117551e-09 4.7649114854355959e-09 1.8552533085596902e-09 1.4829678818819086e-09 9.9403710609412569e-10 
8.6976926944593598e-09 4.6388821132436354e-09 3.5914137252755244e-09 2.9653981590693277e-09 2.5166611686994234e-09 2.1602648762278789e-09 1.8552533085596902e-09 4.1140398919866216e-09 1.2946618427096064e-09 9.2663936970194842e-10 
6.0886866090281083e-09 3.3571784728501155e-09 2.6517554027693653e-09 2.2301494326402963e-09 1.9282047228380078e-09 1.6883936598076091e-09 1.4829678818819086e-09 1.2946618427096064e-09 3.6447760152409652e-09 8.5939435178464218e-10 
2.6237617888944251e-09 1.6582085667486624e-09 1.4078630745686157e-09 1.2582144365436782e-09 1.1515837006015787e-09 1.0669360949842063e-09 9.9403710609412569e-10 9.2663936970194842e-10 8.5939435178464218e-10 3.3163256937031638e-09 
