1.6199747893912315e-06 8.0223260399433465e-07 5.9209946583687923e-07 4.6651451887899663e-07 3.7635321791457972e-07 3.0473746139623388e-07 2.4353834542549033e-07 1.8757223471020275e-07 1.3164761903960568e-07 5.7402579249509916e-08 
8.0223260399433465e-07 4.0340857327263671e-07 2.9739820143428003e-07 2.3555724967878420e-07 1.9116557823103717e-07 1.5590384102639333e-07 1.2576395770385353e-07 9.8191775931917548e-08 7.0633218094830372e-08 3.4122830618696753e-08 
5.9209946583687923e-07 2.9739820143428003e-07 2.2395578061441718e-07 1.7600568311518032e-07 1.4340987380689529e-07 1.1751733675417609e-07 9.5382322926457907e-08 7.5128167540009120e-08 5.4880415900397197e-08 2.8095265407662055e-08 
4.6651451887899663e-07 2.3555724967878420e-07 1.7600568311518032e-07 1.4295201930268941e-07 1.1486788972222149e-07 9.4574366939150521e-08 7.7222910024667671e-08 6.1342067632321688e-08 4.5463418013128901e-08 2.4490257304980134e-08 
3.7635321791457972e-07 1.9116557823103717e-07 1.4340987380689529e-07 1.1486788972222149e-07 9.6924092191464470e-08 7.8113405462447901e-08 6.4196530678566212e-08 5.1455328688003092e-08 3.8713580260733354e-08 2.1913531936625107e-08 
3.0473746139623388e-07 1.5590384102639333e-07 1.1751733675417609e-07 9.4574366939150521e-08 7.8113405462447901e-08 6.7575055259474709e-08 5.3849054872042361e-08 4.3601246268349931e-08 3.3350095256067521e-08 1.9864196445744267e-08 
2.4353834542549033e-07 1.2576395770385353e-07 9.5382322926457907e-08 7.7222910024667671e-08 6.4196530678566212e-08 5.3849054872042361e-08 4.7533991107425868e-08 3.6880485043149886e-08 2.8755616744311928e-08 1.8098678578653035e-08 
1.8757223471020275e-07 9.8191775931917548e-08 7.5128167540009120e-08 6.1342067632321688e-08 5.1455328688003092e-08 4.3601246268349931e-08 3.6880485043149886e-08 3.3259950307282978e-08 2.4546048462735061e-08 1.6466119354473384e-08 
1.3164761903960568e-07 7.0633218094830372e-08 5.4880415900397197e-08 4.5463418013128901e-08 3.8713580260733354e-08 3.3350095256067521e-08 2.8755616744311928e-08 2.4546048462735061e-08 2.2881365081478421e-08 1.4838503970565050e-08 
5.7402579249509916e-08 3.4122830618696753e-08 2.8095265407662055e-08 2.4490257304980134e-08 2.1913531936625107e-08 1.9864196445744267e-08 1.8098678578653035e-08 1.6466119354473384e-08 1.4838503970565050e-08 1.5399201673922877e-08 
