2.771747952258e-09 3.433850889416e-10 3.835633365169e-10 4.077968761467e-10 4.251900011129e-10 4.390172397505e-10 4.508660861856e-10 4.617736035800e-10 4.728425877033e-10 4.879994323781e-10 
3.433850889416e-10 3.118000604690e-09 6.905665615516e-10 7.605873059375e-10 8.108432971959e-10 8.507188112551e-10 8.848896369512e-10 9.163488261227e-10 9.482741444408e-10 9.919910226966e-10 
3.835633365169e-10 6.905665615516e-10 3.401746500220e-09 9.821693240084e-10 1.069076844843e-09 1.137697431523e-09 1.196375099428e-09 1.250397253765e-09 1.305225235066e-09 1.380305905854e-09 
4.077968761467e-10 7.605873059375e-10 9.821693240084e-10 3.689447778112e-09 1.281972725071e-09 1.386313854662e-09 1.474937754692e-09 1.556323947136e-09 1.638927423474e-09 1.752057533154e-09 
4.251900011129e-10 8.108432971959e-10 1.069076844843e-09 1.281972725071e-09 3.999968118678e-09 1.610968242686e-09 1.738210250870e-09 1.854107556249e-09 1.971486882240e-09 2.132305974348e-09 
4.390172397505e-10 8.507188112551e-10 1.137697431523e-09 1.386313854662e-09 1.610968242686e-09 4.349738008095e-09 1.987788154230e-09 2.148026426666e-09 2.308665467850e-09 2.528618200271e-09 
4.508660861856e-10 8.848896369512e-10 1.196375099428e-09 1.474937754692e-09 1.738210250870e-09 1.987788154230e-09 4.761074482281e-09 2.442515584016e-09 2.659380703163e-09 2.952890280730e-09 
4.617736035800e-10 9.163488261227e-10 1.250397253765e-09 1.556323947136e-09 1.854107556249e-09 2.148026426666e-09 2.442515584016e-09 5.278835658931e-09 3.040588331072e-09 3.427853469538e-09 
4.728425877033e-10 9.482741444408e-10 1.305225235066e-09 1.638927423474e-09 1.971486882240e-09 2.308665467850e-09 2.659380703163e-09 3.040588331072e-09 6.013265444582e-09 4.016847702019e-09 
4.879994323781e-10 9.919910226966e-10 1.380305905854e-09 1.752057533154e-09 2.132305974348e-09 2.528618200271e-09 2.952890280730e-09 3.427853469538e-09 4.016847702019e-09 7.538452050996e-09 
