2.4171083466800932e-07 1.1934614727424962e-07 8.8457429559140375e-08 6.9996148074056284e-08 5.6741438674223825e-08 4.6210207089351300e-08 3.7204582715005545e-08 2.8956932194960357e-08 2.0694245957753605e-08 9.7458114264333203e-09 
1.1934614727424962e-07 6.2540611682137413e-08 4.4702737217728693e-08 3.5558519334452537e-08 2.8994004674643537e-08 2.3778291841155342e-08 1.9317352719754187e-08 1.5230646291663492e-08 1.1135190076198994e-08 5.7164194940266478e-09 
8.8457429559140375e-08 4.4702737217728693e-08 3.5960070119821031e-08 2.6678892212886004e-08 2.1838705275620210e-08 1.7993005507720749e-08 1.4703439551098673e-08 1.1689210605063660e-08 8.6678485810227909e-09 4.6743164569806915e-09 
6.9996148074056284e-08 3.5558519334452537e-08 2.6678892212886004e-08 2.3910063819116902e-08 1.7562033260472874e-08 1.4535090173349172e-08 1.1945551282511982e-08 9.5722756738723190e-09 7.1928472833214634e-09 4.0511057329403362e-09 
5.6741438674223825e-08 2.8994004674643537e-08 2.1838705275620210e-08 1.7562033260472874e-08 1.7031173055564085e-08 1.2053808957616212e-08 9.9669138207125345e-09 8.0538174507041568e-09 6.1353095028855445e-09 3.6052014716353585e-09 
4.6210207089351300e-08 2.3778291841155342e-08 1.7993005507720749e-08 1.4535090173349172e-08 1.2053808957616212e-08 1.2620795986486840e-08 8.3949516011815145e-09 6.8474340286659113e-09 5.2950224999091509e-09 3.2508192490625044e-09 
3.7204582715005545e-08 1.9317352719754187e-08 1.4703439551098673e-08 1.1945551282511982e-08 9.9669138207125345e-09 8.3949516011815145e-09 9.5879169365447116e-09 5.8147926449757533e-09 4.5752078888381618e-09 2.9461604393118362e-09 
2.8956932194960357e-08 1.5230646291663492e-08 1.1689210605063660e-08 9.5722756738723190e-09 8.0538174507041568e-09 6.8474340286659113e-09 5.8147926449757533e-09 7.4058174361121346e-09 3.9148366884682981e-09 2.6648354968712918e-09 
2.0694245957753605e-08 1.1135190076198994e-08 8.6678485810227909e-09 7.1928472833214634e-09 6.1353095028855445e-09 5.2950224999091509e-09 4.5752078888381618e-09 3.9148366884682981e-09 5.7912632536736943e-09 2.3825891770913706e-09 
9.7458114264333203e-09 5.7164194940266478e-09 4.6743164569806915e-09 4.0511057329403362e-09 3.6052014716353585e-09 3.2508192490625044e-09 2.9461604393118362e-09 2.6648354968712918e-09 2.3825891770913706e-09 4.5672306202873072e-09 
