-5.7031339676283158e-10 6.8038402498555414e-10 1.0054370925259588e-09 1.1990227526696513e-09 1.3374841558899146e-09 1.4473807349711964e-09 1.5415158379876709e-09 1.6281696092142319e-09 1.7161073279461187e-09 1.8365385799887812e-09 
-2.2975305632615844e-09 -1.1076654238185549e-10 4.5672607446318566e-10 8.0419774692901296e-10 1.0534925289034622e-09 1.2487894531095428e-09 1.4148857011075607e-09 1.5675685455145558e-09 1.7224953928413641e-09 1.9346668281855835e-09 
-3.4001633845865347e-09 -7.4815038665268588e-10 -8.0208487148177399e-11 3.3500551839140411e-10 6.4847564070525971e-10 8.9385747498940782e-10 1.0977437561404875e-09 1.2832677230416829e-09 1.4711905306689377e-09 1.7285184217328438e-09 
-4.1982531132233186e-09 -1.2495173085139143e-09 -5.1134905009249141e-10 -7.2273392979467452e-11 2.6816039656075394e-10 5.4979792345172351e-10 7.8371764637944652e-10 9.9177173443492413e-10 1.2003991041557482e-09 1.4856649272122839e-09 
-4.8014608210349390e-09 -1.6586510537831967e-09 -8.5950632863648949e-10 -3.9644587369811924e-10 -5.8438804509098223e-11 2.3099542174497883e-10 4.8763992495502625e-10 7.1681152678312047e-10 9.4092675816260813e-10 1.2445458784473707e-09 
-5.2693595001868704e-09 -2.0022625509499827e-09 -1.1626143332590230e-09 -6.6987438435372345e-10 -3.2709206723804220e-10 -5.1097738868606299e-11 2.0569219294664898e-10 4.5381087940593083e-10 6.9529437380563219e-10 1.0122298560464348e-09 
-5.6309086712867568e-09 -2.2928978037056950e-09 -1.4325321919117071e-09 -9.2069236630965029e-10 -5.6157895022980113e-10 -2.8846412698325716e-10 -5.2742690740722692e-11 1.9086192823500163e-10 4.5361565660694409e-10 7.8619748819444207e-10 
-5.9062145864621708e-09 -2.5422040641523028e-09 -1.6747869673754700e-09 -1.1565044027274197e-09 -7.8648369694976229e-10 -5.0064469297308693e-10 -2.7238359471527754e-10 -6.5401352800678735e-11 1.9157091631011327e-10 5.5685901832626337e-10 
-6.2261633942269202e-09 -2.8183097170880372e-09 -1.9395618530994698e-09 -1.4142061846643192e-09 -1.0371244494743170e-09 -7.3869407317304549e-10 -4.9083455590210847e-10 -2.8842036870909828e-10 -9.8120690145482462e-11 2.8782737943464934e-10 
-6.7225189455390734e-09 -3.2223782342169539e-09 -2.3198293200376046e-09 -1.7802326634031830e-09 -1.3927683979971085e-09 -1.0847253530684784e-09 -8.2107692228220481e-10 -5.8205581187000163e-10 -3.6882407597877240e-10 -9.5863270351596021e-11 
