2.996266080986e-10 7.925100263400e-10 1.106102433344e-09 1.313177344683e-09 1.463603581949e-09 1.583216832169e-09 1.685691988622e-09 1.780024408258e-09 1.875754951739e-09 2.006849695391e-09 
2.759970970837e-11 2.301786898417e-10 5.592348217447e-10 8.772436544409e-10 1.136184519306e-09 1.344922478071e-09 1.523284519151e-09 1.687323394717e-09 1.853778383486e-09 2.081727683275e-09 
1.754798982565e-12 3.742928589489e-11 1.764351980070e-10 4.253654142129e-10 7.063323298570e-10 9.572998846398e-10 1.173379352906e-09 1.371244479030e-09 1.571790302689e-09 1.846400246815e-09 
-8.480921749438e-14 5.847185173757e-13 2.487880109131e-11 1.340734571898e-10 3.458422067535e-10 5.973112785476e-10 8.354890184529e-10 1.055273684720e-09 1.276968743504e-09 1.580210854109e-09 
-3.459242152092e-14 -1.082158335416e-12 -3.030540470882e-12 1.785941066299e-11 1.125457004665e-10 2.965416559078e-10 5.273332600946e-10 7.617440855570e-10 9.985683879475e-10 1.320561962740e-09 
-3.262257474643e-15 -2.052250690649e-13 -1.786045869862e-12 -3.537093573230e-12 1.369371842866e-11 9.204114202699e-11 2.586181934967e-10 4.868964506958e-10 7.368156023084e-10 1.072144583312e-09 
-1.270581936661e-16 -1.634547931907e-14 -2.919422793490e-13 -1.911413271186e-12 -5.060676851379e-12 3.374841009798e-12 6.669229681816e-11 2.316340223002e-10 4.831213293100e-10 8.325486560121e-10 
-1.969060188460e-18 -5.773455830489e-16 -2.084110822554e-14 -2.828635278371e-13 -1.987543771021e-12 -7.630002601571e-12 -1.136639116839e-11 3.370011547271e-11 2.203168398578e-10 5.896233859141e-10 
-8.128440757839e-21 -5.727022185306e-18 -4.235991869308e-16 -1.126785759666e-14 -1.615489209450e-13 -1.468704605501e-12 -8.757081156045e-12 -3.009457550400e-11 -1.364127956508e-11 3.119407698441e-10 
-1.590897416112e-24 -3.039671100123e-21 -5.377173691341e-19 -3.241914011466e-17 -1.044717167588e-15 -2.232305356372e-14 -3.517057751183e-13 -4.192606721799e-12 -3.380033588862e-11 -1.743386250689e-12 
