3.130251315270e-10 8.263232501567e-10 1.152340084093e-09 1.367524588286e-09 1.523830005169e-09 1.648117888464e-09 1.754598099138e-09 1.852617352949e-09 1.952089375332e-09 2.088307744671e-09 
2.865647057262e-11 2.386949572644e-10 5.794165671460e-10 9.084189109545e-10 1.176206765055e-09 1.392063805204e-09 1.576510403145e-09 1.746145802287e-09 1.918279837870e-09 2.154006223622e-09 
1.818849907392e-12 3.873752890988e-11 1.824060966582e-10 4.393699283787e-10 7.292090530571e-10 9.880535678700e-10 1.210900347898e-09 1.414963550684e-09 1.621792321254e-09 1.905005657293e-09 
-8.709351945572e-14 6.164666026107e-13 2.570145904748e-11 1.382551054413e-10 3.564582071006e-10 6.154527738600e-10 8.606835719272e-10 1.086976426117e-09 1.315238096949e-09 1.627462710041e-09 
-3.562308178976e-14 -1.114282101913e-12 -3.117590516836e-12 1.842165302769e-11 1.159307354970e-10 3.052076050912e-10 5.425575132666e-10 7.836401989817e-10 1.027195041556e-09 1.358341525847e-09 
-3.360265605964e-15 -2.112577150366e-13 -1.836502107772e-12 -3.628943170173e-12 1.408792797759e-11 9.461281162382e-11 2.659041515854e-10 5.006127335856e-10 7.575066597433e-10 1.102208775081e-09 
-1.307170986080e-16 -1.680328186364e-14 -3.001052498605e-13 -1.965682396756e-12 -5.206289725588e-12 3.487171291115e-12 6.864262929456e-11 2.381045529271e-10 4.963969097254e-10 8.553626755998e-10 
-2.024084673128e-18 -5.937079228918e-16 -2.143202320783e-14 -2.907387905789e-13 -2.040951017214e-12 -7.826941082162e-12 -1.166649409015e-11 3.449217798634e-11 2.261915864297e-10 6.058127187798e-10 
-8.356290185979e-21 -5.883097370683e-18 -4.348766501374e-16 -1.156552888858e-14 -1.658766416685e-13 -1.509544448034e-12 -9.012583722293e-12 -3.098253640640e-11 -1.392784165328e-11 3.207908984435e-10 
-1.634281425687e-24 -3.124986141239e-21 -5.531823983798e-19 -3.336516396832e-17 -1.075248054586e-15 -2.296715093613e-14 -3.615771505953e-13 -4.306115368747e-12 -3.473825157296e-11 -2.083215904215e-12 
