-2.6511127217456560e-09 5.7321149997992738e-09 7.9062131911340184e-09 9.2009013097496362e-09 1.0127588032690890e-08 1.0863388434898867e-08 1.1493716884563740e-08 1.2073955569764997e-08 1.2662791851191672e-08 1.3469207694493055e-08 
-1.2290968403367008e-08 -4.3248223459246307e-10 2.6473147161100136e-09 4.5296495781169417e-09 5.8794210874410147e-09 6.9376868683294638e-09 7.8381384499597683e-09 8.6659370375864594e-09 9.5059053877181717e-09 1.0656237380761216e-08 
-1.7506250878396511e-08 -3.8265503377971536e-09 -3.7923016068538540e-10 1.7628486873963635e-09 3.3783942029784690e-09 4.6435234128115879e-09 5.6952542204481784e-09 6.6522884609997757e-09 7.6216503220983366e-09 8.9490127452679639e-09 
-2.1654803418808401e-08 -6.4597429144806581e-09 -2.6545945801046311e-09 -3.9194834569252801e-10 1.3600501438404487e-09 2.8102215053289063e-09 4.0162609433078117e-09 5.0889964200383302e-09 6.1642020303070701e-09 7.6341740445369791e-09 
-2.5411623690551093e-08 -8.8095246795499213e-09 -4.5862227691405817e-09 -2.1381297605672690e-09 -3.5482635202820114e-10 1.1696991198517717e-09 2.5245460550351496e-09 3.7370869201314587e-09 4.9221044867711962e-09 6.5261003177490830e-09 
-2.9121309171347657e-08 -1.1104181476458034e-08 -6.4728613607973117e-09 -3.7529428527596728e-09 -1.8609406251636715e-09 -3.4296917146142598e-10 1.0668105181908439e-09 2.4351642060744734e-09 3.7706716076277847e-09 5.5196788535213138e-09 
-3.3019203300660302e-08 -1.3486545686285289e-08 -8.4518481008773075e-09 -5.4555899758723279e-09 -3.3511229026572540e-09 -1.7510054732528303e-09 -3.7792384085188128e-10 1.0379841713176031e-09 2.5784177523915226e-09 4.5306156122856356e-09 
-3.7464680197160248e-08 -1.6168529634427942e-08 -1.0677253699853584e-08 -7.3959988307223839e-09 -5.0522259717179483e-09 -3.2387257272899204e-09 -1.7902244381162399e-09 -4.9066905637434927e-10 1.1199325529994434e-09 3.4463342278681356e-09 
-4.4150036029991782e-08 -2.0028913415866941e-08 -1.3809048439110023e-08 -1.0090516086340772e-08 -7.4213321229563017e-09 -5.3077839207419592e-09 -3.5479841354430726e-09 -2.1063704260412477e-09 -7.8018368712402876e-10 1.9352449046751867e-09 
-5.8390429244413081e-08 -2.8082233737534587e-08 -2.0266937750874497e-08 -1.5594495539335861e-08 -1.2239386831786740e-08 -9.5719604313859839e-09 -7.2884439988415937e-09 -5.2132131441348016e-09 -3.3346538843702700e-09 -9.9416043803682754e-10 
