8.676787849489e-10 2.173883997143e-09 2.964797173131e-09 3.481208761796e-09 3.855695206981e-09 4.153462249454e-09 4.408575012962e-09 4.643417611196e-09 4.881740928557e-09 5.208103565555e-09 
6.680908327414e-11 5.387580076189e-10 1.281532485925e-09 1.986233285559e-09 2.555923125014e-09 3.014616415815e-09 3.406619937006e-09 3.767170726480e-09 4.133034985728e-09 4.634062312086e-09 
4.042222655299e-12 8.335654682378e-11 3.837078554998e-10 9.108854500649e-10 1.499314783571e-09 2.022757489859e-09 2.473202854190e-09 2.885742888037e-09 3.303893085935e-09 3.876473615515e-09 
-1.644619649296e-13 1.594835246050e-12 5.328994419644e-11 2.794988431158e-10 7.129977417735e-10 1.224749847357e-09 1.708515861928e-09 2.154875666444e-09 2.605164688215e-09 3.221094199320e-09 
-7.066984279331e-14 -2.184221817021e-12 -5.924449253259e-12 3.696421179855e-11 2.285541114579e-10 5.988319369608e-10 1.062342416288e-09 1.533087471116e-09 2.008811677448e-09 2.655621091465e-09 
-6.613424834547e-15 -4.134486945926e-13 -3.579043090156e-12 -7.016752368357e-12 2.763698143249e-11 1.844774792242e-10 5.178696333386e-10 9.756108147785e-10 1.477622221338e-09 2.151276722634e-09 
-2.554289288553e-16 -3.276048085769e-14 -5.844061463741e-13 -3.827812345350e-12 -1.018216676114e-11 6.425042248432e-12 1.328774443218e-10 4.647806182743e-10 9.741679885716e-10 1.683594066709e-09 
-3.941753042723e-18 -1.156380834715e-15 -4.182422743305e-14 -5.695148846462e-13 -4.022898002847e-12 -1.559290292377e-11 -2.397996016185e-11 6.594751790293e-11 4.479520583328e-10 1.213900534154e-09 
-1.634840758467e-20 -1.156387921124e-17 -8.590808814747e-16 -2.296664069862e-14 -3.312832683710e-13 -3.036215994246e-12 -1.832256187177e-11 -6.438116882573e-11 -3.534983155866e-11 6.608386936228e-10 
-3.274746582899e-24 -6.290783122439e-21 -1.119106208688e-18 -6.788979523237e-17 -2.203267747980e-15 -4.747910397860e-14 -7.563466096238e-13 -9.161901165703e-12 -7.583697827163e-11 -1.206725813387e-11 
