-1.8721459172949573e-08 3.1212899220517087e-08 4.4177712041973984e-08 5.1902399819349305e-08 5.7428873019171473e-08 6.1815055705049634e-08 6.5572079266357949e-08 6.9030505513901118e-08 7.2540174662210486e-08 7.7346691434314372e-08 
-9.0452070394306130e-08 -5.0456639437621298e-09 1.7087618297528235e-08 3.0663200506929749e-08 4.0417133540131553e-08 4.8051483310248002e-08 5.4539886949036057e-08 6.0503392603562725e-08 6.6554440168339629e-08 7.4841307160819413e-08 
-1.4222836262591673e-07 -3.1862845094061764e-08 -4.0968877700485560e-09 1.3161283642019052e-08 2.6219182473334481e-08 3.6444287964592221e-08 4.4934491696124795e-08 5.2656138781842211e-08 6.0476227734151389e-08 7.1184236917444103e-08 
-1.8279879475832508e-07 -5.4745382538028718e-08 -2.2678837906118384e-08 -3.6203175426320378e-09 1.1136410416869597e-08 2.3354099750412501e-08 3.3521890701928400e-08 4.2566739593736591e-08 5.1628738844438897e-08 6.4016146553821530e-08 
-2.1963212381941717e-07 -7.6368406041627583e-08 -3.9913804024516429e-08 -1.8773628271318378e-08 -3.3953742349447691e-09 9.7258141980760830e-09 2.1406085370802533e-08 3.1884698064356253e-08 4.2119935822704313e-08 5.5962135546076750e-08 
-2.6161327958310908e-07 -1.0006512395787341e-07 -5.8532251601464525e-08 -3.4123249292320471e-08 -1.7143633065350680e-08 -3.5672108215992107e-09 9.0197753227467590e-09 2.1291800428077953e-08 3.3298266087593050e-08 4.8988967186055077e-08 
-3.1109229634408271e-07 -1.2733239274633540e-07 -7.9965372331439573e-08 -5.1768335441330948e-08 -3.1948088018251102e-08 -1.6884427187676069e-08 -4.0161280630339458e-09 9.2466599755725914e-09 2.3771481614640405e-08 4.2168651081344237e-08 
-3.6639303716277103e-07 -1.5824177585096077e-07 -1.0456925052387803e-07 -7.2496727137846466e-08 -4.9582419235389501e-08 -3.1842971169712431e-08 -1.7685733789438189e-08 -5.0329359602460535e-09 1.0698945797996853e-08 3.3474491280317501e-08 
-4.3408849276861636e-07 -1.9688146023427645e-07 -1.3571533042889969e-07 -9.9147278821601389e-08 -7.2898388027907499e-08 -5.2113452139080530e-08 -3.4810661112845542e-08 -2.0651985747792804e-08 -7.6052662831705238e-09 1.9146937492187068e-08 
-5.3222548817173549e-07 -2.5552221059035028e-07 -1.8417128717353555e-07 -1.4151352145986206e-07 -1.1088255571519652e-07 -8.6529996395290815e-08 -6.5684044402959588e-08 -4.6758244935463927e-08 -2.9755647601099550e-08 -8.3242883255169452e-09 
