4.815614889947e-10 1.246883358304e-09 1.723946671158e-09 2.037370961981e-09 2.264863959326e-09 2.445754259253e-09 2.600729589121e-09 2.743390844717e-09 2.888166425521e-09 3.086391794016e-09 
4.133564754034e-11 3.395457874613e-10 8.167680206003e-10 1.273761599148e-09 1.644464987746e-09 1.943105736629e-09 2.198305764930e-09 2.433021490660e-09 2.671195362074e-09 2.997327765426e-09 
2.571871923098e-12 5.396638585171e-11 2.513576490713e-10 6.009653693844e-10 9.931370419659e-10 1.342603671640e-09 1.643354909474e-09 1.918777841561e-09 2.197941592854e-09 2.580178223019e-09 
-1.135756243334e-13 9.573949413970e-13 3.516999165034e-11 1.866731698629e-10 4.785745588738e-10 8.237165117150e-10 1.150034000882e-09 1.451112604469e-09 1.754827270008e-09 2.170243203417e-09 
-4.761895379798e-14 -1.480472746902e-12 -4.065898255640e-12 2.484410400824e-11 1.543962064980e-10 4.047490272681e-10 7.181430019421e-10 1.036278603981e-09 1.357657628493e-09 1.794619957022e-09 
-4.472451581154e-15 -2.798351293980e-13 -2.421127705229e-12 -4.739588270383e-12 1.870546470938e-11 1.248569424101e-10 3.503338201720e-10 6.589031012894e-10 9.965890068131e-10 1.449751575952e-09 
-1.727775110205e-16 -2.214765120936e-14 -3.949881910850e-13 -2.583868700268e-12 -6.823408410981e-12 4.680663105855e-12 9.026110673613e-11 3.124832183800e-10 6.516790146707e-10 1.123438871419e-09 
-2.664286134787e-18 -7.807417767304e-16 -2.815224939181e-14 -3.814784249468e-13 -2.676395419453e-12 -1.027911230826e-11 -1.549112894959e-11 4.471228494012e-11 2.972526366758e-10 7.988613088651e-10 
-1.096712184905e-20 -7.716106802381e-18 -5.705746627692e-16 -1.519575367961e-14 -2.184609891331e-13 -1.994430645461e-12 -1.194965125573e-11 -4.123563811812e-11 -1.930766612557e-11 4.258070608598e-10 
-2.155901090026e-24 -4.130816061942e-21 -7.324286541110e-19 -4.423337606236e-17 -1.427058894767e-15 -3.051804063752e-14 -4.813534429948e-13 -5.757226266794e-12 -4.701496366498e-11 -5.127717852345e-12 
