2.751936029310e-10 7.303809951158e-10 1.020972590709e-09 1.213028237484e-09 1.352564684725e-09 1.463519328218e-09 1.558576122908e-09 1.646079590892e-09 1.734879900300e-09 1.856464952234e-09 
2.563742291251e-11 2.143733901122e-10 5.217500888828e-10 8.192906527747e-10 1.061742418008e-09 1.257215035005e-09 1.424238363195e-09 1.577847968094e-09 1.733719852886e-09 1.947155969842e-09 
1.635799774530e-12 3.499913698998e-11 1.653122163520e-10 3.991637759609e-10 6.635163057333e-10 8.997410487275e-10 1.103140916961e-09 1.289394959986e-09 1.478170666126e-09 1.736645350946e-09 
-8.035255801285e-14 5.264195513880e-13 2.331063258739e-11 1.261978791791e-10 3.259890200348e-10 5.633475021091e-10 7.882839435715e-10 9.958681672705e-10 1.205250390329e-09 1.491634152306e-09 
-3.267402909033e-14 -1.023469973771e-12 -2.871643985346e-12 1.683154551540e-11 1.062115870407e-10 2.801852957568e-10 4.986706442360e-10 7.205953643983e-10 9.448031816645e-10 1.249630248927e-09 
-3.081362280282e-15 -1.938894053780e-13 -1.689850702997e-12 -3.365856724938e-12 1.290935808999e-11 8.718657354161e-11 2.451130181084e-10 4.614332913379e-10 6.983326661744e-10 1.016185852213e-09 
-1.201073169133e-16 -1.548032936315e-14 -2.768270530959e-13 -1.812535975649e-12 -4.789516384051e-12 3.223729561704e-12 6.314705996517e-11 2.194229627199e-10 4.580567648600e-10 7.895555471464e-10 
-1.867202670961e-18 -5.473769716925e-16 -1.974495018550e-14 -2.679187931892e-13 -1.884148442570e-12 -7.252291147226e-12 -1.086745882011e-11 3.199408390319e-11 2.094376003642e-10 5.598422895754e-10 
-7.698548251061e-21 -5.426981510682e-18 -4.018932545883e-16 -1.070424749922e-14 -1.535927474589e-13 -1.395890889546e-12 -8.303097011622e-12 -2.841325675112e-11 -1.278844284074e-11 2.953097913242e-10 
-1.512675156288e-24 -2.888291432564e-21 -5.103050874166e-19 -3.071974298218e-17 -9.885443914799e-16 -2.110329258579e-14 -3.325131512081e-13 -3.970559121227e-12 -3.209124918512e-11 -1.269588939684e-12 
