2.169516814311e-10 5.805806429803e-10 8.147668012241e-10 9.699164523857e-10 1.082687051167e-09 1.172359413313e-09 1.249182606809e-09 1.319901241345e-09 1.391668006870e-09 1.489946462892e-09 
2.078572400768e-11 1.750316437650e-10 4.280813241432e-10 6.742326474197e-10 8.752166329246e-10 1.037322677720e-09 1.175831850423e-09 1.303214011120e-09 1.432471876086e-09 1.609482123303e-09 
1.338373091335e-12 2.888326091969e-11 1.373723101810e-10 3.331774242191e-10 5.552749403761e-10 7.540970757280e-10 9.253356779968e-10 1.082130178744e-09 1.241044461234e-09 1.458647142685e-09 
-6.889112592702e-14 4.050446801062e-13 1.944224720332e-11 1.060845729564e-10 2.752731569619e-10 4.768961932102e-10 6.681301579719e-10 8.446521105095e-10 1.022697267986e-09 1.266228237944e-09 
-2.762910697255e-14 -8.709905508536e-13 -2.488451442173e-12 1.415754748476e-11 9.029855735290e-11 2.388045972358e-10 4.256053905394e-10 6.155909541986e-10 8.075379841161e-10 1.068497846796e-09 
-2.621209662544e-15 -1.655672739390e-13 -1.446375636008e-12 -2.896036252899e-12 1.094796881336e-11 7.442475367156e-11 2.100326519406e-10 3.962158823972e-10 6.001014490606e-10 8.736608079680e-10 
-1.026464824369e-16 -1.324634665511e-14 -2.374302429038e-13 -1.561356474909e-12 -4.160219012935e-12 2.679799341309e-12 5.442796197617e-11 1.892895985975e-10 3.950576680325e-10 6.810473830389e-10 
-1.601140981219e-18 -4.710831174140e-16 -1.703855793382e-14 -2.314476660155e-13 -1.626475270308e-12 -6.245533551619e-12 -9.344387161064e-12 2.743091449497e-11 1.804747903768e-10 4.832874851711e-10 
-6.649982506470e-21 -4.685835411002e-18 -3.465956146368e-16 -9.223535622610e-15 -1.323717332227e-13 -1.205191905756e-12 -7.193065278018e-12 -2.466080695582e-11 -1.072699488143e-11 2.554583857549e-10 
-1.304609592796e-24 -2.495067161656e-21 -4.416069924682e-19 -2.662169131375e-17 -8.571584452444e-16 -1.828463827657e-14 -2.873164359329e-13 -3.412348578193e-12 -2.741492036846e-11 -9.114237684069e-13 
