4.346751122839e-10 1.131183314760e-09 1.567358461704e-09 1.854234805472e-09 2.062494929434e-09 2.228092869731e-09 2.369966116937e-09 2.500566292646e-09 2.633102038058e-09 2.814568892001e-09 
3.793188798370e-11 3.126196381097e-10 7.535966910268e-10 1.176675998542e-09 1.520140386074e-09 1.796866710194e-09 2.033337124663e-09 2.250825120648e-09 2.471517220029e-09 2.773711801808e-09 
2.371905559202e-12 4.993166971410e-11 2.331122774398e-10 5.583517871843e-10 9.236034968484e-10 1.249196678509e-09 1.529439300838e-09 1.786075703940e-09 2.046195959129e-09 2.402357748922e-09 
-1.068186433537e-13 8.625829423021e-13 3.269616878072e-11 1.740075162018e-10 4.464290570002e-10 7.688535352891e-10 1.073832631036e-09 1.355207198050e-09 1.639043640699e-09 2.027269807686e-09 
-4.447317784760e-14 -1.382609550715e-12 -3.805586815658e-12 2.313474798814e-11 1.442124420281e-10 3.786033615089e-10 6.720026454757e-10 9.697821462935e-10 1.270623825126e-09 1.679657688755e-09 
-4.175836337891e-15 -2.616867610612e-13 -2.268577427416e-12 -4.450549461607e-12 1.754249681248e-11 1.169964760642e-10 3.279518308947e-10 6.167659173393e-10 9.329349293082e-10 1.357169367240e-09 
-1.617545725470e-16 -2.075119038600e-14 -3.698334639377e-13 -2.416287518888e-12 -6.378865023825e-12 4.326289843312e-12 8.433786103332e-11 2.926799328797e-10 6.104943861892e-10 1.052232870833e-09 
-2.494631569475e-18 -7.302921846561e-16 -2.633796191742e-14 -3.572983356192e-13 -2.510491937889e-12 -9.644515841766e-12 -1.442200344554e-11 4.236282236313e-11 2.783618863951e-10 7.465618908141e-10 
-1.026830031153e-20 -7.234021186399e-18 -5.351970715948e-16 -1.424361122805e-14 -2.043763104641e-13 -1.860430082182e-12 -1.111732520690e-11 -3.838698066311e-11 -1.826081577149e-11 3.971432630714e-10 
-2.013767114304e-24 -3.851091380652e-21 -6.819567886312e-19 -4.116571613715e-17 -1.328568649775e-15 -2.844277246905e-14 -4.493135647884e-13 -5.378140087445e-12 -4.367689652230e-11 -3.859761048451e-12 
