z(iz=00)            wb(ip=00)           h(ip=01)           wm(ip=02)            ns(ip=03) 
4.0000000000e-01        0.022445000000000007        0.67        0.14364800000000003        0.9580799999999999
   k(h/Mpc)      Pk/s8^2(Mpc/h)^3 
7.0355977186e-06 5.1598982919e+01
7.5206098700e-06 5.5002133257e+01
8.0390564108e-06 5.8629715930e+01
8.5932442744e-06 6.2496554303e+01
9.1856354629e-06 6.6618429220e+01
9.8188638731e-06 7.1012140495e+01
1.0495745300e-05 7.5695638674e+01
1.1219289263e-05 8.0688025035e+01
1.1992711734e-05 8.6009678961e+01
1.2819450603e-05 9.1682297465e+01
1.3703183868e-05 9.7729044525e+01
1.4647837816e-05 1.0417456865e+02
1.5657613403e-05 1.1104521372e+02
1.6736999896e-05 1.1836896622e+02
1.7890795789e-05 1.2617574522e+02
1.9124130631e-05 1.3449737591e+02
2.0442488676e-05 1.4336781809e+02
2.1851728889e-05 1.5282328029e+02
2.3358117687e-05 1.6290232522e+02
2.4968352591e-05 1.7364601910e+02
2.6689593142e-05 1.8509824786e+02
2.8529490010e-05 1.9730577868e+02
3.0496221370e-05 2.1031827751e+02
3.2598534744e-05 2.2418888887e+02
3.4845776099e-05 2.3897420066e+02
3.7247933506e-05 2.5473452534e+02
3.9815688069e-05 2.7153400523e+02
4.2560455768e-05 2.8944124508e+02
4.5494442020e-05 3.0852925928e+02
4.8630685342e-05 3.2887575302e+02
5.1983130106e-05 3.5056373713e+02
5.5566681112e-05 3.7368158084e+02
5.9397272707e-05 3.9832341580e+02
6.3491934270e-05 4.2458962805e+02
6.7868866609e-05 4.5258720932e+02
7.2547532909e-05 4.8243003822e+02
7.7548735135e-05 5.1423961801e+02
8.2894701336e-05 5.4814535777e+02
8.8609194791e-05 5.8428492373e+02
9.4717637694e-05 6.2280529342e+02
1.0124716937e-04 6.6386300155e+02
1.0822682816e-04 7.0762435092e+02
1.1568764603e-04 7.5426727460e+02
1.2366278679e-04 8.0398031702e+02
1.3218770619e-04 8.5696474214e+02
1.4130031923e-04 9.1343474430e+02
1.5104110935e-04 9.7361843202e+02
1.6145341215e-04 1.0377583199e+03
1.7258350272e-04 1.1061125235e+03
1.8448085757e-04 1.1789556021e+03
1.9719838747e-04 1.2565793323e+03
2.1079262660e-04 1.3392941835e+03
2.2532400908e-04 1.4274295286e+03
2.4085713085e-04 1.5213354714e+03
2.5746106985e-04 1.6213843220e+03
2.7520960430e-04 1.7279696134e+03
2.9418169288e-04 1.8415108798e+03
3.1446164940e-04 1.9624500023e+03
3.3613966662e-04 2.0912569717e+03
3.5931204911e-04 2.2284279204e+03
3.8408191176e-04 2.3744880745e+03
4.1055929614e-04 2.5299909097e+03
4.3886195635e-04 2.6955218062e+03
4.6911570826e-04 2.8716963620e+03
5.0145509886e-04 3.0591636252e+03
5.3602381376e-04 3.2586038454e+03
5.7297560852e-04 3.4707324094e+03
6.1247474514e-04 3.6962987160e+03
6.5469677793e-04 3.9360839283e+03
6.9982954301e-04 4.1909079999e+03
7.4807356577e-04 4.4616201187e+03
7.9964339966e-04 4.7491060148e+03
8.5476832464e-04 5.0542829009e+03
9.1369333677e-04 5.3780969425e+03
9.7668042872e-04 5.7215246634e+03
1.0440096958e-03 6.0855645128e+03
1.1159804417e-03 6.4712351785e+03
1.1929126922e-03 6.8795694035e+03
1.2751482427e-03 7.3116061144e+03
1.3630529866e-03 7.7683808651e+03
1.4570176136e-03 8.2509224628e+03
1.5574598219e-03 8.7602338544e+03
1.6648261808e-03 9.2972820063e+03
1.7795939930e-03 9.8629922830e+03
1.9022736233e-03 1.0458226522e+04
2.0334103610e-03 1.1083766166e+04
2.1735872142e-03 1.1740290341e+04
2.3234274704e-03 1.2428365735e+04
2.4835972581e-03 1.3148411741e+04
2.6548085734e-03 1.3900698210e+04
2.8378227726e-03 1.4685292605e+04
3.0334533658e-03 1.5502055502e+04
3.2425699755e-03 1.6350592246e+04
3.4661025274e-03 1.7230236077e+04
3.7050447427e-03 1.8139990797e+04
3.9604585618e-03 1.9078501528e+04
4.2334804311e-03 2.0044015361e+04
4.5253229327e-03 2.1034326263e+04
4.8372847959e-03 2.2047783646e+04
5.1707518287e-03 2.3079102925e+04
5.5272071622e-03 2.4125493389e+04
5.9082354419e-03 2.5182540723e+04
6.3155302778e-03 2.6244575806e+04
6.7509030923e-03 2.7306869496e+04
7.2162891738e-03 2.8362376430e+04
7.7137574553e-03 2.9403929813e+04
8.2455193624e-03 3.0422824696e+04
8.8139399886e-03 3.1409958102e+04
9.4215450808e-03 3.2355520941e+04
1.0071036406e-02 3.3248559508e+04
1.0765301995e-02 3.4077353269e+04
1.1507427320e-02 3.4829113528e+04
1.2300713919e-02 3.5490388208e+04
1.3148685917e-02 3.6047102322e+04
1.4055115171e-02 3.6484650180e+04
1.5024030581e-02 3.6788399104e+04
1.6059739515e-02 3.6943939044e+04
1.7166847363e-02 3.6937602040e+04
1.8350275233e-02 3.6757116613e+04
1.9615285099e-02 3.6392442051e+04
2.0967502147e-02 3.5836703898e+04
2.2412935272e-02 3.5087250866e+04
2.3958012462e-02 3.4146797207e+04
2.5609601289e-02 3.3024565085e+04
2.7375046164e-02 3.1737114362e+04
2.9262196273e-02 3.0308974506e+04
3.1279440969e-02 2.8772637842e+04
3.3435747027e-02 2.7167848943e+04
3.5740699619e-02 2.5539949543e+04
3.8204550743e-02 2.3937166537e+04
4.0838252753e-02 2.2406933006e+04
4.3653514236e-02 2.0991363715e+04
4.6478152275e-02 1.9793276442e+04
4.9302790314e-02 1.8797076038e+04
5.2127432078e-02 1.7972614513e+04
5.4952070117e-02 1.7284351347e+04
5.7776708156e-02 1.6694993117e+04
6.0601349920e-02 1.6168036835e+04
6.3425987959e-02 1.5670474087e+04
6.6250629723e-02 1.5174789053e+04
6.9075264037e-02 1.4661014998e+04
7.1899905801e-02 1.4115573914e+04
7.4724547565e-02 1.3533124997e+04
7.7549181879e-02 1.2918684105e+04
8.0373823643e-02 1.2278564629e+04
8.3198465407e-02 1.1625307901e+04
8.6023099720e-02 1.0975693039e+04
8.8847741485e-02 1.0347443640e+04
9.1672383249e-02 9.7547999719e+03
9.5292858779e-02 9.0620066810e+03
9.8913334310e-02 8.4568829609e+03
1.0253380984e-01 7.9488949642e+03
1.0615429282e-01 7.5374731927e+03
1.0977476835e-01 7.2104602908e+03
1.1339524388e-01 6.9507786179e+03
1.1701571941e-01 6.7405814571e+03
1.2063620240e-01 6.5605761398e+03
1.2425667793e-01 6.3914969820e+03
1.2787716091e-01 6.2175728722e+03
1.3149763644e-01 6.0278298645e+03
1.3511811197e-01 5.8145181721e+03
1.3873858750e-01 5.5773156600e+03
1.4235906303e-01 5.3217756396e+03
1.4597953856e-01 5.0566868247e+03
1.4960001409e-01 4.7913101686e+03
1.5322048962e-01 4.5348602439e+03
1.5684096515e-01 4.2961336352e+03
1.6046145558e-01 4.0819949614e+03
1.6408193111e-01 3.8961254418e+03
1.6770240664e-01 3.7390934502e+03
1.7132288217e-01 3.6090772105e+03
1.7494335771e-01 3.5023603667e+03
1.7856383324e-01 3.4136903790e+03
1.8218430877e-01 3.3369568062e+03
1.8580478430e-01 3.2661147017e+03
1.8942527473e-01 3.1958763892e+03
1.9304575026e-01 3.1220175741e+03
1.9666622579e-01 3.0416311727e+03
2.0028670132e-01 2.9534528200e+03
2.0390717685e-01 2.8579755567e+03
2.0752765238e-01 2.7570858106e+03
2.1114812791e-01 2.6534818119e+03
2.1476860344e-01 2.5502356471e+03
2.1838907898e-01 2.4504447010e+03
2.2200956941e-01 2.3567795160e+03
2.2563004494e-01 2.2711502727e+03
2.2925052047e-01 2.1946587225e+03
2.3287099600e-01 2.1275752789e+03
2.3649147153e-01 2.0692839222e+03
2.4011194706e-01 2.0184913347e+03
2.4373242259e-01 1.9736215578e+03
2.4735289812e-01 1.9329420629e+03
2.5097337365e-01 1.8945206035e+03
2.5459384918e-01 1.8564939419e+03
2.5821432471e-01 1.8175104332e+03
2.6183480024e-01 1.7768222243e+03
2.6545527577e-01 1.7341068994e+03
2.6907578111e-01 1.6894230668e+03
2.7269625664e-01 1.6432426848e+03
2.7631673217e-01 1.5963500083e+03
2.7993720770e-01 1.5496889540e+03
2.8355768323e-01 1.5042493977e+03
2.8717815876e-01 1.4609131341e+03
2.9079863429e-01 1.4203040535e+03
2.9441910982e-01 1.3827679025e+03
2.9803958535e-01 1.3484221789e+03
3.0166006088e-01 1.3171620343e+03
3.0528053641e-01 1.2886609769e+03
3.0890101194e-01 1.2624183766e+03
3.1252148747e-01 1.2378411232e+03
3.1614196301e-01 1.2143309061e+03
3.1976243854e-01 1.1913546288e+03
3.2338291407e-01 1.1684735725e+03
3.2700338960e-01 1.1453648292e+03
3.3062389493e-01 1.1218619909e+03
3.3424437046e-01 1.0979627384e+03
3.3786484599e-01 1.0737835857e+03
3.4148532152e-01 1.0495257264e+03
3.4510579705e-01 1.0254659687e+03
3.4872627258e-01 1.0019065600e+03
3.5234674811e-01 9.7910343723e+02
3.5596722364e-01 9.5725132881e+02
3.5958769917e-01 9.3649851237e+02
3.6320817471e-01 9.1692966774e+02
3.6682865024e-01 8.9853502687e+02
3.7044912577e-01 8.8122119597e+02
3.7406960130e-01 8.6484088131e+02
3.7769007683e-01 8.4921614980e+02
3.8131055236e-01 8.3416330591e+02
3.8493102789e-01 8.1951650363e+02
3.8855153322e-01 8.0513140072e+02
3.9217200875e-01 7.9088101256e+02
3.9579248428e-01 7.7667574013e+02
3.9941295981e-01 7.6248775504e+02
4.0303343535e-01 7.4834551815e+02
4.0665391088e-01 7.3430559981e+02
4.1027438641e-01 7.2043237076e+02
4.1389486194e-01 7.0679568308e+02
4.1751533747e-01 6.9347361090e+02
4.2113581300e-01 6.8054219038e+02
4.2475628853e-01 6.6805967846e+02
4.2837676406e-01 6.5605404407e+02
4.3199723959e-01 6.4452416284e+02
4.3561771512e-01 6.3345021756e+02
4.3923819065e-01 6.2279714166e+02
4.4285866618e-01 6.1251932748e+02
4.4647914171e-01 6.0256322644e+02
4.5009964704e-01 5.9286924642e+02
4.5372012258e-01 5.8337898994e+02
4.5734059811e-01 5.7404713045e+02
4.6096107364e-01 5.6484573413e+02
4.6458154917e-01 5.5576060571e+02
4.6820202470e-01 5.4678499889e+02
4.7182250023e-01 5.3792060026e+02
4.7544297576e-01 5.2917949688e+02
4.7906345129e-01 5.2058259519e+02
4.8268392682e-01 5.1215431533e+02
4.8630440235e-01 5.0391777734e+02
4.8992487788e-01 4.9588946041e+02
4.9354535341e-01 4.8807611082e+02
4.9716582894e-01 4.8047874754e+02
5.0078630447e-01 4.7309677325e+02
5.0440680981e-01 4.6592628775e+02
5.0802725554e-01 4.5895457150e+02
5.1164776087e-01 4.5216135052e+02
5.1526820660e-01 4.4552427777e+02
5.1888871193e-01 4.3902567940e+02
5.2250915766e-01 4.3265216828e+02
5.2612966299e-01 4.2639320334e+02
5.2975010872e-01 4.2023834893e+02
5.3337061405e-01 4.1417832891e+02
5.3699105978e-01 4.0820924311e+02
5.4061156511e-01 4.0233372678e+02
5.4423207045e-01 3.9655820996e+02
5.4785251617e-01 3.9088785779e+02
5.5147302151e-01 3.8532509469e+02
5.5509346724e-01 3.7987181807e+02
5.5871397257e-01 3.7453143620e+02
5.6233441830e-01 3.6930813036e+02
5.6595492363e-01 3.6420309521e+02
5.6957536936e-01 3.5921246569e+02
5.7319587469e-01 3.5433009285e+02
5.7681632042e-01 3.4954996829e+02
5.8043682575e-01 3.4486766477e+02
6.2843209505e-01 2.9006429197e+02
7.6756852865e-01 1.8619638031e+02
9.3751013279e-01 1.1833402261e+02
1.1450772285e+00 7.4531932050e+01
1.3986002207e+00 4.6560299345e+01
1.7082554102e+00 2.8870007683e+01
2.0864677429e+00 1.7779068247e+01
2.5484168529e+00 1.0880762786e+01
3.1126427650e+00 6.6209377913e+00
3.8017895222e+00 4.0076614385e+00
4.6435198784e+00 2.4140810716e+00
5.6716070175e+00 1.4476597106e+00
