2.541235564861e-09 4.749754227731e-12 5.555078541700e-12 6.042898241101e-12 6.392956098911e-12 6.671238175380e-12 6.909711422448e-12 7.129243765000e-12 7.352030242658e-12 7.657108024642e-12 
4.749754227731e-12 2.548225687655e-09 1.240204291844e-11 1.409830180708e-11 1.531575098531e-11 1.628141496628e-11 1.710897996632e-11 1.787090195649e-11 1.864412912602e-11 1.970298735378e-11 
5.555078541700e-12 1.240204291844e-11 2.555280778692e-09 1.990014762790e-11 2.217019173520e-11 2.396196345371e-11 2.549421551287e-11 2.690499674317e-11 2.833684651149e-11 3.029766716305e-11 
6.042898241101e-12 1.409830180708e-11 1.990014762790e-11 2.562926031630e-09 2.800093608934e-11 3.083327478265e-11 3.323987405346e-11 3.545064330993e-11 3.769452850221e-11 4.076769140089e-11 
6.392956098911e-12 1.531575098531e-11 2.217019173520e-11 2.800093608934e-11 2.571440417078e-09 3.709456057319e-11 4.061358668141e-11 4.382332576732e-11 4.707544915543e-11 5.153084927204e-11 
6.671238175380e-12 1.628141496628e-11 2.396196345371e-11 3.083327478265e-11 3.709456057319e-11 2.581135336402e-09 4.754129266713e-11 5.198306748877e-11 5.644695144278e-11 6.255991049477e-11 
6.909711422448e-12 1.710897996632e-11 2.549421551287e-11 3.323987405346e-11 4.061358668141e-11 4.754129266713e-11 2.592454534577e-09 5.997911183061e-11 6.593418266352e-11 7.402005874170e-11 
7.129243765000e-12 1.787090195649e-11 2.690499674317e-11 3.545064330993e-11 4.382332576732e-11 5.198306748877e-11 5.997911183061e-11 2.606402709471e-09 7.594398708495e-11 8.646116943697e-11 
7.352030242658e-12 1.864412912602e-11 2.833684651149e-11 3.769452850221e-11 4.707544915543e-11 5.644695144278e-11 6.593418266352e-11 7.594398708495e-11 2.625544316532e-09 1.013409462830e-10 
7.657108024642e-12 1.970298735378e-11 3.029766716305e-11 4.076769140089e-11 5.153084927204e-11 6.255991049477e-11 7.402005874170e-11 8.646116943697e-11 1.013409462830e-10 2.663392109676e-09 
