4.481861541037e-09 2.966865740130e-09 3.346290188263e-09 3.575036912503e-09 3.739234812297e-09 3.869774719883e-09 3.981638538571e-09 4.084617083815e-09 4.189122061350e-09 4.332226125943e-09 
2.966865740130e-09 7.756378598367e-09 6.272579539454e-09 6.934327957032e-09 7.409450230406e-09 7.786616322652e-09 8.109835083724e-09 8.407403397233e-09 8.709385347614e-09 9.122915349660e-09 
3.346290188263e-09 6.272579539454e-09 1.042531971259e-08 8.981699428361e-09 9.780282180983e-09 1.041186398413e-08 1.095228103739e-08 1.144983435135e-08 1.195480214793e-08 1.264631239487e-08 
3.575036912503e-09 6.934327957032e-09 8.981699428361e-09 1.303864856555e-08 1.166647912677e-08 1.259567323865e-08 1.338672394707e-08 1.411377207798e-08 1.485168486264e-08 1.586227490519e-08 
3.739234812297e-09 7.409450230406e-09 9.780282180983e-09 1.166647912677e-08 1.576130067473e-08 1.450835440393e-08 1.560422535730e-08 1.660560197785e-08 1.762054615504e-08 1.901088726857e-08 
3.869774719883e-09 7.786616322652e-09 1.041186398413e-08 1.259567323865e-08 1.450835440393e-08 1.871588969604e-08 1.763689447543e-08 1.896679758326e-08 2.030566550013e-08 2.213913684813e-08 
3.981638538571e-09 8.109835083724e-09 1.095228103739e-08 1.338672394707e-08 1.560422535730e-08 1.763689447543e-08 2.204103616045e-08 2.123959827905e-08 2.296874928785e-08 2.531970475514e-08 
4.084617083815e-09 8.407403397233e-09 1.144983435135e-08 1.411377207798e-08 1.660560197785e-08 1.896679758326e-08 2.123959827905e-08 2.601422418495e-08 2.573415869115e-08 2.871287196065e-08 
4.189122061350e-09 8.709385347614e-09 1.195480214793e-08 1.485168486264e-08 1.762054615504e-08 2.030566550013e-08 2.296874928785e-08 2.573415869115e-08 3.131401454162e-08 3.270717405854e-08 
4.332226125943e-09 9.122915349660e-09 1.264631239487e-08 1.586227490519e-08 1.901088726857e-08 2.213913684813e-08 2.531970475514e-08 2.871287196065e-08 3.270717405854e-08 4.149764746754e-08 
