1.1146257976854208e-07 5.4158945960911360e-08 4.0041755647705204e-08 3.1604375068555479e-08 2.5546041938920765e-08 2.0732461134932988e-08 1.6616610352859216e-08 1.2847940539010291e-08 9.0730735316782297e-09 4.0645973191817975e-09 
5.4158945960911360e-08 2.9713956578329423e-08 2.0218795666533755e-08 1.6060955677642494e-08 1.3075994447188421e-08 1.0704362603579785e-08 8.6761267508590611e-09 6.8184454361688064e-09 4.9572543261956132e-09 2.4920700514971953e-09 
4.0041755647705204e-08 2.0218795666533755e-08 1.7646210418337303e-08 1.2052931956048390e-08 9.8600640646007437e-09 8.1177873676607010e-09 6.6276049219567463e-09 5.2624607886464563e-09 3.8944974204661058e-09 2.0848061777012488e-09 
3.1604375068555479e-08 1.6060955677642494e-08 1.2052931956048390e-08 1.2195915101593995e-08 7.9380156979461086e-09 6.5718553778850354e-09 5.4032163124930618e-09 4.3324305813660083e-09 3.2592461570672656e-09 1.8413100748002946e-09 
2.5546041938920765e-08 1.3075994447188421e-08 9.8600640646007437e-09 7.9380156979461086e-09 9.0971711746544634e-09 5.4627223620936509e-09 4.5249923134272531e-09 3.6655679871721554e-09 2.8040677145663047e-09 1.6674732456044812e-09 
2.0732461134932988e-08 1.0704362603579785e-08 8.1177873676607010e-09 6.5718553778850354e-09 5.4627223620936509e-09 7.1200020532759844e-09 3.8273522220447007e-09 3.1358412010138622e-09 2.4424749435392290e-09 1.5293951086382002e-09 
1.6616610352859216e-08 8.6761267508590611e-09 6.6276049219567463e-09 5.4032163124930618e-09 4.5249923134272531e-09 3.8273522220447007e-09 5.7687190607583781e-09 2.6824359465885405e-09 2.1327153447484022e-09 1.4105766948707604e-09 
1.2847940539010291e-08 6.8184454361688064e-09 5.2624607886464563e-09 4.3324305813660083e-09 3.6655679871721554e-09 3.1358412010138622e-09 2.6824359465885405e-09 4.8050289182453932e-09 1.8486555692788892e-09 1.3007860844324706e-09 
9.0730735316782297e-09 4.9572543261956132e-09 3.8944974204661058e-09 3.2592461570672656e-09 2.8040677145663047e-09 2.4424749435392290e-09 2.1327153447484022e-09 1.8486555692788892e-09 4.1026752435353100e-09 1.1909278196091772e-09 
4.0645973191817975e-09 2.4920700514971953e-09 2.0848061777012488e-09 1.8413100748002946e-09 1.6674732456044812e-09 1.5293951086382002e-09 1.4105766948707604e-09 1.3007860844324706e-09 1.1909278196091772e-09 3.5940508602331989e-09 
