1.241491274302e-09 3.038988012757e-09 4.107994632448e-09 4.803728097799e-09 5.308040344436e-09 5.709034919802e-09 6.052591088899e-09 6.368850083946e-09 6.689796524629e-09 7.129303843814e-09 
8.872790285143e-11 7.089202145994e-10 1.677732685674e-09 2.593649769070e-09 3.333297871638e-09 3.928787935973e-09 4.437717030877e-09 4.905814650707e-09 5.380810782859e-09 6.031287051647e-09 
5.287566358111e-12 1.082886188543e-10 4.965296964392e-10 1.176276486325e-09 1.934532854851e-09 2.609217779922e-09 3.189896202911e-09 3.721720827492e-09 4.260774387652e-09 4.998908722608e-09 
-2.096978785260e-13 2.094050581493e-12 6.864875389946e-11 3.596527622893e-10 9.180344136035e-10 1.578055907182e-09 2.202514494622e-09 2.778903304857e-09 3.360358022200e-09 4.155684463318e-09 
-9.090787175142e-14 -2.815728923731e-12 -7.694460073892e-12 4.742579795825e-11 2.945857443740e-10 7.733652280922e-10 1.374356550474e-09 1.985917502761e-09 2.604120560076e-09 3.444555466872e-09 
-8.529735306759e-15 -5.343572599545e-13 -4.638226563196e-12 -9.189371643118e-12 3.532238432283e-11 2.385555032101e-10 6.734714102228e-10 1.273283294824e-09 1.932205964866e-09 2.816377346944e-09 
-3.304743611497e-16 -4.250885124657e-14 -7.615362615879e-13 -5.020950016475e-12 -1.353302842397e-11 7.682546708903e-12 1.734228319102e-10 6.115201789136e-10 1.286939069152e-09 2.228725722216e-09 
-5.135318500632e-18 -1.514549679217e-15 -5.502952175867e-14 -7.523846526130e-13 -5.337105873029e-12 -2.081199111099e-11 -3.261181241268e-11 8.580316525266e-11 5.963589618470e-10 1.624895265998e-09 
-2.157429344090e-20 -1.531083086818e-17 -1.140711675274e-15 -3.058961222017e-14 -4.428360214400e-13 -4.076203688803e-12 -2.472042577294e-11 -8.739217142669e-11 -5.075391010635e-11 8.938730557655e-10 
-4.387055838383e-24 -8.450783219542e-21 -1.506859172482e-18 -9.159246012105e-17 -2.977865882950e-15 -6.430634695156e-14 -1.027891585123e-12 -1.253963402997e-11 -1.055104023248e-10 -2.396791390517e-11 
