2.253388478251e-10 6.022921817849e-10 8.447437380461e-10 1.005309534211e-09 1.122008994908e-09 1.214805332711e-09 1.294304982697e-09 1.367487402029e-09 1.441754413948e-09 1.543440646805e-09 
2.150085106060e-11 1.808553039937e-10 4.419865735481e-10 6.958058744393e-10 9.029807487927e-10 1.070071204271e-09 1.212839394292e-09 1.344138893333e-09 1.477371792341e-09 1.659808282293e-09 
1.382314756253e-12 2.979527979104e-11 1.415621975246e-10 3.430659834926e-10 5.715192604550e-10 7.759811487058e-10 9.520624270240e-10 1.113293014457e-09 1.276703929249e-09 1.500448310468e-09 
-7.058282913257e-14 4.235394927967e-13 2.001166576492e-11 1.090896302691e-10 2.829441791357e-10 4.899834255089e-10 6.863052060701e-10 8.675237258517e-10 1.050306364992e-09 1.300304459973e-09 
-2.839362468398e-14 -8.948002647467e-13 -2.550282441703e-12 1.457260975788e-11 9.272852514665e-11 2.450301935205e-10 4.365887595785e-10 6.313939935150e-10 8.281997565319e-10 1.095757911600e-09 
-2.692442295555e-15 -1.698734216232e-13 -1.482426204658e-12 -2.964751655219e-12 1.122733198558e-11 7.631507495467e-11 2.153529632501e-10 4.061272456234e-10 6.150025993830e-10 8.952620873353e-10 
-1.052548141480e-16 -1.357800511358e-14 -2.433911827613e-13 -1.600393183738e-12 -4.258366391578e-12 2.782594989923e-12 5.581031563821e-11 1.938268441793e-10 4.044504177913e-10 6.972056933234e-10 
-1.641395073562e-18 -4.828684532864e-16 -1.745455963615e-14 -2.369128037616e-13 -1.663746180123e-12 -6.388736930880e-12 -9.582341651341e-12 2.801626385934e-11 1.847767094763e-10 4.948238144466e-10 
-6.808391438837e-21 -4.794459050384e-18 -3.545805685856e-16 -9.438823938467e-15 -1.355381746148e-13 -1.234701734374e-12 -7.368897718727e-12 -2.522788073363e-11 -1.087886143558e-11 2.613906521911e-10 
-1.336301114172e-24 -2.556333775990e-21 -4.524317073841e-19 -2.726590679878e-17 -8.774637527500e-16 -1.870657378868e-14 -2.937887061227e-13 -3.489533363516e-12 -2.810145216952e-11 -1.035813115781e-12 
