4.202530023236e-09 9.594581226416e-09 1.269576505384e-08 1.471004041828e-08 1.617036867498e-08 1.733156456356e-08 1.832642260359e-08 1.924223227631e-08 2.017161474623e-08 2.144409458271e-08 
2.473559799801e-10 1.975229592496e-09 4.699431251503e-09 7.305321810503e-09 9.424590450861e-09 1.113388791007e-08 1.259462122712e-08 1.393802371744e-08 1.530120296773e-08 1.716780806704e-08 
1.459800702403e-11 3.042320123810e-10 1.422259527673e-09 3.428365462343e-09 5.709130012960e-09 7.758236255518e-09 9.525768051368e-09 1.114435618038e-08 1.278469158251e-08 1.503062561682e-08 
-6.911250416281e-13 3.988673029635e-12 1.963320534792e-10 1.082496631581e-09 2.835127333838e-09 4.949286960253e-09 6.970910138735e-09 8.841779518740e-09 1.072853985579e-08 1.330867870678e-08 
-2.851293162388e-13 -9.134498149940e-12 -2.751859295808e-11 1.414060834338e-10 9.417910720447e-10 2.539873929467e-09 4.590598818465e-09 6.701984339677e-09 8.840174305167e-09 1.174481474721e-08 
-2.748319521302e-14 -1.767446057743e-12 -1.583834868074e-11 -3.432437987200e-11 1.086374380571e-10 8.054642638971e-10 2.352304911388e-09 4.540129866078e-09 6.968496337666e-09 1.022539533630e-08 
-1.107924405803e-15 -1.465071796153e-13 -2.697802103273e-12 -1.841487657727e-11 -5.296634480106e-11 1.281381430689e-11 6.155872314127e-10 2.282804482735e-09 4.916178577265e-09 8.609250287313e-09 
-1.817028345471e-17 -5.508299633982e-15 -2.049886419671e-13 -2.869358544249e-12 -2.089093383925e-11 -8.429340440326e-11 -1.434557501651e-10 3.052862519410e-10 2.369456664681e-09 6.645980049198e-09 
-8.174165900841e-20 -5.922731185811e-17 -4.489750760391e-15 -1.223176856639e-13 -1.799055155561e-12 -1.685950132984e-11 -1.047270894017e-10 -3.862571568672e-10 -2.947202642695e-10 3.883059723670e-09 
-1.797765877837e-23 -3.502573603597e-20 -6.315719096372e-18 -3.885612908397e-16 -1.280853603455e-14 -2.812359379947e-13 -4.592565858609e-12 -5.768242565631e-11 -5.042448622863e-10 -1.476752505222e-10 
