1.895016746231e-09 4.508991206737e-09 6.034384809725e-09 7.024426786798e-09 7.741865439117e-09 8.312325832908e-09 8.801075740984e-09 9.250992261323e-09 9.707576871573e-09 1.033272018804e-08 
1.240839388379e-10 9.843916304465e-10 2.322555832552e-09 3.586525217606e-09 4.607602715312e-09 5.429847516960e-09 6.132563823442e-09 6.778894837434e-09 7.434749634628e-09 8.332813059067e-09 
7.298292983703e-12 1.490974446123e-10 6.835070890393e-10 1.621322370761e-09 2.670636682018e-09 3.605577675303e-09 4.410472999704e-09 5.147652788357e-09 5.894834957041e-09 6.917887207179e-09 
-2.925831640318e-13 2.725301156797e-12 9.405636473922e-11 4.974730285687e-10 1.275331017422e-09 2.197124440089e-09 3.070858564003e-09 3.877812175885e-09 4.691820935643e-09 5.805139656812e-09 
-1.267637108053e-13 -3.949362643916e-12 -1.094370068970e-11 6.565263448866e-11 4.112087055382e-10 1.083990213288e-09 1.932719639320e-09 2.798654416251e-09 3.674440699871e-09 4.864830172049e-09 
-1.193525007383e-14 -7.497624146864e-13 -6.541420150420e-12 -1.322399248984e-11 4.871487592421e-11 3.359446158252e-10 9.557774734653e-10 1.815766917722e-09 2.763885885561e-09 4.036165420887e-09 
-4.645802293480e-16 -6.012085041902e-14 -1.084416978181e-12 -7.210272724062e-12 -1.974226905758e-11 9.471432824448e-12 2.461332983038e-10 8.809686845329e-10 1.871223016285e-09 3.256217576434e-09 
-7.311092278781e-18 -2.170422830106e-15 -7.931036721274e-14 -1.091512574055e-12 -7.816058562649e-12 -3.098448901889e-11 -5.093249071284e-11 1.195015601163e-10 8.823897495897e-10 2.438995291040e-09 
-3.123504838765e-20 -2.232443755715e-17 -1.676142341102e-15 -4.533195131483e-14 -6.624489169820e-13 -6.162249633655e-12 -3.783016789940e-11 -1.360580753073e-10 -8.804617821356e-11 1.379452179138e-09 
-6.597788175140e-24 -1.279201433601e-20 -2.293949588826e-18 -1.401878930858e-16 -4.582883680759e-15 -9.956933606362e-14 -1.603344803172e-12 -1.975213819546e-11 -1.684491495946e-10 -4.694606658870e-11 
