7.625809561238e-10 1.925167291088e-09 2.633738022473e-09 3.096987248667e-09 3.432982335705e-09 3.700144429707e-09 3.929035416520e-09 4.139739568226e-09 4.353566499612e-09 4.646335153298e-09 
6.021664015664e-11 4.874753636412e-10 1.162147273096e-09 1.803332989600e-09 2.321988039735e-09 2.739631273844e-09 3.096543337504e-09 3.424816611277e-09 3.757927403875e-09 4.214057049100e-09 
3.664958919858e-12 7.584247232994e-11 3.498147520053e-10 8.313600027063e-10 1.369416517741e-09 1.848112982414e-09 2.260019072496e-09 2.637265001179e-09 3.019640180083e-09 3.543196447744e-09 
-1.511322353674e-13 1.428677892612e-12 4.859150148537e-11 2.556643832183e-10 6.527546155154e-10 1.121222972886e-09 1.564044126567e-09 1.972635008820e-09 2.384811433638e-09 2.948581144469e-09 
-6.479877596054e-14 -2.004657179441e-12 -5.428865866334e-12 3.392561286001e-11 2.092669758199e-10 5.479891498086e-10 9.722105271214e-10 1.402869557871e-09 1.837994949120e-09 2.429610324727e-09 
-6.061573331287e-15 -3.783240904353e-13 -3.271829491987e-12 -6.421589400543e-12 2.525641406961e-11 1.689786281574e-10 4.741915583918e-10 8.921474219926e-10 1.350245676768e-09 1.965033697188e-09 
-2.335663486263e-16 -2.996933166117e-14 -5.349199399272e-13 -3.499926344555e-12 -9.246734059280e-12 6.195587056938e-12 1.216151795328e-10 4.233224454951e-10 8.865666721816e-10 1.531477089753e-09 
-3.608409438360e-18 -1.057393665810e-15 -3.814020794144e-14 -5.177939697291e-13 -3.649614516451e-12 -1.415007742325e-11 -2.186410069507e-11 6.003175230163e-11 4.079317671144e-10 1.101815099990e-09 
-1.487430157715e-20 -1.049981022605e-17 -7.798415439883e-16 -2.086554341602e-14 -3.012576544805e-13 -2.760099455156e-12 -1.658732800497e-11 -5.761845131770e-11 -2.995043703474e-11 5.940960243005e-10 
-2.978875504207e-24 -5.717802927364e-21 -1.015095022306e-18 -6.138611776222e-17 -1.984403786382e-15 -4.258569800405e-14 -6.760712632765e-13 -8.184942376030e-12 -6.809705275867e-11 -1.043339433221e-11 
