1.456381737894e-09 3.527309233020e-09 4.749587201642e-09 5.544109347734e-09 6.119947963553e-09 6.577815879842e-09 6.970099728688e-09 7.331214802957e-09 7.697681867526e-09 8.199439950336e-09 
1.006536876936e-10 8.015543123954e-10 1.893908226746e-09 2.925716394511e-09 3.758889855802e-09 4.429703081256e-09 5.003004679530e-09 5.530310235843e-09 6.065386337523e-09 6.798067282893e-09 
5.963904625723e-12 1.219256155516e-10 5.585168233617e-10 1.323085359074e-09 2.176724255819e-09 2.936481510380e-09 3.590462268781e-09 4.189436290824e-09 4.796544225987e-09 5.627806823897e-09 
-2.361214188892e-13 2.311044653599e-12 7.700014329333e-11 4.047936931740e-10 1.034400313094e-09 1.779131203289e-09 2.484527473866e-09 3.135778598808e-09 3.792713050134e-09 4.691226052095e-09 
-1.026302589214e-13 -3.182812429740e-12 -8.717360414976e-12 5.335144729393e-11 3.320875922880e-10 8.739337692540e-10 1.556039704011e-09 2.250425143777e-09 2.952326312935e-09 3.906505895847e-09 
-9.629057269183e-15 -6.036570851436e-13 -5.257067915337e-12 -1.055098422650e-11 3.965538533639e-11 2.709594866416e-10 7.665623222798e-10 1.449575370967e-09 2.200304268733e-09 3.207817255724e-09 
-3.738363561082e-16 -4.828683062704e-14 -8.677658660446e-13 -5.727909016364e-12 -1.540126978057e-11 8.889593531870e-12 1.972677705498e-10 6.956445558463e-10 1.467085042672e-09 2.544219606083e-09 
-5.852008807299e-18 -1.726750313778e-15 -6.267396014725e-14 -8.563445365930e-13 -6.081825281034e-12 -2.384824350686e-11 -3.816316009299e-11 9.569566134927e-11 6.828414866436e-10 1.872417693191e-09 
-2.455494556815e-20 -1.743608549840e-17 -1.301994674703e-15 -3.503530202264e-14 -5.093802501608e-13 -4.712311018801e-12 -2.874178152013e-11 -1.023733216277e-10 -6.225256505820e-11 1.042734562626e-09 
-5.059234814933e-24 -9.775802425088e-21 -1.747761698632e-18 -1.064944569315e-16 -3.470604398627e-15 -7.513532215167e-14 -1.204507114449e-12 -1.475122828448e-11 -1.248460428350e-10 -3.098151797652e-11 
