2.556308362842e-09 5.970635533067e-09 7.943871248655e-09 9.223547484943e-09 1.015084015179e-08 1.088816624342e-08 1.151988096605e-08 1.210140307447e-08 1.269154422944e-08 1.349968834556e-08 
1.586934250299e-10 1.257836848051e-09 2.969676826058e-09 4.589318669321e-09 5.898936055601e-09 6.953856094750e-09 7.855444296938e-09 8.684676095699e-09 9.526124169848e-09 1.067843217152e-08 
9.311107557122e-12 1.907731514488e-10 8.768889747784e-10 2.084527517765e-09 3.439564975150e-09 4.649584100187e-09 5.692081042191e-09 6.646858297157e-09 7.614548129972e-09 8.939608453893e-09 
-3.820570825928e-13 3.340835842475e-12 1.204703953525e-10 6.417536315163e-10 1.653916466147e-09 2.861191994379e-09 4.009692240477e-09 5.071249633935e-09 6.141971339244e-09 7.606394229306e-09 
-1.646354645301e-13 -5.172264786682e-12 -1.476953483519e-11 8.392523835214e-11 5.376600886427e-10 1.430859473358e-09 2.565866290568e-09 3.727877393932e-09 4.903677730544e-09 6.501590076484e-09 
-1.563077408334e-14 -9.914245459711e-13 -8.753320880059e-12 -1.825832864106e-11 6.307405595087e-11 4.482256638988e-10 1.288228410194e-09 2.461889415354e-09 3.759509027951e-09 5.500648276926e-09 
-6.175945836328e-16 -8.069879520043e-14 -1.468130588830e-12 -9.859424846654e-12 -2.748764002810e-11 1.068472932207e-11 3.334787886959e-10 1.210175093447e-09 2.586859207290e-09 4.515883385450e-09 
-9.894485932437e-18 -2.960344394759e-15 -1.088905825067e-13 -1.508339625095e-12 -1.087857899543e-11 -4.352923652559e-11 -7.319608914455e-11 1.613840661466e-10 1.232942989276e-09 3.438514679410e-09 
-4.308544002591e-20 -3.097108550733e-17 -2.336408322276e-15 -6.346372900751e-14 -9.316127392525e-13 -8.714181853312e-12 -5.392168930133e-11 -1.963885440062e-10 -1.343794461768e-10 1.978632887991e-09 
-9.302663827232e-24 -1.810264763455e-20 -3.258615311170e-18 -1.999431458154e-16 -6.563777063352e-15 -1.432115355994e-13 -2.315469515615e-12 -2.862069607310e-11 -2.448646431273e-10 -7.629905830165e-11 
