8.123448076020e-10 2.043711537464e-09 2.791818725153e-09 3.280599107341e-09 3.635079860496e-09 3.916940165426e-09 4.158424284108e-09 4.380721024388e-09 4.606312356284e-09 4.915188486528e-09 
6.339069741464e-11 5.121754561759e-10 1.219649672423e-09 1.891407895548e-09 2.434632915723e-09 2.872035925907e-09 3.245839048309e-09 3.589649115597e-09 3.938525713738e-09 4.416243489781e-09 
3.846989532390e-12 7.946255627472e-11 3.661007869979e-10 8.695997521813e-10 1.431907920215e-09 1.932110407748e-09 2.362545171146e-09 2.756760542602e-09 3.156336059561e-09 3.703443402979e-09 
-1.576037888155e-13 1.504159099286e-12 5.084913157602e-11 2.671756265552e-10 6.817280847498e-10 1.170933938557e-09 1.633418563399e-09 2.060135862313e-09 2.490602938515e-09 3.079389316948e-09 
-6.764555637152e-14 -2.090550233403e-12 -5.658450953887e-12 3.538290792023e-11 2.184657338133e-10 5.723903385609e-10 1.015534499307e-09 1.465413199972e-09 1.920017049868e-09 2.538102598374e-09 
-6.324612960600e-15 -3.950655567651e-13 -3.419824347592e-12 -6.713880545115e-12 2.642269583129e-11 1.765345630166e-10 4.951673449754e-10 9.319919756212e-10 1.411021086155e-09 2.053836974105e-09 
-2.440540538184e-16 -3.131913086219e-14 -5.587048305776e-13 -3.654445487443e-12 -9.675419103783e-12 6.304833449110e-12 1.268239364323e-10 4.429422268084e-10 9.284068812740e-10 1.604203236886e-09 
-3.768757067750e-18 -1.104206546926e-15 -3.986930303742e-14 -5.422253239320e-13 -3.829288620441e-12 -1.486174062994e-11 -2.290753852515e-11 6.310461420851e-11 4.273968398004e-10 1.155257797527e-09 
-1.556837806876e-20 -1.100840916243e-17 -8.182517986831e-16 -2.189036956179e-14 -3.158199576910e-13 -2.891174163652e-12 -1.738369509402e-11 -6.069591033419e-11 -3.282012447532e-11 6.253268065947e-10 
-3.121043138173e-24 -5.988252385513e-21 -1.063319258618e-18 -6.436382300181e-17 -2.084377878724e-15 -4.484513873755e-14 -7.140457330821e-13 -8.662101873259e-12 -7.192813114306e-11 -1.090672502124e-11 
