7.224938815373e-09 1.652853467063e-08 2.199961414788e-08 2.557784855773e-08 2.817509807969e-08 3.024040804003e-08 3.200982307683e-08 3.363863853456e-08 3.529159354738e-08 3.755477286191e-08 
4.449429612554e-10 3.639568634165e-09 8.802547845669e-09 1.381677831337e-08 1.792038488535e-08 2.123505227201e-08 2.406748573638e-08 2.667217031577e-08 2.931517050924e-08 3.293424130245e-08 
2.716630981575e-11 5.826201203554e-10 2.777041739519e-09 6.779837494242e-09 1.138811892423e-08 1.555608222585e-08 1.915510074931e-08 2.244986558042e-08 2.578863822101e-08 3.036004031279e-08 
-1.470569538155e-12 5.295662992271e-12 3.832222548811e-10 2.186091688042e-09 5.828777230759e-09 1.027391908706e-08 1.453621826526e-08 1.847921494793e-08 2.245529527842e-08 2.789256234164e-08 
-5.908086297698e-13 -1.937958851303e-11 -6.174383849054e-11 2.862808163905e-10 1.988080609386e-09 5.412856561930e-09 9.802770245720e-09 1.431376121023e-08 1.888348549743e-08 2.509203327012e-08 
-5.808784123177e-14 -3.783456113752e-12 -3.414810977391e-11 -7.404841694266e-11 2.362814917559e-10 1.734951636646e-09 5.030637929766e-09 9.680724027755e-09 1.486114960594e-08 2.181397546145e-08 
-2.379011324475e-15 -3.147402986180e-13 -5.768372228937e-12 -3.906510656344e-11 -1.112909880428e-10 2.708102040986e-11 1.287931118435e-09 4.823610841811e-09 1.051774381624e-08 1.854329931611e-08 
-3.885721766075e-17 -1.170402381572e-14 -4.343256400327e-13 -6.094283085705e-12 -4.483688001960e-11 -1.855924130163e-10 -3.403302750956e-10 5.942778195635e-10 5.209694579476e-09 1.486805931454e-08 
-1.733606371346e-19 -1.265049113280e-16 -9.701076578573e-15 -2.681753107086e-13 -4.010267210253e-12 -3.823562462364e-11 -2.408883222371e-10 -8.891859466173e-10 -6.184486780222e-10 8.852501208669e-09 
-4.045196514650e-23 -7.961627328476e-20 -1.445520780193e-17 -8.925835313696e-16 -2.942647708848e-14 -6.434312725124e-13 -1.039943754254e-11 -1.279706058507e-10 -1.079506209432e-09 -2.322879115001e-10 
