5.8011327183032283e-08 2.7438060707613875e-08 2.0212678417516635e-08 1.5894788794057081e-08 1.2794344977651295e-08 1.0331095415035122e-08 8.2254297207545643e-09 6.2982549775083485e-09 4.3689599407539188e-09 1.8043385636853591e-09 
2.7438060707613875e-08 1.6257416143083973e-08 1.0182505439710801e-08 8.0691153089973689e-09 6.5519570468721473e-09 5.3466507890467434e-09 4.3161209022960855e-09 3.3726936880896441e-09 2.4281024647159760e-09 1.1750309666328637e-09 
2.0212678417516635e-08 1.0182505439710801e-08 1.0135179080092585e-08 6.0513941735469293e-09 4.9421982648125598e-09 4.0610222179333596e-09 3.3075318143739769e-09 2.6175995525421589e-09 1.9267482416155108e-09 1.0116322309746447e-09 
1.5894788794057081e-08 8.0691153089973689e-09 6.0513941735469293e-09 7.3840911881243874e-09 3.9802424602859631e-09 3.2927500580599460e-09 2.7047986466239984e-09 2.1663470008760483e-09 1.6271276351882089e-09 9.1396872407454848e-10 
1.2794344977651295e-08 6.5519570468721473e-09 4.9421982648125598e-09 3.9802424602859631e-09 5.8285256223872584e-09 2.7417109263427027e-09 2.2726451021902110e-09 1.8429670353671752e-09 1.4126431619669735e-09 8.4453229004071305e-10 
1.0331095415035122e-08 5.3466507890467434e-09 4.0610222179333596e-09 3.2927500580599460e-09 2.7417109263427027e-09 4.8424726536146020e-09 1.9294406456463678e-09 1.5861697812113681e-09 1.2423288188145744e-09 7.8944615626546281e-10 
8.2254297207545643e-09 4.3161209022960855e-09 3.3075318143739769e-09 2.7047986466239984e-09 2.2726451021902110e-09 1.9294406456463678e-09 4.1742258490400055e-09 1.3664217204282115e-09 1.0964404976071002e-09 7.4195900419065806e-10 
6.2982549775083485e-09 3.3726936880896441e-09 2.6175995525421589e-09 2.1663470008760483e-09 1.8429670353671752e-09 1.5861697812113681e-09 1.3664217204282115e-09 3.7034531882460868e-09 9.6276822348377817e-10 6.9802701978131586e-10 
4.3689599407539188e-09 2.4281024647159760e-09 1.9267482416155108e-09 1.6271276351882089e-09 1.4126431619669735e-09 1.2423288188145744e-09 1.0964404976071002e-09 9.6276822348377817e-10 3.3676914956536242e-09 6.5435275637841893e-10 
1.8043385636853591e-09 1.1750309666328637e-09 1.0116322309746447e-09 9.1396872407454848e-10 8.4453229004071305e-10 7.8944615626546281e-10 7.4195900419065806e-10 6.9802701978131586e-10 6.5435275637841893e-10 3.1409147994542431e-09 
