1.2496076487820505e-07 6.0908993240643153e-08 4.5053247733759690e-08 3.5577047453066224e-08 2.8773040359450113e-08 2.3367089642145354e-08 1.8744713129381240e-08 1.4512177559245951e-08 1.0272762381057017e-08 4.6500840570548867e-09 
6.0908993240643153e-08 3.3112970067436810e-08 2.2754376609609163e-08 1.8080604454377905e-08 1.4725336997559914e-08 1.2059525447288879e-08 9.7796958205062288e-09 7.6915362003448811e-09 5.5994374062713747e-09 2.8293645233630865e-09 
4.5053247733759690e-08 2.2754376609609163e-08 1.9543802068733649e-08 1.3569293525516181e-08 1.1102813814049413e-08 9.1431706094707277e-09 7.4670659187303977e-09 5.9315656277556222e-09 4.3928817216023862e-09 2.3579816015841541e-09 
3.5577047453066224e-08 1.8080604454377905e-08 1.3569293525516181e-08 1.3411536429758899e-08 8.9378039964490186e-09 7.4001712455279722e-09 6.0848462812810618e-09 4.8796264901792359e-09 3.6716831330501263e-09 2.0761461866385037e-09 
2.8773040359450113e-08 1.4725336997559914e-08 1.1102813814049413e-08 8.9378039964490186e-09 9.9226118632823916e-09 6.1496436492216630e-09 5.0933936774406690e-09 4.1253197283881387e-09 3.1548751180856240e-09 1.8748561394083339e-09 
2.3367089642145354e-08 1.2059525447288879e-08 9.1431706094707277e-09 7.4001712455279722e-09 6.1496436492216630e-09 7.6945899593611215e-09 4.3058034303695185e-09 3.5261235942843099e-09 2.7443139989332597e-09 1.7149562677788957e-09 
1.8744713129381240e-08 9.7796958205062288e-09 7.4670659187303977e-09 6.0848462812810618e-09 5.0933936774406690e-09 4.3058034303695185e-09 6.1701830619888444e-09 3.0132568398947623e-09 2.3926105457259940e-09 1.5773868975179895e-09 
1.4512177559245951e-08 7.6915362003448811e-09 5.9315656277556222e-09 4.8796264901792359e-09 4.1253197283881387e-09 3.5261235942843099e-09 3.0132568398947623e-09 5.0812910335374989e-09 2.0700657491043342e-09 1.4502856063494022e-09 
1.0272762381057017e-08 5.5994374062713747e-09 4.3928817216023862e-09 3.6716831330501263e-09 3.1548751180856240e-09 2.7443139989332597e-09 2.3926105457259940e-09 2.0700657491043342e-09 4.2854882848999388e-09 1.3230383201087411e-09 
4.6500840570548867e-09 2.8293645233630865e-09 2.3579816015841541e-09 2.0761461866385037e-09 1.8748561394083339e-09 1.7149562677788957e-09 1.5773868975179895e-09 1.4502856063494022e-09 1.3230383201087411e-09 3.7042446310022726e-09 
