3.4743080024035540e-06 1.6935781272787877e-06 1.2353876396970560e-06 9.6163028391021852e-07 7.6506320311169307e-07 6.0893248942552798e-07 4.7557076000164761e-07 3.5371028595881412e-07 2.3203679642355179e-07 6.9711124456827812e-08 
1.6935781272787877e-06 8.4137162085293737e-07 6.1853474499378048e-07 4.8691046385936617e-07 3.9243184495975545e-07 3.1739594682121155e-07 2.5329092980876013e-07 1.9470308892443060e-07 1.3621725853197183e-07 5.8425458959737168e-08 
1.2353876396970560e-06 6.1853474499378048e-07 4.6206215065916306e-07 3.6451605997202016e-07 2.9633422182416482e-07 2.4218720497423537e-07 1.9592286719759097e-07 1.5363455546385190e-07 1.1142619335023400e-07 5.5410250481846952e-08 
9.6163028391021852e-07 4.8691046385936617e-07 3.6451605997202016e-07 2.9392788399740934e-07 2.3892168728485380e-07 1.9725373789320159e-07 1.6164694622097489e-07 1.2909645047903773e-07 9.6613154613113611e-08 5.3607250149549330e-08 
7.6506320311169307e-07 3.9243184495975545e-07 2.9633422182416482e-07 2.3892168728485380e-07 2.0028447955494225e-07 1.6504590738529339e-07 1.3709348528944157e-07 1.1153539096565877e-07 8.6036551713279408e-08 5.2375341385296465e-08 
6.0893248942552798e-07 3.1739594682121155e-07 2.4218720497423537e-07 1.9725373789320159e-07 1.6504590738529339e-07 1.4201321742216319e-07 1.1760767151731293e-07 9.7602665400714988e-08 7.7648745716513717e-08 5.1409314470860799e-08 
4.7557076000164761e-07 2.5329092980876013e-07 1.9592286719759097e-07 1.6164694622097489e-07 1.3709348528944157e-07 1.1760767151731293e-07 1.0348346578371952e-07 8.5690784298038131e-08 7.0467357312190301e-08 5.0559243953915539e-08 
3.5371028595881412e-07 1.9470308892443060e-07 1.5363455546385190e-07 1.2909645047903773e-07 1.1153539096565877e-07 9.7602665400714988e-08 8.5690784298038131e-08 7.7334306355232391e-08 6.3910451120546251e-08 4.9761477497202584e-08 
2.3203679642355179e-07 1.3621725853197183e-07 1.1142619335023400e-07 9.6613154613113611e-08 8.6036551713279408e-08 7.7648745716513717e-08 7.0467357312190301e-08 6.3910451120546251e-08 5.9962909190331023e-08 4.9031224637202017e-08 
6.9711124456827812e-08 5.8425458959737168e-08 5.5410250481846952e-08 5.3607250149549330e-08 5.2375341385296465e-08 5.1409314470860799e-08 5.0559243953915539e-08 4.9761477497202584e-08 4.9031224637202017e-08 5.1129484703656649e-08 
