1.7357392957605148e-08 7.2369189479147177e-09 5.2831978384200623e-09 4.1159079189701861e-09 3.2778019491529664e-09 2.6121226786765543e-09 2.0435135628902876e-09 1.5239143409834004e-09 1.0049949923089106e-09 3.1218436888233938e-10 
7.2369189479147177e-09 6.1172224188579007e-09 2.6358851967644754e-09 2.0725422200746327e-09 1.6681929266363147e-09 1.3470606244995037e-09 1.0727054054667220e-09 8.2194497084407140e-10 5.7155155814313470e-10 2.3821001103340267e-10 
5.2831978384200623e-09 2.6358851967644754e-09 4.4919379133653584e-09 1.5457117291509714e-09 1.2530973760412485e-09 1.0207188990392455e-09 8.2216677123877684e-10 6.4066369530502777e-10 4.5944636058256233e-10 2.1870710936868305e-10 
4.1159079189701861e-09 2.0725422200746327e-09 1.5457117291509714e-09 3.7694187876967786e-09 1.0050933631496653e-09 8.2573577858487006e-10 6.7246568453648920e-10 5.3233819320729237e-10 3.9244965987601039e-10 2.0703474115310374e-10 
3.2778019491529664e-09 1.6681929266363147e-09 1.2530973760412485e-09 1.0050933631496653e-09 3.3656988206036005e-09 6.8596158682829477e-10 5.6521100061480578e-10 4.5479167564438053e-10 3.4458273944205041e-10 1.9890221393867606e-10 
2.6121226786765543e-09 1.3470606244995037e-09 1.0207188990392455e-09 8.2573577858487006e-10 6.8596158682829477e-10 3.1134663032856045e-09 4.8008957910670856e-10 3.9326256832782236e-10 3.0661537964642260e-10 1.9249181954410891e-10 
2.0435135628902876e-09 1.0727054054667220e-09 8.2216677123877684e-10 6.7246568453648920e-10 5.6521100061480578e-10 4.8008957910670856e-10 2.9457796070735229e-09 3.4065789726174570e-10 2.7411204422448536e-10 1.8690934445136593e-10 
1.5239143409834004e-09 8.2194497084407140e-10 6.4066369530502777e-10 5.3233819320729237e-10 4.5479167564438053e-10 3.9326256832782236e-10 3.4065789726174570e-10 2.8310138565269349e-09 2.4442363501204409e-10 1.8171021599809170e-10 
1.0049949923089106e-09 5.7155155814313470e-10 4.5944636058256233e-10 3.9244965987601039e-10 3.4458273944205041e-10 3.0661537964642260e-10 2.7411204422448536e-10 2.4442363501204409e-10 2.7534873970470754e-09 1.7677498403556994e-10 
3.1218436888233938e-10 2.3821001103340267e-10 2.1870710936868305e-10 2.0703474115310374e-10 1.9890221393867606e-10 1.9249181954410891e-10 1.8690934445136593e-10 1.8171021599809170e-10 1.7677498403556994e-10 2.7108573554671401e-09 
