1.6965004035224316e-08 7.0438830097732787e-09 5.1415335406187958e-09 4.0049409912810841e-09 3.1888794257884868e-09 2.5407142417426862e-09 1.9870743799109510e-09 1.4811726256619169e-09 9.7596613266729829e-10 3.0142978647382336e-10 
7.0438830097732787e-09 6.0210156845005617e-09 2.5646359781715849e-09 2.0162063400562903e-09 1.6225631663715273e-09 1.3099360938155524e-09 1.0428516550744671e-09 7.9874582500945950e-10 5.5501450386394988e-10 2.3053058190301244e-10 
5.1415335406187958e-09 2.5646359781715849e-09 4.4388405759622461e-09 1.5034610185861294e-09 1.2186318646702592e-09 9.9243780731439260e-10 7.9917310713221346e-10 6.2251014952283187e-10 4.4613839786014071e-10 2.1183078694088301e-10 
4.0049409912810841e-09 2.0162063400562903e-09 1.5034610185861294e-09 3.7355842288186004e-09 9.7729831234913570e-10 8.0273845915996358e-10 6.5357078374778569e-10 5.1719920403773067e-10 3.8107079487872636e-10 2.0063786965417733e-10 
3.1888794257884868e-09 1.6225631663715273e-09 1.2186318646702592e-09 9.7729831234913570e-10 3.3426887604881214e-09 6.6675268800508282e-10 5.4925333022647242e-10 4.4181126523693859e-10 3.3458278545848661e-10 1.9284289786974553e-10 
2.5407142417426862e-09 1.3099360938155524e-09 9.9243780731439260e-10 8.0273845915996358e-10 6.6675268800508282e-10 3.0972662378910457e-09 4.6646394702161965e-10 3.8199564404759496e-10 2.9770972118776399e-10 1.8669949768793910e-10 
1.9870743799109510e-09 1.0428516550744671e-09 7.9917310713221346e-10 6.5357078374778569e-10 5.4925333022647242e-10 4.6646394702161965e-10 2.9341493704318885e-09 3.3085701106475676e-10 2.6614374707821577e-10 1.8134805314734913e-10 
1.4811726256619169e-09 7.9874582500945950e-10 6.2251014952283187e-10 5.1719920403773067e-10 4.4181126523693859e-10 3.8199564404759496e-10 3.3085701106475676e-10 2.8225563032266275e-09 2.3731350474590054e-10 1.7636318521067669e-10 
9.7596613266729829e-10 5.5501450386394988e-10 4.4613839786014071e-10 3.8107079487872636e-10 3.3458278545848661e-10 2.9770972118776399e-10 2.6614374707821577e-10 2.3731350474590054e-10 2.7472327834167194e-09 1.7163837882646127e-10 
3.0142978647382336e-10 2.3053058190301244e-10 2.1183078694088301e-10 2.0063786965417733e-10 1.9284289786974553e-10 1.8669949768793910e-10 1.8134805314734913e-10 1.7636318521067669e-10 1.7163837882646127e-10 2.7059533768554972e-09 
