1.7868257624017170e-07 8.7761444565653575e-08 6.4978909706358393e-08 5.1362634007338062e-08 4.1586288140265372e-08 3.3818736246833562e-08 2.7176742392025681e-08 2.1094453961080278e-08 1.5002648426306834e-08 6.9301405203134490e-09 
8.7761444565653575e-08 4.6621574609093321e-08 3.2822679394323022e-08 2.6092609321056194e-08 2.1261158262228697e-08 1.7422456125950813e-08 1.4139405052266132e-08 1.1132116463126155e-08 8.1192198337966249e-09 4.1330399139028969e-09 
6.4978909706358393e-08 3.2822679394323022e-08 2.7070535667646475e-08 1.9576874317552434e-08 1.6019863682028831e-08 1.3193733504459013e-08 1.0776400873585385e-08 8.5616581147911104e-09 6.3423119065315504e-09 3.4093161205374822e-09 
5.1362634007338062e-08 2.6092609321056194e-08 1.9576874317552434e-08 1.8221020830311969e-08 1.2887265713393970e-08 1.0666267461621078e-08 8.7662910528298112e-09 7.0251983985705190e-09 5.2801138077560192e-09 2.9765449085685101e-09 
4.1586288140265372e-08 2.1261158262228697e-08 1.6019863682028831e-08 1.2887265713393970e-08 1.3177585046543343e-08 8.8527593171708361e-09 7.3242768480468277e-09 5.9232572727322811e-09 4.5187144471025093e-09 2.6671284706378159e-09 
3.3818736246833562e-08 1.7422456125950813e-08 1.3193733504459013e-08 1.0666267461621078e-08 8.8527593171708361e-09 9.9503650674072313e-09 6.1786966830402625e-09 5.0478392068022866e-09 3.9137763715884910e-09 2.4212629118803055e-09 
2.7176742392025681e-08 1.4139405052266132e-08 1.0776400873585385e-08 8.7662910528298112e-09 7.3242768480468277e-09 6.1786966830402625e-09 7.7366458870979508e-09 4.2985200518886909e-09 3.3955640219863679e-09 2.2098196452065488e-09 
2.1094453961080278e-08 1.1132116463126155e-08 8.5616581147911104e-09 7.0251983985705190e-09 5.9232572727322811e-09 5.0478392068022866e-09 4.2985200518886909e-09 6.1495819754774478e-09 2.9202313807481364e-09 2.0145201636576707e-09 
1.5002648426306834e-08 8.1192198337966249e-09 6.3423119065315504e-09 5.2801138077560192e-09 4.5187144471025093e-09 3.9137763715884910e-09 3.3955640219863679e-09 2.9202313807481364e-09 4.9824240001218758e-09 1.8187511719443827e-09 
6.9301405203134490e-09 4.1330399139028969e-09 3.4093161205374822e-09 2.9765449085685101e-09 2.6671284706378159e-09 2.4212629118803055e-09 2.2098196452065488e-09 2.0145201636576707e-09 1.8187511719443827e-09 4.1136537985873965e-09 
