8.4738176687269633e-08 4.0790539692085270e-08 3.0117477909315995e-08 2.3738944427550038e-08 1.9158960304586169e-08 1.5520112321680490e-08 1.2409039974728880e-08 9.5608997420554504e-09 6.7086849339480560e-09 2.9219024199527047e-09 
4.0790539692085270e-08 2.2980333338192676e-08 1.5196253011636814e-08 1.2061292330461093e-08 9.8107362654613660e-09 8.0226903707647594e-09 6.4936957637641058e-09 5.0935312445996168e-09 3.6910772983291986e-09 1.8325281771472706e-09 
3.0117477909315995e-08 1.5196253011636814e-08 1.3887877398036414e-08 9.0503528255611431e-09 7.4000731544179066e-09 6.0889629141061134e-09 4.9676723834430412e-09 3.9406592062417015e-09 2.9118148440182657e-09 1.5501708169159290e-09 
2.3738944427550038e-08 1.2061292330461093e-08 9.0503528255611431e-09 9.7893992841021270e-09 5.9594176905869905e-09 4.9333155780721524e-09 4.0556542252088609e-09 3.2516358751018413e-09 2.4460666447285299e-09 1.3813795576598667e-09 
1.9158960304586169e-08 9.8107362654613660e-09 7.4000731544179066e-09 5.9594176905869905e-09 7.4641293632523737e-09 4.1042988786052903e-09 3.4015967872374578e-09 2.7576987353028560e-09 2.1124682576609942e-09 1.2610470749513084e-09 
1.5520112321680490e-08 8.0226903707647594e-09 6.0889629141061134e-09 4.9333155780721524e-09 4.1042988786052903e-09 5.9841812160205875e-09 2.8820846942657411e-09 2.3653875253828273e-09 1.8475029003612151e-09 1.1655079624776775e-09 
1.2409039974728880e-08 6.4936957637641058e-09 4.9676723834430412e-09 4.0556542252088609e-09 3.4015967872374578e-09 2.8820846942657411e-09 4.9759451570192513e-09 2.0296288574728640e-09 1.6205264469360867e-09 1.0832462800087600e-09 
9.5608997420554504e-09 5.0935312445996168e-09 3.9406592062417015e-09 3.2516358751018413e-09 2.7576987353028560e-09 2.3653875253828273e-09 2.0296288574728640e-09 4.2601983969103697e-09 1.4124437566657085e-09 1.0072029501330833e-09 
6.7086849339480560e-09 3.6910772983291986e-09 2.9118148440182657e-09 2.4460666447285299e-09 2.1124682576609942e-09 1.8475029003612151e-09 1.6205264469360867e-09 1.4124437566657085e-09 3.7427192257995282e-09 9.3127280479736703e-10 
2.9219024199527047e-09 1.8325281771472706e-09 1.5501708169159290e-09 1.3813795576598667e-09 1.2610470749513084e-09 1.1655079624776775e-09 1.0832462800087600e-09 1.0072029501330833e-09 9.3127280479736703e-10 3.3772821000290721e-09 
