3.422604704734e-10 9.001830466312e-10 1.253259799750e-09 1.486083903691e-09 1.655175168659e-09 1.789629382500e-09 1.904819717936e-09 2.010857038890e-09 2.118465969150e-09 2.265827100805e-09 
3.095351127983e-11 2.571002995359e-10 6.229011286978e-10 9.754861726511e-10 1.262251856605e-09 1.493379736962e-09 1.690876212881e-09 1.872515010539e-09 2.056829442034e-09 2.309236089448e-09 
1.956527909925e-12 4.154513064429e-11 1.951621413223e-10 4.692754408694e-10 7.781344809666e-10 1.053827862508e-09 1.291145162207e-09 1.508464944709e-09 1.728731477762e-09 2.030345497108e-09 
-9.197481442503e-14 6.775112519268e-13 2.742843704020e-11 1.472323093403e-10 3.792381433759e-10 6.542541530852e-10 9.145476891173e-10 1.154745560619e-09 1.397033635586e-09 1.728445708688e-09 
-3.788023190330e-14 -1.184055728998e-12 -3.296882733750e-12 1.964605846089e-11 1.230980373720e-10 3.236143381297e-10 5.750682071514e-10 8.304440194558e-10 1.088413787923e-09 1.439169048120e-09 
-3.569902404785e-15 -2.239637423348e-13 -1.943428522679e-12 -3.834871348809e-12 1.491302815672e-11 1.002183856958e-10 2.816869996736e-10 5.300584570928e-10 8.018433185616e-10 1.166567698896e-09 
-1.384378799348e-16 -1.778819118790e-14 -3.178195939154e-13 -2.081735743678e-12 -5.499815722478e-12 3.777168605158e-12 7.271732252937e-11 2.516382256740e-10 5.246137485691e-10 9.040901275692e-10 
-2.143699742649e-18 -6.287360063614e-16 -2.267166239633e-14 -3.071143136057e-13 -2.153674484115e-12 -8.266297736417e-12 -1.241723051820e-11 3.621915872625e-11 2.392976476684e-10 6.412351542641e-10 
-8.830063642411e-21 -6.210249972015e-18 -4.590964088569e-16 -1.222252999531e-14 -1.755870804857e-13 -1.600430260208e-12 -9.557161212410e-12 -3.276093653326e-11 -1.452603589944e-11 3.393183542235e-10 
-1.731718335284e-24 -3.313822276315e-21 -5.866348223666e-19 -3.536224852761e-17 -1.138435878678e-15 -2.428697919265e-14 -3.819886819173e-13 -4.552890468658e-12 -3.696858337528e-11 -2.611052378549e-12 
