-2.6240621959883068e-09 5.6759456578865276e-09 7.8286801821687876e-09 9.1106566022423371e-09 1.0028254824735068e-08 1.0756850957334011e-08 1.1381017709277823e-08 1.1955591510659498e-08 1.2538683593441514e-08 1.3337229678431257e-08 
-1.2170434881471262e-08 -4.2899933939966765e-10 2.6207932090773595e-09 4.4849507156352217e-09 5.8216757124756984e-09 6.8696969226490131e-09 7.7614354365780299e-09 8.5812321857158006e-09 9.4130874359294595e-09 1.0552304243737380e-08 
-1.7339806760832915e-08 -3.7911154627059072e-09 -3.7664621242729927e-10 1.7452895709854337e-09 3.3457496317612559e-09 4.5990559559171488e-09 5.6409364564428455e-09 6.5890002265566199e-09 7.5492797591260249e-09 8.8642002073531146e-09 
-2.1460473053096727e-08 -6.4029283994356658e-09 -2.6320429255888397e-09 -3.8970024986406050e-10 1.3467068682269898e-09 2.7840941198472762e-09 3.9795151626092187e-09 5.0427698047919196e-09 6.1084590748201208e-09 7.5654106067602366e-09 
-2.5201255890154442e-08 -8.7378010327261499e-09 -4.5494773475198237e-09 -2.1216396010594575e-09 -3.5308521767120650e-10 1.1589634441091598e-09 2.5028213539607168e-09 3.7055234229859634e-09 4.8808908233422063e-09 6.4717958853811132e-09 
-2.8899993528880078e-08 -1.1021040972386522e-08 -6.4248959390152801e-09 -3.7255555125157600e-09 -1.8478526823735906e-09 -3.4133063955059438e-10 1.0578805964078270e-09 2.4160529930291296e-09 3.7416094465891225e-09 5.4775339637162252e-09 
-3.2790187228394375e-08 -1.3394277586255274e-08 -8.3944532096836590e-09 -5.4188403317785131e-09 -3.3288103306974372e-09 -1.7396333123404620e-09 -3.7591112966006130e-10 1.0303937421622422e-09 2.5603059581985516e-09 4.4991413689403812e-09 
-3.7221504858233384e-08 -1.6064839500583396e-08 -1.0609121977406477e-08 -7.3489984053568163e-09 -5.0202512111877843e-09 -3.2183059465735724e-09 -1.7788886689274246e-09 -4.8728038862252878e-10 1.1131120492552268e-09 3.4242360259658435e-09 
-4.3875700825430562e-08 -1.9905933000168409e-08 -1.3724633841689808e-08 -1.0029027246202878e-08 -7.3762286189367089e-09 -5.2755991379723340e-09 -3.5264341391839103e-09 -2.0930743330250633e-09 -7.7376789764999866e-10 1.9242806566252813e-09 
-5.8049545118643472e-08 -2.7920368347487289e-08 -2.0150652950694657e-08 -1.5505297238962087e-08 -1.2169550534108559e-08 -9.5174622363486275e-09 -7.2470325875253826e-09 -5.1835802280766793e-09 -3.3147748661807108e-09 -9.8492006929166461e-10 
