-9.3440573269365420e-10 1.2878818077979589e-09 1.8651535239329467e-09 2.2088893158509750e-09 2.4548084301975824e-09 2.6500313009099659e-09 2.8172653338847084e-09 2.9712112217014325e-09 3.1274393962542308e-09 3.3413940997805104e-09 
-3.7423372509132633e-09 -1.5332178255703483e-10 7.7877074427826848e-10 1.3489412154282635e-09 1.7577507631819813e-09 2.0781540815027583e-09 2.3507589177071058e-09 2.6013746118108395e-09 2.8556778333890085e-09 3.2039434553065438e-09 
-5.3507883515626126e-09 -1.1660131835735182e-09 -1.1142645653787198e-10 5.4445384488922251e-10 1.0390119401475426e-09 1.4259563504913192e-09 1.7476270998242626e-09 2.0404282554562666e-09 2.3370382527624928e-09 2.7431950994376577e-09 
-6.4694390703204429e-09 -1.9202605410347124e-09 -7.8153108974450726e-10 -1.0365342047443950e-10 4.2207005216674211e-10 8.5658159891219954e-10 1.2173445012890310e-09 1.5383179759918984e-09 1.8602457172971810e-09 2.3004450881403252e-09 
-7.3088534564675646e-09 -2.5225799002757259e-09 -1.3056394013710910e-09 -6.0043007176210498e-10 -8.5298215922102498e-11 3.5581929550126559e-10 7.4668700177918765e-10 1.0956511662162146e-09 1.4370014760098173e-09 1.8994837322089573e-09 
-7.9744895984901304e-09 -3.0297048677348821e-09 -1.7588352493455473e-09 -1.0130642872965666e-09 -4.9416817046430214e-10 -7.6231066046308440e-11 3.1254148419670090e-10 6.8806471619974722e-10 1.0535973026214126e-09 1.5333817798380600e-09 
-8.5222538785987564e-09 -3.4709354129626405e-09 -2.1688726067010065e-09 -1.3942368330382707e-09 -8.5070434447218586e-10 -4.3727416756580789e-10 -8.0499460951328265e-11 2.8805145577993601e-10 6.8570473318794157e-10 1.1891864875339746e-09 
-8.9988352785625081e-09 -3.8748120986536267e-09 -2.5534729377729628e-09 -1.7639397471805209e-09 -1.2002223835360923e-09 -7.6465712942170724e-10 -4.1674320029525042e-10 -1.0157548209729237e-10 2.8937991863209570e-10 8.4615104945884412e-10 
-9.6560990657952949e-09 -4.3730876665261152e-09 -3.0107103546941990e-09 -2.1961896583703262e-09 -1.6115345908288361e-09 -1.1487736069543602e-09 -7.6422595343247033e-10 -4.4983729910241462e-10 -1.5528329651996224e-10 4.4204606577557823e-10 
-1.0983707743407266e-08 -5.2706693931352002e-09 -3.7973906910834335e-09 -2.9165471578979876e-09 -2.2840294689932070e-09 -1.7811508747748785e-09 -1.3507108478896386e-09 -9.6018451706362480e-10 -6.1011111893009658e-10 -1.6507290460150514e-10 
