4.574193991279e-10 1.187229925078e-09 1.643203756106e-09 1.942939793843e-09 2.160516723187e-09 2.333522572291e-09 2.481742727667e-09 2.618185547608e-09 2.756650636106e-09 2.946266531255e-09 
3.957982978516e-11 3.256831411459e-10 7.842769379506e-10 1.223852738326e-09 1.580566299515e-09 1.867951610823e-09 2.113532546423e-09 2.339400477056e-09 2.568596183598e-09 2.882464827973e-09 
2.469125451603e-12 5.189374370050e-11 2.420003624799e-10 5.791156479469e-10 9.574590332267e-10 1.294670873157e-09 1.584896420360e-09 1.850676482716e-09 2.120065669549e-09 2.488944680504e-09 
-1.101125633325e-13 9.107962274470e-13 3.391188596494e-11 1.801663973546e-10 4.620493943495e-10 7.955442642023e-10 1.110907405774e-09 1.401867416434e-09 1.695375357439e-09 2.096852088751e-09 
-4.598800732681e-14 -1.429802907710e-12 -3.933549444415e-12 2.395961092679e-11 1.491857134684e-10 3.913570713193e-10 6.944476580265e-10 1.002105527990e-09 1.312916078613e-09 1.735522755827e-09 
-4.319905053729e-15 -2.705644677209e-13 -2.343054253186e-12 -4.587958274062e-12 1.811630856682e-11 1.207868118218e-10 3.387511015004e-10 6.371720457037e-10 9.637867999495e-10 1.402074210720e-09 
-1.671462652219e-16 -2.142824092081e-14 -3.819606508032e-13 -2.497425702047e-12 -6.599475591627e-12 4.480270263393e-12 8.723280495354e-11 3.023833912466e-10 6.305370526145e-10 1.086819867601e-09 
-2.576363440069e-18 -7.547195596968e-16 -2.722442911089e-14 -3.691761405633e-13 -2.591627614262e-12 -9.947548761443e-12 -1.490343479774e-11 4.350694697952e-11 2.873520699044e-10 7.716671740841e-10 
-1.061142076854e-20 -7.470321864792e-18 -5.523673723059e-16 -1.469978740953e-14 -2.110608564709e-13 -1.924111752158e-12 -1.152024273419e-11 -3.980869265870e-11 -1.879759329164e-11 4.111940996261e-10 
-2.081115622186e-24 -3.984331978874e-21 -7.062395616739e-19 -4.265857872386e-17 -1.376981310492e-15 -2.946927043097e-14 -4.651395317939e-13 -5.561751152349e-12 -4.522285702348e-11 -4.532709046459e-12 
