4.135197772177e-10 1.078617117106e-09 1.496055823347e-09 1.770759711522e-09 1.970200668166e-09 2.128786422670e-09 2.264651816324e-09 2.389721496910e-09 2.516644877377e-09 2.690455437043e-09 
3.636578633639e-11 3.002079516440e-10 7.244627894074e-10 1.131890053069e-09 1.462781546820e-09 1.729395563818e-09 1.957221835586e-09 2.166758884112e-09 2.379382891447e-09 2.670557671743e-09 
2.279364029720e-12 4.807249275945e-11 2.246931721787e-10 5.386439802298e-10 8.914859483730e-10 1.206068365042e-09 1.476842005614e-09 1.724806878885e-09 1.976136928257e-09 2.320287138310e-09 
-1.036123794965e-13 8.167077282515e-13 3.152458049244e-11 1.681475130998e-10 4.316507635216e-10 7.435712039990e-10 1.038691733337e-09 1.310976600769e-09 1.585639883419e-09 1.961339567735e-09 
-4.304934340290e-14 -1.338857111950e-12 -3.686304348361e-12 2.236953149130e-11 1.394979115214e-10 3.664367893644e-10 6.506471606020e-10 9.390726530758e-10 1.230462052602e-09 1.626663583423e-09 
-4.040929662467e-15 -2.532396098448e-13 -2.196959906982e-12 -4.321621394128e-12 1.697097483189e-11 1.133939670899e-10 3.178177649133e-10 5.975602747020e-10 9.038416254679e-10 1.314821741402e-09 
-1.565814279040e-16 -2.010575493345e-14 -3.584632425048e-13 -2.340932543600e-12 -6.168475631375e-12 4.220963026783e-12 8.164664703615e-11 2.833854513658e-10 5.913303385352e-10 1.019258128876e-09 
-2.418041933584e-18 -7.075215317731e-16 -2.550055081460e-14 -3.458617921926e-13 -2.431303658128e-12 -9.353085151520e-12 -1.401315871695e-11 4.114402593857e-11 2.699533868923e-10 7.231393784367e-10 
-9.939438963008e-21 -7.004455559877e-18 -5.185529720220e-16 -1.380863110760e-14 -1.981619298546e-13 -1.802539319657e-12 -1.074934389243e-11 -3.701167656910e-11 -1.755593670133e-11 3.837197985380e-10 
-1.952161194915e-24 -3.730424107100e-21 -6.598942263636e-19 -3.978948161032e-17 -1.282971304273e-15 -2.745351375326e-14 -4.337865266080e-13 -5.198464646258e-12 -4.226914370718e-11 -3.314657994767e-12 
