-5.8132743291826428e-09 1.2679032836746934e-08 1.7476553997095579e-08 2.0334464847525342e-08 2.2379732029871206e-08 2.4003442319372653e-08 2.5394351586850318e-08 2.6674738291523364e-08 2.7974106822475782e-08 2.9753595332886194e-08 
-2.9741654134296539e-08 -1.3954273379761531e-09 5.9589343681364440e-09 1.0461272188705336e-08 1.3694372209944492e-08 1.6227374317586908e-08 1.8380951238331647e-08 2.0360398853006071e-08 2.2368920271131254e-08 2.5119565775606566e-08 
-4.5371355706686927e-08 -1.0134852935729453e-08 -1.2643359191312517e-09 4.2417207671404557e-09 8.4074469055228870e-09 1.1673718139190622e-08 1.4385881240383256e-08 1.6851827031302055e-08 1.9348997065699193e-08 2.2768319556745288e-08 
-5.9241237952972225e-08 -1.7814766794450061e-08 -7.4364529383767021e-09 -1.2760662481879514e-09 3.4906194234324232e-09 7.4442614658390142e-09 1.0737650520291286e-08 1.3665779785399262e-08 1.6598013431079477e-08 2.0605980552101835e-08 
-7.2807629076189241e-08 -2.5363611513550848e-08 -1.3286949024499217e-08 -6.2842073668879305e-09 -1.1970552074198855e-09 3.1433451158736419e-09 7.0146308289363412e-09 1.0488731243456730e-08 1.3879004350345140e-08 1.8463723217428047e-08 
-8.7292092576523924e-08 -3.3379526607113035e-08 -1.9517426378094820e-08 -1.1370313161055952e-08 -5.7060610074106048e-09 -1.1783298224737864e-09 3.0285080304910488e-09 7.1306419977481665e-09 1.1134498873549529e-08 1.6369966088040161e-08 
-1.0166107830382655e-07 -4.1552088403187387e-08 -2.6057011647768023e-08 -1.6833765927402108e-08 -1.0354336038001352e-08 -5.4320778206848269e-09 -1.2123541111877068e-09 3.1472396839174937e-09 7.8916208355578297e-09 1.3900430646035455e-08 
-1.1590672267137730e-07 -5.0029931324080834e-08 -3.3042124399860563e-08 -2.2890827511832500e-08 -1.5639617015963345e-08 -1.0029170683999499e-08 -5.5469622323889463e-09 -1.5214559839683549e-09 3.4573516144843026e-09 1.0651586126553686e-08 
-1.3990234744140895e-07 -6.3524526265235393e-08 -4.3828290824586032e-08 -3.2052519385092900e-08 -2.3599507501873577e-08 -1.6905272805369900e-08 -1.1326825231523929e-08 -6.7441258102927459e-09 -2.5556077813019120e-09 6.0026871554427959e-09 
-1.9369184385683952e-07 -9.3146517746641929e-08 -6.7217878361961525e-08 -5.1715669171599493e-08 -4.0583809027636571e-08 -3.1733384422365833e-08 -2.4156208863479675e-08 -1.7266457540618161e-08 -1.1024199432009233e-08 -3.2922256167855623e-09 
