3.270660289051e-10 8.619035549631e-10 1.201013090637e-09 1.424736439487e-09 1.587231643107e-09 1.716441160094e-09 1.827138040335e-09 1.929038929950e-09 2.032450120218e-09 2.174062829348e-09 
2.977084606711e-11 2.476223567453e-10 6.005335880842e-10 9.410161551548e-10 1.218043463406e-09 1.441335739064e-09 1.632136390205e-09 1.807616249261e-09 1.985680925633e-09 2.229528944531e-09 
1.885641973169e-12 4.010440291998e-11 1.886330107740e-10 4.539678013056e-10 7.530803180844e-10 1.020147439662e-09 1.250055539937e-09 1.460587267057e-09 1.673973038994e-09 1.966165044896e-09 
-8.946619312002e-14 6.475594580650e-13 2.654738199132e-11 1.426250394888e-10 3.675639363206e-10 6.343896047648e-10 8.869720204180e-10 1.120052375716e-09 1.355161190140e-09 1.676752234556e-09 
-3.671649584435e-14 -1.148308649636e-12 -3.206996272750e-12 1.901728929139e-11 1.194427577487e-10 3.142014622974e-10 5.584178126548e-10 8.064741154223e-10 1.057060638417e-09 1.397771589349e-09 
-3.462891531319e-15 -2.174943217211e-13 -1.888704295487e-12 -3.727679203384e-12 1.448924776637e-11 9.732443704488e-11 2.735856041450e-10 5.149936817077e-10 7.791692123290e-10 1.133663148773e-09 
-1.344952053061e-16 -1.728198349594e-14 -3.087192561019e-13 -2.022630021266e-12 -5.353302256952e-12 3.625186938549e-12 7.066369285941e-11 2.447650295798e-10 5.101891867746e-10 8.791388564514e-10 
-2.082216709648e-18 -6.108740884352e-16 -2.204325250968e-14 -2.988085146571e-13 -2.095940601871e-12 -8.036848171254e-12 -1.201782966203e-11 3.530775939486e-11 2.324936409601e-10 6.229901036606e-10 
-8.590039989132e-21 -6.043382205065e-18 -4.466198932495e-16 -1.188154699456e-14 -1.705417133112e-13 -1.553564015159e-12 -9.280778871350e-12 -3.187096623495e-11 -1.419164681105e-11 3.298936837500e-10 
-1.681232559519e-24 -3.216701871440e-21 -5.695687775342e-19 -3.435033641643e-17 -1.106548957086e-15 -2.362080047585e-14 -3.716054801961e-13 -4.424731162630e-12 -3.579173407195e-11 -2.395059720125e-12 
