2.302299698358e-09 5.410367951472e-09 7.211814436372e-09 8.380282523731e-09 9.226992826761e-09 9.900242127631e-09 1.047705829525e-08 1.100804389135e-08 1.154689951348e-08 1.228481288799e-08 
1.453900852021e-10 1.152214832368e-09 2.719040611585e-09 4.200732070180e-09 5.398327505883e-09 6.362830492839e-09 7.187143186688e-09 7.945308784920e-09 8.714644917402e-09 9.768200414040e-09 
8.527390657623e-12 1.745332261335e-10 8.020289846337e-10 1.905198031879e-09 3.140477864337e-09 4.242200167409e-09 5.191143048107e-09 6.060260265274e-09 6.941147851577e-09 8.147352318158e-09 
-3.472827492079e-13 3.167325357880e-12 1.106118610451e-10 5.855002623173e-10 1.503574968767e-09 2.595718233821e-09 3.633412174577e-09 4.592306716909e-09 5.559513947740e-09 6.882386441484e-09 
-1.493730669464e-13 -4.668445345284e-12 -1.314858346530e-11 7.661033268153e-11 4.863453757942e-10 1.290115910102e-09 2.309186251689e-09 3.351309995976e-09 4.405604414626e-09 5.838496440328e-09 
-1.412466977907e-14 -8.930024206235e-13 -7.856108405534e-12 -1.623430230916e-11 5.720655740854e-11 4.027695513109e-10 1.153850349252e-09 2.200579192572e-09 3.356741742958e-09 4.908168960167e-09 
-5.554569298665e-16 -7.236909045740e-14 -1.313104186168e-12 -8.789647317582e-12 -2.434948393727e-11 1.026797171178e-11 2.981962528740e-10 1.076654619537e-09 2.296947586028e-09 4.005683425055e-09 
-8.850697143993e-18 -2.641246994395e-15 -9.692116618747e-14 -1.339258774990e-12 -9.634536216247e-12 -3.845019773401e-11 -6.432203256529e-11 1.443830975514e-10 1.091950845784e-09 3.033804953970e-09 
-3.828126069973e-20 -2.745960913659e-17 -2.068502688118e-15 -5.612911635288e-14 -8.231026926950e-13 -7.685819576373e-12 -4.738060084656e-11 -1.713263643819e-10 -1.150136643528e-10 1.732081438354e-09 
-8.213903753679e-24 -1.596240108971e-20 -2.868093244752e-18 -1.755814740078e-16 -5.749633252641e-15 -1.251550169277e-13 -2.020645245046e-12 -2.500702502569e-11 -2.150598352503e-10 -6.281276827007e-11 
