-3.7861017601176809e-10 4.1766908458658286e-10 6.2471345607628150e-10 7.4804061582422156e-10 8.3623736861680674e-10 9.0623130818451053e-10 9.6618550566269108e-10 1.0213753471488395e-09 1.0773833693639895e-09 1.1540864001671138e-09 
-1.5467261096398581e-09 -8.2680678672834161e-11 2.9711242956131638e-10 5.2985482055083100e-10 6.9692913963711399e-10 8.2776852107836274e-10 9.3900910365363667e-10 1.0412589684282447e-09 1.1450115536301119e-09 1.2870995348246097e-09 
-2.3545278313585662e-09 -5.2254046707413806e-10 -6.1303361360929474e-11 2.2533839001509140e-10 4.4199262825767589e-10 6.1167453518095760e-10 7.5259894731035756e-10 8.8078813025502274e-10 1.0106255303204605e-09 1.1884136352337232e-09 
-2.9677651091658743e-09 -8.8601013717578880e-10 -3.6477382698658829e-10 -5.4953727982841038e-11 1.8520225018227590e-10 3.8410101313963489e-10 5.4938282512580734e-10 6.9633615588108863e-10 8.4365400891988664e-10 1.0450775505899197e-09 
-3.4464009899173470e-09 -1.1922671972872632e-09 -6.1894847716159163e-10 -2.8674928103416355e-10 -4.4473967063534068e-11 1.6298130201682315e-10 3.4712342863615170e-10 5.1161618658017543e-10 6.7242214471207806e-10 8.9022997737346110e-10 
-3.8243430589845589e-09 -1.4542212412993352e-09 -8.4502110275456695e-10 -4.8745764992186810e-10 -2.3875135300385045e-10 -3.8632404923078412e-11 1.4758305669891352e-10 3.2766404134209138e-10 5.0295374196109326e-10 7.3293218468583420e-10 
-4.1176831005605645e-09 -1.6772892498896213e-09 -1.0482319743747673e-09 -6.7397059100868228e-10 -4.1135486292932383e-10 -2.1165080746529281e-10 -3.9368986657693733e-11 1.3870538807279425e-10 3.3089014829554966e-10 5.7411333085306117e-10 
-4.3364520301533415e-09 -1.8667818272745343e-09 -1.2299244274828874e-09 -8.4938651972956427e-10 -5.7769289191635491e-10 -3.6779515029647933e-10 -2.0017977174789691e-10 -4.8210578960572306e-11 1.4048794175451142e-10 4.0869634833421672e-10 
-4.5655964488159453e-09 -2.0666015735304681e-09 -1.4221634845072058e-09 -1.0368752862337122e-09 -7.6032174729606720e-10 -5.4144755282144139e-10 -3.5966446139308588e-10 -2.1120735597782338e-10 -7.1476559718697031e-11 2.1166557478799722e-10 
-4.8266263374424809e-09 -2.3125618144423724e-09 -1.6642347645139824e-09 -1.2766131382330447e-09 -9.9826917168955748e-10 -7.7697500485874456e-10 -5.8757471049974971e-10 -4.1590992720505810e-10 -2.6301337507499028e-10 -6.6518579191598599e-11 
