3.5184682154476785e-08 1.6065536797744137e-08 1.1792467020624985e-08 9.2390526680291462e-09 7.4055573937297210e-09 5.9489800103413519e-09 4.7041711488703511e-09 3.5654549291789498e-09 2.4262582710305949e-09 9.0885266207699187e-10 
1.6065536797744137e-08 1.0539287812779186e-08 5.9219939919728166e-09 4.6797674525851105e-09 3.7880275187378571e-09 3.0796513626856843e-09 2.4741495601063526e-09 1.9201177845701036e-09 1.3658404962225350e-09 6.2929151890881007e-10 
1.1792467020624985e-08 5.9219939919728166e-09 6.9470629556441738e-09 3.5042143617841233e-09 2.8551114258530946e-09 2.3395030384954283e-09 1.8987221087529950e-09 1.4953403072759986e-09 1.0917724303419919e-09 5.5641352598216276e-10 
9.2390526680291462e-09 4.6797674525851105e-09 3.5042143617841233e-09 5.3402387703107509e-09 2.2976665343065455e-09 1.8972369492716036e-09 1.5548728807828603e-09 1.2415079614752640e-09 9.2799587901665798e-10 5.1285665426285077e-10 
7.4055573937297210e-09 3.7880275187378571e-09 2.8551114258530946e-09 2.2976665343065455e-09 4.4362436301736172e-09 1.5800978904215813e-09 1.3084174314194718e-09 1.0596924374783494e-09 8.1085745334663477e-10 4.8206640078458997e-10 
5.9489800103413519e-09 3.0796513626856843e-09 2.3395030384954283e-09 1.8972369492716036e-09 1.5800978904215813e-09 3.8667017771978243e-09 1.1127377795034202e-09 9.1535717257943798e-10 7.1788188143978551e-10 4.5768269230366921e-10 
4.7041711488703511e-09 2.4741495601063526e-09 1.8987221087529950e-09 1.5548728807828603e-09 1.3084174314194718e-09 1.1127377795034202e-09 3.4838034524396073e-09 7.9188029227098633e-10 6.3825204167341268e-10 4.3660752992392473e-10 
3.5654549291789498e-09 1.9201177845701036e-09 1.4953403072759986e-09 1.2415079614752640e-09 1.0596924374783494e-09 9.1535717257943798e-10 7.9188029227098633e-10 3.2172426124775232e-09 5.6536419440502033e-10 4.1707639318338362e-10 
2.4262582710305949e-09 1.3658404962225350e-09 1.0917724303419919e-09 9.2799587901665798e-10 8.1085745334663477e-10 7.1788188143978551e-10 6.3825204167341268e-10 5.6536419440502033e-10 3.0312155298121212e-09 3.9786328828959753e-10 
9.0885266207699187e-10 6.2929151890881007e-10 5.5641352598216276e-10 5.1285665426285077e-10 4.8206640078458997e-10 4.5768269230366921e-10 4.3660752992392473e-10 4.1707639318338362e-10 3.9786328828959753e-10 2.9148184986371687e-09 
