2.9697048096512688e-08 1.3339492818506457e-08 9.7782329811618927e-09 7.6502360889222680e-09 6.1222260859649911e-09 4.9083798716362360e-09 3.8711261165718018e-09 2.9224846774529361e-09 1.9737492710323077e-09 7.0922346461524582e-10 
1.3339492818506457e-08 9.1709379408470190e-09 4.9036479383658353e-09 3.8706029323253030e-09 3.1290409223580183e-09 2.5399889870772920e-09 2.0365381050350450e-09 1.5759880918486126e-09 1.1154027116579069e-09 5.0303439084620740e-10 
9.7782329811618927e-09 4.9036479383658353e-09 6.1854743730207767e-09 2.8960786342746631e-09 2.3571310153459809e-09 1.9290450775345378e-09 1.5631256807019415e-09 1.2283323617432339e-09 8.9351778557878302e-10 4.4917284207353944e-10 
7.6502360889222680e-09 3.8706029323253030e-09 2.8960786342746631e-09 4.8522456590139070e-09 1.8959063609328660e-09 1.5639939721556565e-09 1.2802430917679139e-09 1.0205895759427714e-09 7.6092619254242012e-10 4.1697887990665124e-10 
6.1222260859649911e-09 3.1290409223580183e-09 2.3571310153459809e-09 1.8959063609328660e-09 4.1035295602356053e-09 1.3022463943550486e-09 1.0775095185649190e-09 8.7181250472790390e-10 6.6612190095995474e-10 3.9428581300377326e-10 
4.9083798716362360e-09 2.5399889870772920e-09 1.9290450775345378e-09 1.5639939721556565e-09 1.3022463943550486e-09 3.6328579732522716e-09 9.1656012733693694e-10 7.5371972419531433e-10 5.9088622979116985e-10 3.7633058591281857e-10 
3.8711261165718018e-09 2.0365381050350450e-09 1.5631256807019415e-09 1.2802430917679139e-09 1.0775095185649190e-09 9.1656012733693694e-10 3.3173533868942970e-09 6.5270588645124970e-10 5.2645496025475306e-10 3.6079053991101230e-10 
2.9224846774529361e-09 1.5759880918486126e-09 1.2283323617432339e-09 1.0205895759427714e-09 8.7181250472790390e-10 7.5371972419531433e-10 6.5270588645124970e-10 3.0986741574751167e-09 4.6750539239662349e-10 3.4637605206709641e-10 
1.9737492710323077e-09 1.1154027116579069e-09 8.9351778557878302e-10 7.6092619254242012e-10 6.6612190095995474e-10 5.9088622979116985e-10 5.2645496025475306e-10 4.6750539239662349e-10 2.9473156891230733e-09 3.3227953823801289e-10 
7.0922346461524582e-10 5.0303439084620740e-10 4.4917284207353944e-10 4.1697887990665124e-10 3.9428581300377326e-10 3.7633058591281857e-10 3.6079053991101230e-10 3.4637605206709641e-10 3.3227953823801289e-10 2.8555006109627761e-09 
