2.1227893188984650e-08 9.1460871560218568e-09 6.6868373993685138e-09 5.2174316749457944e-09 4.1623604583355456e-09 3.3242910327509617e-09 2.6083135280737510e-09 1.9538203272731890e-09 1.2997743078003869e-09 4.2696034212735505e-10 
9.1460871560218568e-09 7.0707629818237754e-09 3.3430659080705730e-09 2.6324942149798157e-09 2.1224438503886280e-09 1.7173324232209639e-09 1.3711739470308145e-09 1.0546725102833371e-09 7.3842114464738712e-10 3.1753586225224472e-10 
6.6868373993685138e-09 3.3430659080705730e-09 5.0195492616354516e-09 1.9660097580347174e-09 1.5963645540018440e-09 1.3027883277115579e-09 1.0519053070597753e-09 8.2248159485978835e-10 5.9325637959011524e-10 2.8879910663649513e-10 
5.2174316749457944e-09 2.6324942149798157e-09 1.9660097580347174e-09 4.1062615407005844e-09 1.2820418859005988e-09 1.0551001565486616e-09 8.6113495542652136e-10 6.8373629187544734e-10 5.0650749533798832e-10 2.7161330178922607e-10 
4.1623604583355456e-09 2.1224438503886280e-09 1.5963645540018440e-09 1.2820418859005988e-09 3.5950680564088013e-09 8.7753027420884440e-10 7.2444279273608987e-10 5.8440080961525427e-10 4.4451422148356619e-10 2.5958308309308977e-10 
3.3242910327509617e-09 1.7173324232209639e-09 1.3027883277115579e-09 1.0551001565486616e-09 8.7753027420884440e-10 3.2750130825084954e-09 6.1594529045016217e-10 5.0557201511339222e-10 3.9533324707386763e-10 2.5008581989258419e-10 
2.6083135280737510e-09 1.3711739470308145e-09 1.0519053070597753e-09 8.6113495542652136e-10 7.2444279273608987e-10 6.1594529045016217e-10 3.0616306589039393e-09 4.3816323066804469e-10 3.5322353977101924e-10 2.4183716757257089e-10 
1.9538203272731890e-09 1.0546725102833371e-09 8.2248159485978835e-10 6.8373629187544734e-10 5.8440080961525427e-10 5.0557201511339222e-10 4.3816323066804469e-10 2.9149485053703561e-09 3.1473487141368479e-10 2.3416842142252904e-10 
1.2997743078003869e-09 7.3842114464738712e-10 5.9325637959011524e-10 5.0650749533798832e-10 4.4451422148356619e-10 3.9533324707386763e-10 3.5322353977101924e-10 3.1473487141368479e-10 2.8150099045403892e-09 2.2678989808346744e-10 
4.2696034212735505e-10 3.1753586225224472e-10 2.8879910663649513e-10 2.7161330178922607e-10 2.5958308309308977e-10 2.5008581989258419e-10 2.4183716757257089e-10 2.3416842142252904e-10 2.2678989808346744e-10 2.7580533859027089e-09 
