2.1855427179708336e-08 9.4560712347860897e-09 6.9149819771028485e-09 5.3966685853558737e-09 4.3064758298427567e-09 3.4405009342127391e-09 2.7006677169367601e-09 2.0243373087236106e-09 1.3484181358390309e-09 4.4649917296585436e-10 
9.4560712347860897e-09 7.2257483843222321e-09 3.4580971678002748e-09 2.7236489052044350e-09 2.1964571363738885e-09 1.7777269968904408e-09 1.4199240110510168e-09 1.0927606535009777e-09 7.6582886598272980e-10 3.3076134792682655e-10 
6.9149819771028485e-09 3.4580971678002748e-09 5.1054196429025081e-09 2.0344536361053800e-09 1.6522996841419967e-09 1.3487857704955761e-09 1.0894046563615653e-09 8.5219857297772804e-10 6.1517696299486556e-10 3.0038251654452600e-10 
5.3966685853558737e-09 2.7236489052044350e-09 2.0344536361053800e-09 4.1611340598490846e-09 1.3271745515666473e-09 1.0924947624125297e-09 8.9191156831385916e-10 7.0845129990941604e-10 5.2514961264717929e-10 2.8221605763197258e-10 
4.3064758298427567e-09 2.1964571363738885e-09 1.6522996841419967e-09 1.3271745515666473e-09 3.6324505280172566e-09 9.0875534761714561e-10 7.5040030512595844e-10 6.0553251650429248e-10 4.6081096628960098e-10 2.6949103696888112e-10 
3.4405009342127391e-09 1.7777269968904408e-09 1.3487857704955761e-09 1.0924947624125297e-09 9.0875534761714561e-10 3.3013374315421844e-09 6.3807578738070239e-10 5.2385847795906154e-10 4.0976796966645527e-10 2.5944311186786180e-10 
2.7006677169367601e-09 1.4199240110510168e-09 1.0894046563615653e-09 8.9191156831385916e-10 7.5040030512595844e-10 6.3807578738070239e-10 3.0804859968337312e-09 4.5401478192462596e-10 3.6606309620093510e-10 2.5071922248613551e-10 
2.0243373087236106e-09 1.0927606535009777e-09 8.5219857297772804e-10 7.0845129990941604e-10 6.0553251650429248e-10 5.2385847795906154e-10 4.5401478192462596e-10 2.9285677354573381e-09 3.2611280281645702e-10 2.4261046467470053e-10 
1.3484181358390309e-09 7.6582886598272980e-10 6.1517696299486556e-10 5.2514961264717929e-10 4.6081096628960098e-10 4.0976796966645527e-10 3.6606309620093510e-10 3.2611280281645702e-10 2.8249275057895952e-09 2.3479548685226300e-10 
4.4649917296585436e-10 3.3076134792682655e-10 3.0038251654452600e-10 2.8221605763197258e-10 2.6949103696888112e-10 2.5944311186786180e-10 2.5071922248613551e-10 2.4261046467470053e-10 2.3479548685226300e-10 2.7655477405823377e-09 
