2.548514860197e-09 1.672627266404e-11 1.934226026924e-11 2.092338491718e-11 2.205824261993e-11 2.296045182994e-11 2.373358847149e-11 2.444531623011e-11 2.516759384515e-11 2.615665744374e-11 
1.672627266404e-11 2.571172134698e-09 4.073663842830e-11 4.582667341605e-11 4.948167819118e-11 5.238253521095e-11 5.486849367575e-11 5.715719089362e-11 5.947983753820e-11 6.266046155915e-11 
1.934226026924e-11 4.073663842830e-11 2.592043521648e-09 6.240019171442e-11 6.885630025605e-11 7.396040759421e-11 7.832729678849e-11 8.234785643843e-11 8.642834963143e-11 9.201627074410e-11 
2.092338491718e-11 4.582667341605e-11 6.240019171442e-11 2.613419606853e-09 8.461804187215e-11 9.232885804004e-11 9.889147646397e-11 1.049227408838e-10 1.110441410039e-10 1.194276138633e-10 
2.205824261993e-11 4.948167819118e-11 6.885630025605e-11 8.461804187215e-11 2.636187924535e-09 1.085359346002e-10 1.177640165977e-10 1.261948350003e-10 1.347394872869e-10 1.464446680573e-10 
2.296045182994e-11 5.238253521095e-11 7.396040759421e-11 9.232885804004e-11 1.085359346002e-10 2.661185197159e-09 1.351017334494e-10 1.463939351019e-10 1.577601962454e-10 1.733251979638e-10 
2.373358847149e-11 5.486849367575e-11 7.832729678849e-11 9.889147646397e-11 1.177640165977e-10 1.351017334494e-10 2.689502792412e-09 1.658496550157e-10 1.806025785108e-10 2.006555141500e-10 
2.444531623011e-11 5.715719089362e-11 8.234785643843e-11 1.049227408838e-10 1.261948350003e-10 1.463939351019e-10 1.658496550157e-10 2.723482874325e-09 2.043499564744e-10 2.298261089364e-10 
2.516759384515e-11 5.947983753820e-11 8.642834963143e-11 1.110441410039e-10 1.347394872869e-10 1.577601962454e-10 1.806025785108e-10 2.043499564744e-10 2.768997916508e-09 2.642321055016e-10 
2.615665744374e-11 6.266046155915e-11 9.201627074410e-11 1.194276138633e-10 1.464446680573e-10 1.733251979638e-10 2.006555141500e-10 2.298261089364e-10 2.642321055016e-10 2.856938905169e-09 
