2.678987349298e-09 2.087944939112e-10 2.334780456432e-10 2.483541585129e-10 2.590321288649e-10 2.675212128049e-10 2.747957893391e-10 2.814925540149e-10 2.882885838655e-10 2.975946891932e-10 
2.087944939112e-10 2.891631557883e-09 4.194576460485e-10 4.610734968046e-10 4.909428476344e-10 5.146486757920e-10 5.349636539091e-10 5.536666511583e-10 5.726470970907e-10 5.986385888091e-10 
2.334780456432e-10 4.194576460485e-10 3.059072667653e-09 5.894071684298e-10 6.396130921186e-10 6.792854986153e-10 7.132201457120e-10 7.444627771411e-10 7.761715491234e-10 8.195940877911e-10 
2.483541585129e-10 4.610734968046e-10 5.894071684298e-10 3.223839664935e-09 7.594203464528e-10 8.184247608652e-10 8.685869499023e-10 9.146642523998e-10 9.614302726898e-10 1.025479685528e-09 
2.590321288649e-10 4.909428476344e-10 6.396130921186e-10 7.594203464528e-10 3.397979585282e-09 9.426003141551e-10 1.013355971395e-09 1.077857634602e-09 1.143193799868e-09 1.232708043971e-09 
2.675212128049e-10 5.146486757920e-10 6.792854986153e-10 8.184247608652e-10 9.426003141551e-10 3.590919395973e-09 1.148930079568e-09 1.236573341902e-09 1.324499004661e-09 1.444891378343e-09 
2.747957893391e-10 5.349636539091e-10 7.132201457120e-10 8.685869499023e-10 1.013355971395e-09 1.148930079568e-09 3.813923068325e-09 1.393764942946e-09 1.510573247732e-09 1.668705118781e-09 
2.814925540149e-10 5.536666511583e-10 7.444627771411e-10 9.146642523998e-10 1.077857634602e-09 1.236573341902e-09 1.393764942946e-09 4.090597058204e-09 1.711797413548e-09 1.917748168943e-09 
2.882885838655e-10 5.726470970907e-10 7.761715491234e-10 9.614302726898e-10 1.143193799868e-09 1.324499004661e-09 1.510573247732e-09 1.711797413548e-09 4.479509691930e-09 2.226377069618e-09 
2.975946891932e-10 5.986385888091e-10 8.195940877911e-10 1.025479685528e-09 1.232708043971e-09 1.444891378343e-09 1.668705118781e-09 1.917748168943e-09 2.226377069618e-09 5.282628708431e-09 
