2.4780323894524544e-08 1.0902630984848873e-08 7.9805323948231467e-09 6.2345215806634411e-09 4.9808161523877753e-09 3.9849223004229902e-09 3.1340184923269877e-09 2.3560045936401122e-09 1.5782259035078537e-09 5.4083367258412970e-10 
1.0902630984848873e-08 7.9496374778501020e-09 3.9956995388065845e-09 3.1499241622042731e-09 2.5428082193381825e-09 2.0605777632235211e-09 1.6484766848226964e-09 1.2715914983435590e-09 8.9484591774788559e-10 3.9365877124209675e-10 
7.9805323948231467e-09 3.9956995388065845e-09 5.5069141280641612e-09 2.3546085116743411e-09 1.9140680940210219e-09 1.5641674484087926e-09 1.2651171094430202e-09 9.9157867414271125e-10 7.1815433224239503e-10 3.5511083016131656e-10 
6.2345215806634411e-09 3.1499241622042731e-09 2.3546085116743411e-09 4.4178728150299183e-09 1.5383998961709737e-09 1.2675599710415211e-09 1.0360490522984351e-09 8.2425790536369092e-10 6.1256813460059362e-10 3.3206519795098149e-10 
4.9808161523877753e-09 2.5428082193381825e-09 1.9140680940210219e-09 1.5383998961709737e-09 3.8074123951535427e-09 1.0549056823896648e-09 8.7190161797780793e-10 7.0444928298638596e-10 5.3709616946614791e-10 3.1587814998181296e-10 
3.9849223004229902e-09 2.0605777632235211e-09 1.5641674484087926e-09 1.2675599710415211e-09 1.0549056823896648e-09 3.4245185060924574e-09 7.4159985859761226e-10 6.0936319214004445e-10 4.7721331787577977e-10 3.0308518350515357e-10 
3.1340184923269877e-09 1.6484766848226964e-09 1.2651171094430202e-09 1.0360490522984351e-09 8.7190161797780793e-10 7.4159985859761226e-10 3.1686244300788273e-09 5.2804099798267417e-10 4.2593526147163885e-10 2.9199360179918292e-10 
2.3560045936401122e-09 1.2715914983435590e-09 9.9157867414271125e-10 8.2425790536369092e-10 7.0444928298638596e-10 6.0936319214004445e-10 5.2804099798267417e-10 2.9920690661136463e-09 3.7904440530974181e-10 2.8169364253252146e-10 
1.5782259035078537e-09 8.9484591774788559e-10 7.1815433224239503e-10 6.1256813460059362e-10 5.3709616946614791e-10 4.7721331787577977e-10 4.2593526147163885e-10 3.7904440530974181e-10 2.8709207558098011e-09 2.7170025068154629e-10 
5.4083367258412970e-10 3.9365877124209675e-10 3.5511083016131656e-10 3.3206519795098149e-10 3.1587814998181296e-10 3.0308518350515357e-10 2.9199360179918292e-10 2.8169364253252146e-10 2.7170025068154629e-10 2.7998706604725888e-09 
