1.344790433021e-07 4.460017264088e-08 8.486999809405e-09 1.076921020489e-09 9.656105133175e-11 5.674208643266e-12 1.871218412528e-13 2.609672798256e-15 8.425444622895e-18 9.861546829332e-22 
4.460017264088e-08 1.327173029891e-07 5.912975575997e-08 1.758212080736e-08 3.268277908795e-09 3.831296605460e-10 2.549213009956e-11 7.508638959871e-13 5.502239966883e-15 1.711407106129e-18 
8.486999809405e-09 5.912975575997e-08 1.137214099462e-07 5.499786130354e-08 1.979259909879e-08 4.201945115960e-09 4.958993424095e-10 2.652289269375e-11 3.789250069174e-13 2.753921840267e-16 
1.076921020489e-09 1.758212080736e-08 5.499786130354e-08 9.928375322202e-08 4.814266586838e-08 1.833983089108e-08 3.786238977643e-09 3.547983995804e-10 9.368857381208e-12 1.507394833172e-14 
9.656105133175e-11 3.268277908795e-09 1.979259909879e-08 4.814266586838e-08 8.801431707216e-08 4.100162539384e-08 1.506581720869e-08 2.517875242530e-09 1.239300581103e-10 4.392567885685e-13 
5.674208643266e-12 3.831296605460e-10 4.201945115960e-09 1.833983089108e-08 4.100162539384e-08 7.904438982852e-08 3.407110563087e-08 1.060994107930e-08 1.026767747589e-09 8.418047609029e-12 
1.871218412528e-13 2.549213009956e-11 4.958993424095e-10 3.786238977643e-09 1.506581720869e-08 3.407110563087e-08 7.126968816961e-08 2.664587296274e-08 5.538158679263e-09 1.170994146592e-10 
2.609672798256e-15 7.508638959871e-13 2.652289269375e-11 3.547983995804e-10 2.517875242530e-09 1.060994107930e-08 2.664587296274e-08 6.403567075563e-08 1.829285718201e-08 1.203951847368e-09 
8.425444622895e-18 5.502239966883e-15 3.789250069174e-13 9.368857381208e-12 1.239300581103e-10 1.026767747589e-09 5.538158679263e-09 1.829285718201e-08 5.690129506267e-08 8.387824711229e-09 
9.861546829332e-22 1.711407106129e-18 2.753921840267e-16 1.507394833172e-14 4.392567885685e-13 8.418047609029e-12 1.170994146592e-10 1.203951847368e-09 8.387824711229e-09 4.520643403036e-08 
