1.031210793444e-07 3.286634747424e-08 6.381498106633e-09 8.204954302120e-10 7.422990425538e-11 4.386479341442e-12 1.452544297851e-13 2.027294859275e-15 6.530772405745e-18 7.576799826907e-22 
3.286634747424e-08 1.065427076813e-07 4.490839175659e-08 1.348068473523e-08 2.521760416382e-09 2.969285206196e-10 1.980657530014e-11 5.828077691591e-13 4.261528705582e-15 1.311240609625e-18 
6.381498106633e-09 4.490839175659e-08 9.369500434651e-08 4.237483398400e-08 1.531545189808e-08 3.262057495373e-09 3.852510081419e-10 2.057180779744e-11 2.931412559193e-13 2.104440103869e-16 
8.204954302120e-10 1.348068473523e-08 4.237483398400e-08 8.317375495182e-08 3.734602750100e-08 1.424955260806e-08 2.939527611789e-09 2.750052641711e-10 7.235181717568e-12 1.149035133054e-14 
7.422990425538e-11 2.521760416382e-09 1.531545189808e-08 3.734602750100e-08 7.467205748976e-08 3.184674238720e-08 1.168633738529e-08 1.949822679182e-09 9.546284407748e-11 3.340306140882e-13 
4.386479341442e-12 2.969285206196e-10 3.262057495373e-09 1.424955260806e-08 3.184674238720e-08 6.765012748622e-08 2.640350689118e-08 8.201724742948e-09 7.880935045917e-10 6.385492799415e-12 
1.452544297851e-13 1.980657530014e-11 3.852510081419e-10 2.939527611789e-09 1.168633738529e-08 2.640350689118e-08 6.152096184872e-08 2.052276349905e-08 4.231037739286e-09 8.855419098329e-11 
2.027294859275e-15 5.828077691591e-13 2.057180779744e-11 2.750052641711e-10 1.949822679182e-09 8.201724742948e-09 2.052276349905e-08 5.563305722787e-08 1.390006369032e-08 9.060296306617e-10 
6.530772405745e-18 4.261528705582e-15 2.931412559193e-13 7.235181717568e-12 9.546284407748e-11 7.880935045917e-10 4.231037739286e-09 1.390006369032e-08 4.985750118799e-08 6.245488783952e-09 
7.576799826907e-22 1.311240609625e-18 2.104440103869e-16 1.149035133054e-14 3.340306140882e-13 6.385492799415e-12 8.855419098329e-11 9.060296306617e-10 6.245488783952e-09 4.061300404675e-08 
