1.404440891654e-07 4.675969414338e-08 8.870792649303e-09 1.123446762351e-09 1.006322287735e-10 5.910877334971e-12 1.947185753256e-13 2.720212132908e-15 8.774809174055e-18 1.032170356582e-21 
4.675969414338e-08 1.374934719444e-07 6.171536994828e-08 1.832647803971e-08 3.405456400322e-09 3.988164676457e-10 2.654362771691e-11 7.828785823850e-13 5.728945048979e-15 1.792756831159e-18 
8.870792649303e-09 6.171536994828e-08 1.173518425752e-07 5.731155876477e-08 2.061260688807e-08 4.373133858881e-09 5.167788562830e-10 2.764071994241e-11 3.947896829003e-13 2.885231047903e-16 
1.123446762351e-09 1.832647803971e-08 5.731155876477e-08 1.022405070830e-07 5.010382874287e-08 1.909827179418e-08 3.947407500234e-09 3.695365073687e-10 9.774307004073e-12 1.578630083051e-14 
1.006322287735e-10 3.405456400322e-09 2.061260688807e-08 5.010382874287e-08 9.047345099182e-08 4.273986153920e-08 1.570192847416e-08 2.622086934694e-09 1.295182658012e-10 4.596693447165e-13 
5.910877334971e-12 3.988164676457e-10 4.373133858881e-09 1.909827179418e-08 4.273986153920e-08 8.120108920204e-08 3.548133206118e-08 1.106076385635e-08 1.074823999592e-09 8.801782912175e-12 
1.947185753256e-13 2.654362771691e-11 5.167788562830e-10 3.947407500234e-09 1.570192847416e-08 3.548133206118e-08 7.307412497917e-08 2.784984361597e-08 5.800800195627e-09 1.223823044725e-10 
2.720212132908e-15 7.828785823850e-13 2.764071994241e-11 3.695365073687e-10 2.622086934694e-09 1.106076385635e-08 2.784984361597e-08 6.573355099668e-08 1.913767286190e-08 1.260085175423e-09 
8.774809174055e-18 5.728945048979e-15 3.947896829003e-13 9.774307004073e-12 1.295182658012e-10 1.074823999592e-09 5.800800195627e-09 1.913767286190e-08 5.821762267479e-08 8.832773881578e-09 
1.032170356582e-21 1.792756831159e-18 2.885231047903e-16 1.578630083051e-14 4.596693447165e-13 8.801782912175e-12 1.223823044725e-10 1.260085175423e-09 8.832773881578e-09 4.615359263537e-08 
