7.900224220586e-08 2.328087156829e-08 4.626971664768e-09 6.050338233681e-10 5.544841266148e-11 3.306848217679e-12 1.103706076581e-13 1.549181235499e-15 5.000739866676e-18 5.800242022624e-22 
2.328087156829e-08 8.478877084496e-08 3.297816923545e-08 1.002994767548e-08 1.895064863150e-09 2.248655339547e-10 1.510109262784e-11 4.457304459300e-13 3.266019509700e-15 1.002023109945e-18 
4.626971664768e-09 3.297816923545e-08 7.684564118876e-08 3.176883483718e-08 1.156548306700e-08 2.479745200677e-09 2.942697641186e-10 1.574198825316e-11 2.247977139912e-13 1.605017127606e-16 
6.050338233681e-10 1.002994767548e-08 3.176883483718e-08 6.967276973129e-08 2.833709600832e-08 1.086738373722e-08 2.247683229519e-09 2.105865050775e-10 5.548755381589e-12 8.746067784078e-15 
5.544841266148e-11 1.895064863150e-09 1.156548306700e-08 2.833709600832e-08 6.361968177333e-08 2.433882290514e-08 8.942114661598e-09 1.494360937615e-09 7.316062354781e-11 2.537742696372e-13 
3.306848217679e-12 2.248655339547e-10 2.479745200677e-09 1.086738373722e-08 2.433882290514e-08 5.838144503679e-08 2.022303573727e-08 6.289855003016e-09 6.028810688546e-10 4.842651237888e-12 
1.103706076581e-13 1.510109262784e-11 2.942697641186e-10 2.247683229519e-09 8.942114661598e-09 2.022303573727e-08 5.375230761051e-08 1.572741733935e-08 3.226221627293e-09 6.703330441537e-11 
1.549181235499e-15 4.457304459300e-13 1.574198825316e-11 2.105865050775e-10 1.494360937615e-09 6.289855003016e-09 1.572741733935e-08 4.914949314248e-08 1.055514486734e-08 6.840016105502e-10 
5.000739866676e-18 3.266019509700e-15 2.247977139912e-13 5.548755381589e-12 7.316062354781e-11 6.028810688546e-10 3.226221627293e-09 1.055514486734e-08 4.457581548104e-08 4.683186800500e-09 
5.800242022624e-22 1.002023109945e-18 1.605017127606e-16 8.746067784078e-15 2.537742696372e-13 4.842651237888e-12 6.703330441537e-11 6.840016105502e-10 4.683186800500e-09 3.733496779587e-08 
