1.872927449965e-10 5.037454111563e-10 7.085454404499e-10 8.444148222246e-10 9.431965535755e-10 1.021746030573e-09 1.089039700150e-09 1.150985985721e-09 1.213850336446e-09 1.299924161789e-09 
1.823513062311e-11 1.541728027406e-10 3.781503868254e-10 5.966425340902e-10 7.752861006266e-10 9.194080587451e-10 1.042547069154e-09 1.155792320138e-09 1.270704826289e-09 1.428055137531e-09 
1.180281171676e-12 2.560132346836e-11 1.222029693189e-10 2.972823846087e-10 4.964043554462e-10 6.747995819026e-10 8.284782977134e-10 9.691923079993e-10 1.111806174991e-09 1.307074659375e-09 
-6.262695836463e-14 3.297796277400e-13 1.731430830090e-11 9.520364014211e-11 2.476068064833e-10 4.294970813570e-10 6.022168218146e-10 7.616672093649e-10 9.224865791677e-10 1.142442298842e-09 
-2.493670240675e-14 -7.873185159722e-13 -2.259017192470e-12 1.270674686913e-11 8.142001040974e-11 2.159490290594e-10 3.854765136091e-10 5.579246381414e-10 7.321708151614e-10 9.690501692922e-10 
-2.365426077183e-15 -1.496741596480e-13 -1.312433238291e-12 -2.654248105567e-12 9.879271744816e-12 6.761756053793e-11 1.909395402867e-10 3.603165080912e-10 5.459603357004e-10 7.950177036226e-10 
-9.295725047183e-17 -1.203617799722e-14 -2.160628822496e-13 -1.420743102416e-12 -3.782645082153e-12 2.407246977618e-12 4.936704093814e-11 1.723063861403e-10 3.602977362368e-10 6.214751587609e-10 
-1.457104891418e-18 -4.285660208126e-16 -1.549941601632e-14 -2.107909975908e-13 -1.485551340472e-12 -5.730137788850e-12 -8.619904859324e-12 2.516604418953e-11 1.652807305705e-10 4.419837827979e-10 
-6.053396201694e-21 -4.274729442090e-18 -3.169269168664e-16 -8.447801981293e-15 -1.212816247066e-13 -1.102648683625e-12 -6.560003348250e-12 -2.243767592353e-11 -9.939952326821e-12 2.331622570435e-10 
-1.194700389134e-24 -2.281566241103e-21 -4.031476663472e-19 -2.426927956382e-17 -7.808699878931e-16 -1.666322479310e-14 -2.623056823308e-13 -3.125572919786e-12 -2.514190601581e-11 -3.694347147662e-13 
