4.135197772177e-10 1.078617117106e-09 1.496055823347e-09 1.770759711522e-09 1.970200668166e-09 2.128786422670e-09 2.264651816324e-09 2.389721496910e-09 2.516644877377e-09 2.690455437043e-09 
3.636578633639e-11 3.002079516440e-10 7.244627894074e-10 1.131890053069e-09 1.462781546820e-09 1.729395563818e-09 1.957221835586e-09 2.166758884112e-09 2.379382891449e-09 2.670557671747e-09 
2.279364029720e-12 4.807249275945e-11 2.246931721787e-10 5.386439802297e-10 8.914859483720e-10 1.206068365034e-09 1.476842005588e-09 1.724806878908e-09 1.976136928479e-09 2.320287138799e-09 
-1.036123794965e-13 8.167077282510e-13 3.152458049238e-11 1.681475130975e-10 4.316507634834e-10 7.435712036810e-10 1.038691732289e-09 1.310976601557e-09 1.585639892171e-09 1.961339587329e-09 
-4.304934340291e-14 -1.338857111958e-12 -3.686304349418e-12 2.236953145157e-11 1.394979108521e-10 3.664367836947e-10 6.506471411757e-10 9.390726645951e-10 1.230462211110e-09 1.626663944450e-09 
-4.040929662513e-15 -2.532396099178e-13 -2.196959916405e-12 -4.321621752739e-12 1.697096869084e-11 1.133939137715e-10 3.178175725115e-10 5.975603498912e-10 9.038431520442e-10 1.314825287509e-09 
-1.565814280904e-16 -2.010575523639e-14 -3.584632822678e-13 -2.340934088448e-12 -6.168502797177e-12 4.220717809548e-12 8.164569248746e-11 2.833855758331e-10 5.913376995317e-10 1.019275364294e-09 
-2.418042179091e-18 -7.075219412118e-16 -2.550060621529e-14 -3.458640255260e-13 -2.431344776871e-12 -9.353480089063e-12 -1.401485029992e-11 4.114407453539e-11 2.699672311912e-10 7.231663228974e-10 
-9.939486107157e-21 -7.004538107386e-18 -5.185647720150e-16 -1.380913650504e-14 -1.981718177458e-13 -1.802638178357e-12 -1.074969989176e-11 -3.700995710710e-11 -1.754653747916e-11 3.837122058540e-10 
-1.952270065708e-24 -3.730628797077e-21 -6.599234055186e-19 -3.979044798626e-17 -1.282967570457e-15 -2.745258499071e-14 -4.337595055484e-13 -5.198082792549e-12 -4.226742292384e-11 -3.318300615471e-12 
