1.940527447257e-10 5.213102231990e-10 7.328847157890e-10 8.732051515692e-10 9.752170920733e-10 1.056334980098e-09 1.125829124838e-09 1.189801051268e-09 1.254721112446e-09 1.343623602247e-09 
1.882725191268e-11 1.590342434339e-10 3.898103430662e-10 6.147820421968e-10 7.986652109427e-10 9.470043139601e-10 1.073747782571e-09 1.190308285672e-09 1.308584959023e-09 1.470557174577e-09 
1.217279551491e-12 2.636867652672e-11 1.257576979793e-10 3.057303570315e-10 5.102703286993e-10 6.934807636617e-10 8.513028660541e-10 9.958106761629e-10 1.142270237014e-09 1.342818368095e-09 
-6.416050359424e-14 3.468718980011e-13 1.782280743271e-11 9.778329028260e-11 2.541291668436e-10 4.406835657628e-10 6.177860939267e-10 7.812730910640e-10 9.461662303781e-10 1.171706410805e-09 
-2.556990290085e-14 -8.066797726849e-13 -2.312019144153e-12 1.304208603406e-11 8.351390579839e-11 2.213838110049e-10 3.950062199446e-10 5.716027238114e-10 7.500414759872e-10 9.926312017723e-10 
-2.425083046048e-15 -1.534380285050e-13 -1.344591163396e-12 -2.711611257379e-12 1.014396734892e-11 6.924043906341e-11 1.954251971599e-10 3.687591798598e-10 5.587124340264e-10 8.135561959730e-10 
-9.527463637408e-17 -1.232491112905e-14 -2.210810541778e-13 -1.453312211910e-12 -3.871487216098e-12 2.456250136776e-12 5.053556572240e-11 1.763508488793e-10 3.685863192701e-10 6.356668157456e-10 
-1.490924710245e-18 -4.384560142848e-16 -1.586092132299e-14 -2.157327457989e-13 -1.519841808185e-12 -5.854942470094e-12 -8.776544373211e-12 2.576137911241e-11 1.688583421791e-10 4.516481847206e-10 
-6.195443919039e-21 -4.374161765247e-18 -3.241175685792e-16 -8.633597772282e-15 -1.238778824013e-13 -1.126051285964e-12 -6.703697697910e-12 -2.296765567715e-11 -1.020614820363e-11 2.384550574036e-10 
-1.220035617510e-24 -2.330098661786e-21 -4.118701422768e-19 -2.480789494999e-17 -7.986648340441e-16 -1.705027141851e-14 -2.684057687706e-13 -3.195935171887e-12 -2.567080614984e-11 -4.570686144550e-13 
