2.869666101304e-10 7.602838030185e-10 1.061977760588e-09 1.261289647263e-09 1.406087946549e-09 1.521226349958e-09 1.619867616647e-09 1.710670753651e-09 1.802819635660e-09 1.928989501828e-09 
2.658843066955e-11 2.220556416000e-10 5.399974536788e-10 8.475240028736e-10 1.098024612705e-09 1.299971764488e-09 1.472529343561e-09 1.631229328259e-09 1.792266637258e-09 2.012775786849e-09 
1.693777997262e-12 3.618446317618e-11 1.707431506619e-10 4.119783106685e-10 6.844622516975e-10 9.278973992052e-10 1.137500956861e-09 1.329435822236e-09 1.523970093784e-09 1.790329584058e-09 
-8.256503864162e-14 5.544249209759e-13 2.408164258386e-11 1.300617056859e-10 3.356974439721e-10 5.799519979926e-10 8.113676092038e-10 1.024919124722e-09 1.240323766735e-09 1.534945195806e-09 
-3.361319373513e-14 -1.051943606252e-12 -2.948010622870e-12 1.733041061634e-11 1.093002638650e-10 2.881961553922e-10 5.127145175880e-10 7.407511086037e-10 9.711377913096e-10 1.284365005153e-09 
-3.169278686634e-15 -1.994247233202e-13 -1.737175553484e-12 -3.450527091449e-12 1.329937732792e-11 8.957754205897e-11 2.517169664604e-10 4.738732747891e-10 7.171393179227e-10 1.043527633547e-09 
-1.235178958204e-16 -1.590577460029e-14 -2.842202795951e-13 -1.860494077122e-12 -4.920744238207e-12 3.291216120070e-12 6.485918566865e-11 2.253995267185e-10 4.703496257002e-10 8.106301387873e-10 
-1.917029853796e-18 -5.619416509039e-16 -2.027824286953e-14 -2.752379989661e-13 -1.935241290202e-12 -7.439699825369e-12 -1.110639128114e-11 3.287358216358e-11 2.147711650332e-10 5.743371985311e-10 
-7.908662237965e-21 -5.574770366286e-18 -4.126230177647e-16 -1.098223440351e-14 -1.574837334981e-13 -1.431019955942e-12 -8.519846522892e-12 -2.922659425537e-11 -1.325836616616e-11 3.033953923535e-10 
-1.550642105135e-24 -2.961096619253e-21 -5.234176735469e-19 -3.153263083782e-17 -1.015563364488e-15 -2.169577139128e-14 -3.419461734702e-13 -4.080645436198e-12 -3.292902994476e-11 -1.461277794100e-12 
