3.936759419278e-10 1.029473096505e-09 1.429435760654e-09 1.692777108531e-09 1.883984326685e-09 2.036023367459e-09 2.166279733174e-09 2.286186022893e-09 2.407869390106e-09 2.574477392096e-09 
3.490644863291e-11 2.886050627386e-10 6.971454101610e-10 1.089822131087e-09 1.408849163648e-09 1.665922481162e-09 1.885593278969e-09 2.087628761951e-09 2.292640511304e-09 2.573363959025e-09 
2.192560593810e-12 4.632051310961e-11 2.167411780861e-10 5.199597838770e-10 8.610042378132e-10 1.165138152638e-09 1.426919791061e-09 1.666649989882e-09 1.909632640868e-09 2.242329134657e-09 
-1.004703353884e-13 7.756192011336e-13 3.040469509933e-11 1.625453270436e-10 4.176187499269e-10 7.195917040913e-10 1.005349538433e-09 1.269011311425e-09 1.534971728397e-09 1.898746996804e-09 
-4.168870896510e-14 -1.297902474735e-12 -3.578034824046e-12 2.165204404948e-11 1.350568435875e-10 3.548667073114e-10 6.303217410162e-10 9.098774938061e-10 1.192292960907e-09 1.576278708579e-09 
-3.914562902752e-15 -2.452707427431e-13 -2.128291504807e-12 -4.196261782336e-12 1.640695242285e-11 1.099150613083e-10 3.082255017759e-10 5.794605142937e-10 8.764183615499e-10 1.274890736993e-09 
-1.516495965095e-16 -1.948655282823e-14 -3.476955425934e-13 -2.271264330534e-12 -5.977131955707e-12 4.138238713512e-12 7.919455035268e-11 2.746335034257e-10 5.731583134152e-10 9.879773732922e-10 
-2.345461599879e-18 -6.863583470855e-16 -2.472337846449e-14 -3.350926230563e-13 -2.354938615746e-12 -9.067167267896e-12 -1.363679094579e-11 3.983064453488e-11 2.619414778431e-10 7.012242901963e-10 
-9.631272265455e-21 -6.784968057062e-18 -5.024470157745e-16 -1.338851014109e-14 -1.922674842885e-13 -1.749413796037e-12 -1.042168623930e-11 -3.575458458939e-11 -1.666894197324e-11 3.712092380209e-10 
-1.894674322786e-24 -3.620439293705e-21 -6.401044736458e-19 -3.855931793134e-17 -1.241753206484e-15 -2.653712262041e-14 -4.189165937727e-13 -5.021289808702e-12 -4.090742150214e-11 -2.985175747712e-12 
