3.130247296642e-10 8.263227547170e-10 1.152339376552e-09 1.367523723090e-09 1.523829003782e-09 1.648116773082e-09 1.754596883599e-09 1.852616032352e-09 1.952087873076e-09 2.088284226100e-09 
2.865645433336e-11 2.386950061238e-10 5.794166300653e-10 9.084183336328e-10 1.176204768813e-09 1.392060427098e-09 1.576505881503e-09 1.746140226655e-09 1.918273117633e-09 2.153975472729e-09 
1.818853591663e-12 3.873768546387e-11 1.824063057234e-10 4.393667815361e-10 7.291978939083e-10 9.880342531051e-10 1.210874282112e-09 1.414931344883e-09 1.621753822509e-09 1.904938666081e-09 
-8.708735628161e-14 6.166821935572e-13 2.570189621678e-11 1.382510527464e-10 3.564418915801e-10 6.154231240530e-10 8.606428268059e-10 1.086925637633e-09 1.315177069615e-09 1.627370674309e-09 
-3.562081410235e-14 -1.114191415241e-12 -3.117318684028e-12 1.842015745593e-11 1.159234031638e-10 3.051933769214e-10 5.425374989312e-10 7.836149696807e-10 1.027164481113e-09 1.358289475982e-09 
-3.360036168465e-15 -2.112468389095e-13 -1.836457220893e-12 -3.629092750268e-12 1.408697061422e-11 9.461081498471e-11 2.659012766250e-10 5.006090754740e-10 7.575021581645e-10 1.102191535564e-09 
-1.307121535684e-16 -1.680300525522e-14 -3.001038121777e-13 -1.965685492105e-12 -5.206316400249e-12 3.487113795308e-12 6.864256705945e-11 2.381045900139e-10 4.963968180393e-10 8.553524810049e-10 
-2.024072916643e-18 -5.937072587615e-16 -2.143201941871e-14 -2.907387886585e-13 -2.040950594369e-12 -7.826929385657e-12 -1.166632997572e-11 3.449327956386e-11 2.261925046895e-10 6.057984929977e-10 
-8.356283853861e-21 -5.883096464344e-18 -4.348764103125e-16 -1.156550902179e-14 -1.658758366768e-13 -1.509525083328e-12 -9.012292294585e-12 -3.098018351040e-11 -1.392345760223e-11 3.207691647231e-10 
-1.634250689258e-24 -3.124909297529e-21 -5.531636639443e-19 -3.336362538918e-17 -1.075182767502e-15 -2.296540319585e-14 -3.615451142306e-13 -4.305737522419e-12 -3.473648965218e-11 -2.086321891503e-12 
