1.746232281430e-10 4.705821984460e-10 6.625544940434e-10 7.899960697202e-10 8.826604223473e-10 9.563454760993e-10 1.019471543123e-09 1.077581365644e-09 1.136552394230e-09 1.217295515121e-09 
1.710492006541e-11 1.449649823173e-10 3.561211447742e-10 5.624034868959e-10 7.311613532710e-10 8.673229759106e-10 9.836569305369e-10 1.090642798322e-09 1.199203651959e-09 1.347856621500e-09 
1.107417586634e-12 2.412461025872e-11 1.154538941551e-10 2.812926829122e-10 4.701728690993e-10 6.394740294545e-10 7.853156785198e-10 9.188507294591e-10 1.054187323700e-09 1.239491506749e-09 
-6.023539410112e-14 2.894636805828e-13 1.631494661236e-11 9.023426421564e-11 2.352038282064e-10 4.083124077747e-10 5.727381740817e-10 7.245452207798e-10 8.776487880183e-10 1.087049894162e-09 
-2.378887965079e-14 -7.533485799440e-13 -2.179545558927e-12 1.203237888238e-11 7.743803792656e-11 2.056180414254e-10 3.673508388190e-10 5.319274062056e-10 6.982031880559e-10 9.242423769026e-10 
-2.258172263711e-15 -1.429360019147e-13 -1.254752829244e-12 -2.556886860563e-12 9.331752788672e-12 6.442730775641e-11 1.823480944340e-10 3.442996457170e-10 5.217967174482e-10 7.599269449924e-10 
-8.872925261971e-17 -1.150426482948e-14 -2.069145406392e-13 -1.363306411143e-12 -3.636511626324e-12 2.280677317101e-12 4.718299788129e-11 1.646928253892e-10 3.445739691591e-10 5.945223761615e-10 
-1.394740718793e-18 -4.106938023070e-16 -1.485220916471e-14 -2.018807629774e-13 -1.422362475846e-12 -5.493742155221e-12 -8.330706175180e-12 2.391365617949e-11 1.583209637089e-10 4.236046172726e-10 
-5.796537342257e-21 -4.091355660704e-18 -3.034114263156e-16 -8.094947582640e-15 -1.163650463938e-13 -1.059234107765e-12 -6.302665920304e-12 -2.149712215269e-11 -9.340948573581e-12 2.233452716675e-10 
-1.146980187959e-24 -2.191730240834e-21 -3.872911388863e-19 -2.330245155495e-17 -7.489728379039e-16 -1.595995319225e-14 -2.508842220148e-13 -2.988326721859e-12 -2.409025245050e-11 -2.656197777949e-13 
