8.909406084516e-08 2.103899596550e-07 2.810202809107e-07 3.269358655445e-07 3.602240593085e-07 3.866929050284e-07 4.093701878696e-07 4.302456242288e-07 4.514304481891e-07 4.804361234496e-07 
5.694351118050e-09 4.548645395094e-08 1.082555289459e-07 1.681930669661e-07 2.168200723605e-07 2.559997742770e-07 2.894798898294e-07 3.202722963803e-07 3.515183262173e-07 3.943036178516e-07 
3.365240738736e-10 7.026113223871e-09 3.274828427077e-08 7.848563801903e-08 1.299532682327e-07 1.758735104068e-07 2.154005795704e-07 2.515966365187e-07 2.882834625039e-07 3.385157242271e-07 
-1.526866332559e-11 1.130984590348e-10 4.564767297121e-09 2.448874112871e-08 6.304578933799e-08 1.087504837727e-07 1.520094328412e-07 1.919233734964e-07 2.321839599020e-07 2.872511653452e-07 
-6.312938492159e-12 -1.972017231839e-10 -5.504550595425e-10 3.252736234453e-09 2.043332163916e-08 5.376408854123e-08 9.554912166228e-08 1.379675518012e-07 1.808150236591e-07 2.390708627159e-07 
-5.939568824131e-13 -3.728298818813e-11 -3.239598926117e-10 -6.416812460206e-10 2.474391225168e-09 1.665281824540e-08 4.677447271349e-08 8.798622317366e-08 1.330787774790e-07 1.935818487275e-07 
-2.304663034044e-14 -2.962243782903e-12 -5.289325428421e-11 -3.460629908687e-10 -9.136679220341e-10 6.208242968581e-10 1.204727507051e-08 4.173632485063e-08 8.699131107717e-08 1.498541138594e-07 
-3.566100317391e-16 -1.044610870836e-13 -3.764686105406e-12 -5.100167108265e-11 -3.577972693387e-10 -1.372876358229e-09 -2.050027699405e-09 6.056341702576e-09 3.964279557919e-08 1.059519725547e-07 
-1.465858111451e-18 -1.031238399678e-15 -7.622837028247e-14 -2.027698274914e-12 -2.907792583190e-11 -2.643149992012e-10 -1.573152274306e-09 -5.376898226580e-09 -2.344235549613e-09 5.581207154350e-08 
-2.863413312681e-22 -5.469153594031e-19 -9.666251315575e-17 -5.819432069560e-15 -1.871824119857e-13 -3.991047972227e-12 -6.274145732219e-11 -7.466359787402e-10 -6.015632317987e-09 -1.577347078447e-10 
