2.013830552974e-10 5.403212196717e-10 7.591455982885e-10 9.042165931460e-10 1.009673720896e-09 1.093530578821e-09 1.165371283547e-09 1.231503316645e-09 1.298615500276e-09 1.390519911656e-09 
1.944000593919e-11 1.640999046517e-10 4.019959528824e-10 6.337562512465e-10 8.231178512569e-10 9.758614183277e-10 1.106367634120e-09 1.226388677342e-09 1.348176879266e-09 1.514957903850e-09 
1.252577101102e-12 2.714003143166e-11 1.294135271507e-10 3.144822544554e-10 5.246750097888e-10 7.129025401558e-10 8.750304098816e-10 1.023478091575e-09 1.173930973628e-09 1.379947221605e-09 
-6.633435421570e-14 3.531986780512e-13 1.830309767282e-11 1.003854166604e-10 2.608519793472e-10 4.522727353863e-10 6.339276411275e-10 8.016009870818e-10 9.707156063280e-10 1.202029858461e-09 
-2.629946704321e-14 -8.297920077653e-13 -2.386472039920e-12 1.334797472626e-11 8.563379069969e-11 2.269584952646e-10 4.048347619060e-10 5.857384819291e-10 7.685160953003e-10 1.017001990377e-09 
-2.492620487885e-15 -1.577062551665e-13 -1.381644083162e-12 -2.788171824389e-12 1.036951675705e-11 7.085227974756e-11 2.000439080866e-10 3.775203347043e-10 5.719539087815e-10 8.327976636125e-10 
-9.784200664086e-17 -1.264652929051e-14 -2.267782531881e-13 -1.491375442618e-12 -3.980597747269e-12 2.479190579614e-12 5.172671678452e-11 1.805114254332e-10 3.771332410888e-10 6.503055858846e-10 
-1.528594787235e-18 -4.495819228467e-16 -1.626628055905e-14 -2.212141763658e-13 -1.557447792867e-12 -5.992529529039e-12 -8.972017072623e-12 2.629593581576e-11 1.725368370804e-10 4.617125294987e-10 
-6.351642969420e-21 -4.481853088726e-18 -3.318442527228e-16 -8.833407609666e-15 -1.266955879031e-13 -1.151814519928e-12 -6.862802003205e-12 -2.353552302603e-11 -1.042507393254e-11 2.439818215709e-10 
-1.247556297896e-24 -2.383265480943e-21 -4.214480845624e-19 -2.539583529973e-17 -8.178139569474e-16 -1.745820207233e-14 -2.746793055279e-13 -3.266721801329e-12 -2.620422738671e-11 -5.245015593918e-13 
