8.910106956178e-08 2.103919777902e-07 2.810180148492e-07 3.269315724561e-07 3.602186700778e-07 3.866867358607e-07 4.093633636232e-07 4.302381979890e-07 4.514224110751e-07 4.804272498773e-07 
5.697512423806e-09 4.549368512724e-08 1.082560981825e-07 1.681852437567e-07 2.168071635772e-07 2.559841124843e-07 2.894622961782e-07 3.202529922167e-07 3.514972917597e-07 3.942802143429e-07 
3.373489693448e-10 7.033246066505e-09 3.276060962474e-08 7.849338683944e-08 1.299534229939e-07 1.758695132062e-07 2.153950905296e-07 2.515904388044e-07 2.882766493200e-07 3.385080767169e-07 
-1.511590918065e-11 1.161066333653e-10 4.575613847615e-09 2.450397023901e-08 6.305634138115e-08 1.087543097102e-07 1.520098847475e-07 1.919229751987e-07 2.321834276752e-07 2.872505619575e-07 
-6.294881432879e-12 -1.965247761914e-10 -5.461120469624e-10 3.263602200989e-09 2.044700268047e-08 5.377360546074e-08 9.555270365995e-08 1.379681612643e-07 1.808150441262e-07 2.390708519493e-07 
-5.927286307763e-13 -3.719724956839e-11 -3.230055251877e-10 -6.374744401133e-10 2.483914875983e-09 1.666486696438e-08 4.678276007551e-08 8.798884317299e-08 1.330790151651e-07 1.935818497040e-07 
-2.300417496932e-14 -2.956404229353e-12 -5.277858450018e-11 -3.451763801254e-10 -9.100781875453e-10 6.291116814017e-10 1.205790994786e-08 4.174277971988e-08 8.699245132212e-08 1.498541201591e-07 
-3.560053881327e-16 -1.042845519123e-13 -3.758355393003e-12 -5.091571566474e-11 -3.571791586630e-10 -1.370256333667e-09 -2.043572830152e-09 6.064196664242e-09 3.964546372672e-08 1.059518914416e-07 
-1.463816681034e-18 -1.029887325763e-15 -7.613473010512e-14 -2.025388833180e-12 -2.904788685541e-11 -2.640772850752e-10 -1.572012029351e-09 -5.374230079050e-09 -2.344318192091e-09 5.580937218738e-08 
-2.861081206988e-22 -5.465289717312e-19 -9.660447069982e-17 -5.816567634831e-15 -1.871115640732e-13 -3.990039737248e-12 -6.273515755942e-11 -7.467170918529e-10 -6.018331674115e-09 -1.722706632383e-10 
