6.353270331157e-10 1.621040555997e-09 2.227282518051e-09 2.624384909262e-09 2.912484276721e-09 3.141564213010e-09 3.337827976853e-09 3.518498020598e-09 3.701846761549e-09 3.952888012976e-09 
5.193602629732e-11 4.228154846600e-10 1.011435865382e-09 1.572427857847e-09 2.026674394011e-09 2.392503919157e-09 2.705134091605e-09 2.992676937454e-09 3.284458466396e-09 3.683999815030e-09 
3.188655221940e-12 6.631735535648e-11 3.070056658771e-10 7.312633561083e-10 1.205805944858e-09 1.628221189751e-09 1.991730624168e-09 2.324639156925e-09 2.662075035095e-09 3.124103927904e-09 
-1.349757683251e-13 1.229307495048e-12 4.281944285550e-11 2.256663461495e-10 5.767411480156e-10 9.913953406704e-10 1.383313691060e-09 1.744890756002e-09 2.109648015184e-09 2.608563087537e-09 
-5.726095810286e-14 -1.773170282819e-12 -4.829866478672e-12 2.992499400277e-11 1.853362224080e-10 4.855140120243e-10 8.609837653139e-10 1.242093677107e-09 1.627156097392e-09 2.150702270894e-09 
-5.364168650989e-15 -3.354117409921e-13 -2.901373035765e-12 -5.669062702714e-12 2.247412328383e-11 1.495548666791e-10 4.192524544400e-10 7.887928415216e-10 1.193537459246e-09 1.736657940878e-09 
-2.071247697622e-16 -2.653635687461e-14 -4.728013736112e-13 -3.091176618109e-12 -8.182352429749e-12 5.425926760626e-12 1.077181231424e-10 3.746013585706e-10 7.825775107259e-10 1.350207284389e-09 
-3.189035944018e-18 -9.341818178685e-16 -3.372291433012e-14 -4.579696869948e-13 -3.222437275972e-12 -1.241418954895e-11 -1.878301274116e-11 5.358174163722e-11 3.577087511813e-10 9.643111996230e-10 
-1.315711641620e-20 -9.278855917383e-18 -6.872945417592e-16 -1.832108267084e-14 -2.635038743848e-13 -2.407237754975e-12 -1.446308414168e-11 -5.037232081828e-11 -2.558838922647e-11 5.187212661864e-10 
-2.600599070159e-24 -4.985768702615e-21 -8.851650301657e-19 -5.357355574503e-17 -1.733697955600e-15 -3.722351411695e-14 -5.900475326762e-13 -7.097354410751e-12 -5.819079328742e-11 -8.042110961819e-12 
