1.150209553872e-09 2.830183432363e-09 3.833055679512e-09 4.486161397360e-09 4.959612784325e-09 5.336070283095e-09 5.658604676903e-09 5.955513421417e-09 6.256824293185e-09 6.669377060627e-09 
8.355349204500e-11 6.687527676557e-10 1.584155680812e-09 2.450070727479e-09 3.149463956144e-09 3.712539460956e-09 4.193762337938e-09 4.636378943430e-09 5.085520915024e-09 5.700538189998e-09 
4.993809820178e-12 1.023968249974e-10 4.697371240802e-10 1.113188219953e-09 1.830994114574e-09 2.469504938589e-09 3.019035752065e-09 3.522338013659e-09 4.032484621128e-09 4.730994186652e-09 
-1.989735328332e-13 1.967675790664e-12 6.498790113611e-11 3.406263848382e-10 8.689123814820e-10 1.492991338202e-09 2.083429196250e-09 2.628345954065e-09 3.178053200523e-09 3.929927621560e-09 
-8.612789228867e-14 -2.663147705927e-12 -7.242074442508e-12 4.492090073858e-11 2.784495708246e-10 7.309640274380e-10 1.298678347219e-09 1.875881871833e-09 2.459342678735e-09 3.252552979200e-09 
-8.063245321685e-15 -5.047225194874e-13 -4.381565743607e-12 -8.678254501818e-12 3.350293379689e-11 2.257127701608e-10 6.356290468611e-10 1.200012734594e-09 1.820098874700e-09 2.652147975987e-09 
-3.121932946231e-16 -4.016223241396e-14 -7.185576838379e-13 -4.722723461606e-12 -1.265178259795e-11 7.423767866497e-12 1.629426788354e-10 5.744443178605e-10 1.209469057239e-09 2.094530104389e-09 
-4.846039029836e-18 -1.425392247775e-15 -5.168666388753e-14 -7.062119129707e-13 -5.013941917899e-12 -1.959702970267e-11 -3.077861554058e-11 8.102951036518e-11 5.614561251060e-10 1.526378012630e-09 
-2.025004470457e-20 -1.437898940243e-17 -1.072504593458e-15 -2.878535428158e-14 -4.167265273153e-13 -3.830663857305e-12 -2.315609165283e-11 -8.144042999515e-11 -4.596419534470e-11 8.350585348330e-10 
-4.126374299602e-24 -7.938385453008e-21 -1.413208045683e-18 -8.575422612042e-17 -2.783527898450e-15 -6.001621219575e-14 -9.577097734561e-13 -1.165772722594e-11 -9.778618004346e-11 -2.113201511169e-11 
