3.585810039728e-10 9.411326522394e-10 1.309044120451e-09 1.551526921428e-09 1.727618425625e-09 1.867639119701e-09 1.987599045245e-09 2.098027476790e-09 2.210093157412e-09 2.363534278985e-09 
3.220402380938e-11 2.670770724014e-10 6.464405058448e-10 1.011756511305e-09 1.308766744601e-09 1.548135709714e-09 1.752675348114e-09 1.940793492217e-09 2.131683811571e-09 2.393073315599e-09 
2.031062394988e-12 4.306228225151e-11 2.020206498931e-10 4.853635832529e-10 8.044599278591e-10 1.089199086503e-09 1.334291756476e-09 1.558736001463e-09 1.786225362100e-09 2.097710975024e-09 
-9.465914339663e-14 7.071423788050e-13 2.835585211020e-11 1.520830084840e-10 3.914614404508e-10 6.750399155610e-10 9.434199889471e-10 1.191076750343e-09 1.440889522670e-09 1.782579960708e-09 
-3.910837581318e-14 -1.221192651275e-12 -3.388527451125e-12 2.029314574219e-11 1.268916030247e-10 3.334871916738e-10 5.925740510863e-10 8.556438524210e-10 1.121382980512e-09 1.482695025440e-09 
-3.680972247209e-15 -2.307315995240e-13 -2.001755476911e-12 -3.952559355523e-12 1.536491050940e-11 1.032941869396e-10 2.901958243294e-10 5.458470388910e-10 8.256301347660e-10 1.201085152598e-09 
-1.426032221136e-16 -1.832782672390e-14 -3.274528560927e-13 -2.143337825424e-12 -5.651023603449e-12 3.919795817043e-12 7.480238273157e-11 2.588492550677e-10 5.398757639558e-10 9.305056954133e-10 
-2.208729597971e-18 -6.473713622661e-16 -2.332644701026e-14 -3.158783990907e-13 -2.216022955789e-12 -8.518725364137e-12 -1.284051664650e-11 3.728115407365e-11 2.465515997509e-10 6.604229376425e-10 
-9.081925075198e-21 -6.388682429360e-18 -4.726099261337e-16 -1.259168740913e-14 -1.809725763968e-13 -1.649253773005e-12 -9.838600208935e-12 -3.367945671963e-11 -1.505256928704e-11 3.492050757096e-10 
-1.784855896489e-24 -3.414370471555e-21 -6.041079742455e-19 -3.639414527229e-17 -1.171103750217e-15 -2.498039123353e-14 -3.931287152016e-13 -4.695403100805e-12 -3.824565426903e-11 -2.740888523221e-12 
