2.438311109300e-10 6.497725234712e-10 9.100978082833e-10 1.082363404716e-09 1.207548757492e-09 1.307092814553e-09 1.392373877261e-09 1.470878695288e-09 1.550547443797e-09 1.659630734229e-09 
2.303833040787e-11 1.933464526770e-10 4.717651510376e-10 7.419507261514e-10 9.623350685431e-10 1.140056839283e-09 1.291909764993e-09 1.431566057040e-09 1.573279753734e-09 1.767330923459e-09 
1.476554679259e-12 3.174369049683e-11 1.504691046319e-10 3.640885556953e-10 6.060407706724e-10 8.224490602642e-10 1.008796392933e-09 1.179432664056e-09 1.352378463912e-09 1.589180627593e-09 
-7.422387898465e-14 4.601517500485e-13 2.122487424501e-11 1.154987833935e-10 2.991739446196e-10 5.176159935613e-10 7.246955476313e-10 9.158377709378e-10 1.108630829978e-09 1.372324895428e-09 
-3.002629463943e-14 -9.445364474770e-13 -2.674116705773e-12 1.543955885946e-11 9.779920081730e-11 2.581790940018e-10 4.598768547004e-10 6.649036486086e-10 8.720240823202e-10 1.153616786106e-09 
-2.840915617800e-15 -1.788920507792e-13 -1.559614370786e-12 -3.118499005827e-12 1.182892108934e-11 8.039814792307e-11 2.266655557385e-10 4.270868772448e-10 6.465193931596e-10 9.409626766811e-10 
-1.107858813709e-16 -1.429197799735e-14 -2.561464086353e-13 -1.682095811385e-12 -4.457438111307e-12 2.990113310730e-12 5.862038110856e-11 2.033466202785e-10 4.244247291868e-10 7.316759151225e-10 
-1.727543068155e-18 -5.075967940422e-16 -1.832066781975e-14 -2.484036710581e-13 -1.744352500532e-12 -6.709868406291e-12 -1.011297912211e-11 2.939510392434e-11 1.941429461714e-10 5.195047808836e-10 
-7.139715897106e-21 -5.026598388801e-18 -3.720032495212e-16 -9.912470076364e-15 -1.424428031285e-13 -1.297409846832e-12 -7.730215828893e-12 -2.638524465816e-11 -1.138426521885e-11 2.738719008103e-10 
-1.404549688328e-24 -2.685668448183e-21 -4.749078575011e-19 -2.859011336542e-17 -9.191466230700e-16 -1.958198777443e-14 -3.076053317409e-13 -3.662173484315e-12 -2.963376870463e-11 -1.144024791612e-12 
