2.343280501491e-10 6.253532329672e-10 8.764895567975e-10 1.042742946962e-09 1.163568202050e-09 1.259645274956e-09 1.341955721665e-09 1.417725615608e-09 1.494618508075e-09 1.599916737943e-09 
2.225307522568e-11 1.869606526215e-10 4.565254070942e-10 7.183256476334e-10 9.319439298293e-10 1.104223416560e-09 1.251426567552e-09 1.386805540114e-09 1.524178129757e-09 1.712300964002e-09 
1.429644128233e-12 3.076041450347e-11 1.459466611524e-10 3.533687101677e-10 5.884083342466e-10 7.987077243710e-10 9.798095532952e-10 1.145641627479e-09 1.313717161458e-09 1.543864616831e-09 
-7.204054286189e-14 4.489847380527e-13 2.063327994196e-11 1.122669437525e-10 2.909286438137e-10 5.035372269126e-10 7.051160767880e-10 8.911925443261e-10 1.078877355704e-09 1.335595526371e-09 
-2.914609785691e-14 -9.173979394935e-13 -2.598920699968e-12 1.503323641702e-11 9.526247516116e-11 2.514959632813e-10 4.479937648093e-10 6.477940852073e-10 8.496455258126e-10 1.124082670119e-09 
-2.761936145886e-15 -1.740368693317e-13 -1.517078986177e-12 -3.025966383264e-12 1.154914681867e-11 7.834608935780e-11 2.209307615706e-10 4.164250510866e-10 6.304650159324e-10 9.176876670693e-10 
-1.078255024356e-16 -1.390760596723e-14 -2.492657989643e-13 -1.637722179684e-12 -4.344209015455e-12 2.921247439468e-12 5.725467518528e-11 1.985317475586e-10 4.142240109579e-10 7.140542546793e-10 
-1.681612982357e-18 -4.944506783421e-16 -1.785856974470e-14 -2.422123002465e-13 -1.700270721841e-12 -6.531181597826e-12 -9.806461287222e-12 2.872585365521e-11 1.893838357674e-10 5.069195404867e-10 
-6.963261971186e-21 -4.901916515509e-18 -3.626011630216e-16 -9.657020803224e-15 -1.387373643204e-13 -1.263985333555e-12 -7.538023577142e-12 -2.575580607718e-11 -1.099368801938e-11 2.675359128733e-10 
-1.368310248273e-24 -2.617356754961e-21 -4.630692716007e-19 -2.789250115267e-17 -8.971101443192e-16 -1.911569615918e-14 -3.001582263407e-13 -3.568098257921e-12 -2.880934064071e-11 -1.017349444596e-12 
