9.283534874536e-10 2.315811258711e-09 3.153084202140e-09 3.699414295392e-09 4.095562746044e-09 4.410554104623e-09 4.680424456760e-09 4.928852094961e-09 5.180961606872e-09 5.526145556109e-09 
7.051334857077e-11 5.674929060689e-10 1.348355569558e-09 2.088575859719e-09 2.686800322058e-09 3.168466801704e-09 3.580109267145e-09 3.958724223783e-09 4.342918829193e-09 4.868997591547e-09 
4.256048524956e-12 8.760136736615e-11 4.027986207705e-10 9.554243287020e-10 1.572052584637e-09 2.120624724145e-09 2.592695984249e-09 3.025049427172e-09 3.463283523379e-09 4.063322775844e-09 
-1.708334632097e-13 1.708154832432e-12 5.592861953473e-11 2.928608688274e-10 7.470527221736e-10 1.283207897624e-09 1.790026532525e-09 2.257724372296e-09 2.729543249775e-09 3.374885498013e-09 
-7.387465049433e-14 -2.284703137157e-12 -6.191268367251e-12 3.881140607981e-11 2.396104835383e-10 6.273970000189e-10 1.113093432168e-09 1.606656258805e-09 2.105443373000e-09 2.783578991897e-09 
-6.924154147400e-15 -4.327233590385e-13 -3.742122085446e-12 -7.323322332215e-12 2.892256879513e-11 1.932063986789e-10 5.431841982069e-10 1.023943238393e-09 1.551173930859e-09 2.258739109595e-09 
-2.672895433199e-16 -3.427822799829e-14 -6.121507956217e-13 -4.017119693166e-12 -1.070530916617e-11 6.790451315561e-12 1.398440283435e-10 4.884200049834e-10 1.023744444443e-09 1.769907037632e-09 
-4.129865772949e-18 -1.213693260104e-15 -4.392866672215e-14 -5.979927013315e-13 -4.220050988108e-12 -1.634962306662e-11 -2.528122237465e-11 6.860860162737e-11 4.711829743126e-10 1.280096962763e-09 
-1.717213362234e-20 -1.213774503575e-17 -9.013904990739e-16 -2.411183387878e-14 -3.484293178364e-13 -3.203132892209e-12 -1.939718344576e-11 -6.821767397556e-11 -3.684367477629e-11 6.995149660577e-10 
-3.449988222185e-24 -6.641927143853e-21 -1.183658917235e-18 -7.188270417475e-17 -2.333384611854e-15 -5.025115687834e-14 -7.993326135543e-13 -9.664065553272e-12 -8.002720983730e-11 -1.372922644996e-11 
