1.688160457805e-10 4.553142808618e-10 6.413497942338e-10 7.648895065493e-10 8.547233162724e-10 9.261581598770e-10 9.873564698211e-10 1.043691715844e-09 1.100861867813e-09 1.179139237204e-09 
1.660395166817e-11 1.407521233544e-10 3.458921418832e-10 5.464113825510e-10 7.105053743024e-10 8.429200191161e-10 9.560544705886e-10 1.060097908157e-09 1.165673005658e-09 1.310237568766e-09 
1.078794181707e-12 2.348149094138e-11 1.123807211574e-10 2.738417791872e-10 4.578195778426e-10 6.227908903069e-10 7.649179341561e-10 8.950549834337e-10 1.026947986234e-09 1.207537147610e-09 
-5.802938857351e-14 2.942625139381e-13 1.593303283616e-11 8.799553497906e-11 2.293980473196e-10 3.983033570956e-10 5.587711199189e-10 7.069477900115e-10 8.563933687284e-10 1.060791475083e-09 
-2.309950890168e-14 -7.318158021105e-13 -2.109081966235e-12 1.179544288835e-11 7.567590568819e-11 2.008194733364e-10 3.587854911416e-10 5.195941148909e-10 6.820759220369e-10 9.029608229502e-10 
-2.197719256418e-15 -1.390961538812e-13 -1.219835998828e-12 -2.474036041215e-12 9.154856183563e-12 6.299245237245e-11 1.782994433375e-10 3.366972005167e-10 5.103130870413e-10 7.432631188430e-10 
-8.640055330667e-17 -1.120246448142e-14 -2.015632916463e-13 -1.328572084113e-12 -3.540134072527e-12 2.283163701487e-12 4.626481267561e-11 1.612081335052e-10 3.371781340981e-10 5.817830261486e-10 
-1.359679808869e-18 -4.007078587606e-16 -1.449570400798e-14 -1.969975949700e-13 -1.387133647357e-12 -5.353564562855e-12 -8.109098451974e-12 2.340741220391e-11 1.549811433536e-10 4.147966467380e-10 
-5.659652042732e-21 -3.993611321313e-18 -2.961174462979e-16 -7.901837286822e-15 -1.136537487604e-13 -1.035488043696e-12 -6.167102814410e-12 -2.103060293948e-11 -8.994211797440e-12 2.188146967466e-10 
-1.121121196520e-24 -2.143739379165e-21 -3.790106901727e-19 -2.281153670558e-17 -7.332209725129e-16 -1.561941507387e-14 -2.453640951442e-13 -2.920399677477e-12 -2.355675931348e-11 -2.669938913333e-13 
