3.130330235515e-10 8.263280739423e-10 1.152341067741e-09 1.367524107043e-09 1.523829058667e-09 1.648116777297e-09 1.754596883752e-09 1.852616032355e-09 1.952087873076e-09 2.088284226100e-09 
2.866177355863e-11 2.387138132469e-10 5.794347682761e-10 9.084270487642e-10 1.176207007751e-09 1.392060730935e-09 1.576505902807e-09 1.746140227346e-09 1.918273117639e-09 2.153975472729e-09 
1.820544781074e-12 3.875582367460e-11 1.824460774767e-10 4.394019362853e-10 7.292130071553e-10 9.880376905484e-10 1.210874709866e-09 1.414931371073e-09 1.621753822991e-09 1.904938666082e-09 
-8.670340287797e-14 6.253973249160e-13 2.573705096604e-11 1.383044059767e-10 3.564807725209e-10 6.154385186373e-10 8.606462596152e-10 1.086926016902e-09 1.315177082718e-09 1.627370674419e-09 
-3.556592908348e-14 -1.111952477353e-12 -3.102205437038e-12 1.845903839668e-11 1.159732513189e-10 3.052293431103e-10 5.425522580271e-10 7.836179305467e-10 1.027164674253e-09 1.358289480117e-09 
-3.355821144169e-15 -2.109430019997e-13 -1.833019777613e-12 -3.613698165915e-12 1.412293680299e-11 9.465937324110e-11 2.659385511233e-10 5.006231563411e-10 7.575039881176e-10 1.102191630367e-09 
-1.305595183530e-16 -1.678170102534e-14 -2.996760584414e-13 -1.962252682922e-12 -5.191557308227e-12 3.524388234810e-12 6.869721189808e-11 2.381461441916e-10 4.964085455399e-10 8.553538895086e-10 
-2.021807505611e-18 -5.930154143588e-16 -2.140582889136e-14 -2.903595217710e-13 -2.037989806739e-12 -7.812850104114e-12 -1.162479218522e-11 3.456277728391e-11 2.262406622078e-10 6.058110777644e-10 
-8.347310824566e-21 -5.876681570733e-18 -4.343941274858e-16 -1.155242484718e-14 -1.656834310476e-13 -1.507711719827e-12 -9.000788931458e-12 -3.093344677718e-11 -1.382434604841e-11 3.208286188514e-10 
-1.632572889496e-24 -3.121710425128e-21 -5.526004313624e-19 -3.332991152723e-17 -1.074105688945e-15 -2.294255834923e-14 -3.611850521741e-13 -4.301328584167e-12 -3.469676867729e-11 -1.970609175027e-12 
