5.8349913978989165e-08 1.4519049598309905e-08 2.9741526808037648e-09 3.9842620286903565e-10 3.7231758352633186e-11 2.2578372936773162e-12 7.6340911519352294e-14 1.0858532242822806e-15 3.5387953955179360e-18 4.1401740049603260e-22 
1.4519049598309905e-08 6.4390099630919133e-08 2.1586360318552929e-08 6.6931336113663322e-09 1.2862002989390148e-09 1.5471301415095120e-10 1.0513831818733067e-11 3.1392051040650960e-13 2.3147905243965267e-15 7.1602535287614604e-19 
2.9741526808037648e-09 2.1586360318552929e-08 6.0576727499419046e-08 2.1467744610451912e-08 7.9197519829379088e-09 1.7167534518344525e-09 2.0599562669816549e-10 1.1118013571209525e-11 1.5957411557658004e-13 1.1473210174226810e-16 
3.9842620286903565e-10 6.6931336113663322e-09 2.1467744610451912e-08 5.6551030938744484e-08 1.9557911271243783e-08 7.5720753630683932e-09 1.5809548930518193e-09 1.4901717875840259e-10 3.9459603042535978e-12 6.2493937194113406e-15 
3.7231758352633186e-11 1.2862002989390148e-09 7.9197519829379088e-09 1.9557911271243783e-08 5.2841939807856067e-08 1.7072966845212312e-08 6.3137157330118128e-09 1.0592882584503760e-09 5.2132605879294526e-11 1.8111965968030615e-13 
2.2578372936773162e-12 1.5471301415095120e-10 1.7167534518344525e-09 7.5720753630683932e-09 1.7072966845212312e-08 4.9492535223849400e-08 1.4317022452319265e-08 4.4684926489326861e-09 4.3042868306447829e-10 3.4497652592871694e-12 
7.6340911519352294e-14 1.0513831818733067e-11 2.0599562669816549e-10 1.5809548930518193e-09 6.3137157330118128e-09 1.4317022452319265e-08 4.6339201341195714e-08 1.1208075089871159e-08 2.3053987881011363e-09 4.7632496806439137e-11 
1.0858532242822806e-15 3.1392051040650960e-13 1.1118013571209525e-11 1.4901717875840259e-10 1.0592882584503760e-09 4.4684926489326861e-09 1.1208075089871159e-08 4.3170310839159943e-08 7.5278346934378371e-09 4.8461425627511430e-10 
3.5387953955179360e-18 2.3147905243965267e-15 1.5957411557658004e-13 3.9459603042535978e-12 5.2132605879294526e-11 4.3042868306447829e-10 2.3053987881011363e-09 7.5278346934378371e-09 3.9822174998472909e-08 3.3080998813618686e-09 
4.1401740049603260e-22 7.1602535287614604e-19 1.1473210174226810e-16 6.2493937194113406e-15 1.8111965968030615e-13 3.4497652592871694e-12 4.7632496806439137e-11 4.8461425627511430e-10 3.3080998813618686e-09 3.4574132133021381e-08 
