9.2779819597229742e-08 2.8879332409176077e-08 5.6596635266195780e-09 7.3232169758586091e-10 6.6574391837724003e-11 3.9472752452281645e-12 1.3095245906886574e-13 1.8327526152439024e-15 5.8942424761568762e-18 6.8431740640119843e-22 
2.8879332409176077e-08 9.7577687458572843e-08 4.0022913239416724e-08 1.2071292434546829e-08 2.2669489025936219e-09 2.6746359614399628e-10 1.7883439293410484e-11 5.2684241519828101e-13 3.8445292997798592e-15 1.1834639561055877e-18 
5.6596635266195780e-09 4.0022913239416724e-08 8.6808764584291093e-08 3.8059677486107607e-08 1.3787238120048938e-08 2.9415680086609048e-09 3.4818712959641667e-10 1.8582395662840267e-11 2.6451087689397653e-13 1.8969170067171811e-16 
7.3232169758586091e-10 1.2071292434546829e-08 3.8059677486107607e-08 7.7677517636035608e-08 3.3656506168302584e-08 1.2867787522192083e-08 2.6573464829234649e-09 2.4821973592896199e-10 6.5317043902371393e-12 1.0339071927303001e-14 
6.6574391837724003e-11 2.2669489025936219e-09 1.3787238120048938e-08 3.3656506168302584e-08 7.0151694735118726e-08 2.8789756146251256e-08 1.0557297577996328e-08 1.7592115925787242e-09 8.6212341122768731e-11 2.9995449773739695e-13 
3.9472752452281645e-12 2.6746359614399628e-10 2.9415680086609048e-09 1.2867787522192083e-08 2.8789756146251256e-08 6.3849291742527956e-08 2.3827327125733932e-08 7.4023158363513260e-09 7.1149493324966158e-10 5.7221699273981174e-12 
1.3095245906886574e-13 1.7883439293410484e-11 3.4818712959641667e-10 2.6573464829234649e-09 1.0557297577996328e-08 2.3827327125733932e-08 5.8267781733948003e-08 1.8534466352296632e-08 3.8123971745702244e-09 7.9209262598248068e-11 
1.8327526152439024e-15 5.2684241519828101e-13 1.8582395662840267e-11 2.4821973592896199e-10 1.7592115925787242e-09 7.4023158363513260e-09 1.8534466352296632e-08 5.2944751530729575e-08 1.2474317279648338e-08 8.0960974053073287e-10 
5.8942424761568762e-18 3.8445292997798592e-15 2.6451087689397653e-13 6.5317043902371393e-12 8.6212341122768731e-11 7.1149493324966158e-10 3.8123971745702244e-09 1.2474317279648338e-08 4.7564918939430573e-08 5.5797964480445498e-09 
6.8431740640119843e-22 1.1834639561055877e-18 1.8969170067171811e-16 1.0339071927303001e-14 2.9995449773739695e-13 5.7221699273981174e-12 7.9209262598248068e-11 8.0960974053073287e-10 5.5797964480445498e-09 3.9193919301542046e-08 
