9.077751632752e-08 2.804212461559e-08 5.502955657430e-09 7.128015990476e-10 6.487064457195e-11 3.849580333410e-12 1.277124239071e-13 1.791124286878e-15 5.753571661496e-18 6.699778824388e-22 
2.804212461559e-08 9.564009821450e-08 3.894799595167e-08 1.175696542926e-08 2.210456403920e-09 2.608131337899e-10 1.745805976255e-11 5.149248395165e-13 3.751790276675e-15 1.158851490367e-18 
5.502955657430e-09 3.894799595167e-08 8.527316718490e-08 3.710236408390e-08 1.344547562229e-08 2.869300458346e-09 3.401955680819e-10 1.815158301308e-11 2.582567603645e-13 1.856756099143e-16 
7.128015990476e-10 1.175696542926e-08 3.710236408390e-08 7.645242369531e-08 3.282166389523e-08 1.256314084700e-08 2.597194050602e-09 2.423147340367e-10 6.383273074585e-12 1.011177297183e-14 
6.487064457195e-11 2.210456403920e-09 1.344547562229e-08 3.282166389523e-08 6.914753107275e-08 2.813590203292e-08 1.031340335252e-08 1.717026445446e-09 8.434095793488e-11 2.930270788959e-13 
3.849580333410e-12 2.608131337899e-10 2.869300458346e-09 1.256314084700e-08 2.813590203292e-08 6.303358262365e-08 2.325705621223e-08 7.230316410066e-09 6.965371184850e-10 5.583238923236e-12 
1.277124239071e-13 1.745805976255e-11 3.401955680819e-10 2.597194050602e-09 1.031340335252e-08 2.325705621223e-08 5.755758686329e-08 1.813304166115e-08 3.730739330201e-09 7.722283600138e-11 
1.791124286878e-15 5.149248395165e-13 1.815158301308e-11 2.423147340367e-10 1.717026445446e-09 7.230316410066e-09 1.813304166115e-08 5.242348512220e-08 1.218183702118e-08 7.898777668230e-10 
5.753571661496e-18 3.751790276675e-15 2.582567603645e-13 6.383273074585e-12 8.434095793488e-11 6.965371184850e-10 3.730739330201e-09 1.218183702118e-08 4.708739822006e-08 5.461148909258e-09 
6.699778824388e-22 1.158851490367e-18 1.856756099143e-16 1.011177297183e-14 2.930270788959e-13 5.583238923236e-12 7.722283600138e-11 7.898777668230e-10 5.461148909258e-09 3.894377450677e-08 
