3.3690644208407392e-07 1.1413709409318213e-07 2.1070456763236381e-08 2.6515501659325078e-09 2.3894019571035370e-10 1.4234792941730953e-11 4.8022945837403235e-13 6.9218472021859249e-15 2.3335100728894905e-17 2.9494235877576842e-21 
1.1413709409318213e-07 2.8863247032384666e-07 1.4572025720445627e-07 4.3389948336535200e-08 8.1513886213852951e-09 9.7272934710665334e-10 6.6460206531336983e-11 2.0225632296555232e-12 1.5487783115069090e-14 5.1810148028197671e-18 
2.1070456763236381e-08 1.4572025720445627e-07 2.3904785690697055e-07 1.3667567024876761e-07 4.9864635540871277e-08 1.0808233080553443e-08 1.3111210460571272e-09 7.2435164265572382e-11 1.0832054416831343e-12 8.4287777312552825e-16 
2.6515501659325078e-09 4.3389948336535200e-08 1.3667567024876761e-07 2.0683171738626189e-07 1.2298608930000956e-07 4.7908673936307124e-08 1.0156298035161089e-08 9.8312031266948611e-10 2.7200326918574401e-11 4.6636522428477202e-14 
2.3894019571035370e-10 8.1513886213852951e-09 4.9864635540871277e-08 1.2298608930000956e-07 1.8382873943407016e-07 1.0903120323996891e-07 4.1081894529558635e-08 7.0966430298850282e-09 3.6568396666029956e-10 1.3747663738504309e-12 
1.4234792941730953e-11 9.7272934710665334e-10 1.0808233080553443e-08 4.7908673936307124e-08 1.0903120323996891e-07 1.6615905705927266e-07 9.4806529133543858e-08 3.0539519820921155e-08 3.0839220429435580e-09 2.6707539637074434e-11 
4.8022945837403235e-13 6.6460206531336983e-11 1.3111210460571272e-09 1.0156298035161089e-08 4.1081894529558635e-08 9.4806529133543858e-08 1.5123054775402257e-07 7.8670764660151626e-08 1.6973564723603363e-08 3.7832077362141576e-10 
6.9218472021859249e-15 2.0225632296555232e-12 7.2435164265572382e-11 9.8312031266948611e-10 7.0966430298850282e-09 3.0539519820921155e-08 7.8670764660151626e-08 1.3707810987117752e-07 5.7516760030482560e-08 3.9984181132970720e-09 
2.3335100728894905e-17 1.5487783115069090e-14 1.0832054416831343e-12 2.7200326918574401e-11 3.6568396666029956e-10 3.0839220429435580e-09 1.6973564723603363e-08 5.7516760030482560e-08 1.2213192622175465e-07 2.9065824923111578e-08 
2.9494235877576842e-21 5.1810148028197671e-18 8.4287777312552825e-16 4.6636522428477202e-14 1.3747663738504309e-12 2.6707539637074434e-11 3.7832077362141576e-10 3.9984181132970720e-09 2.9065824923111578e-08 9.0193662490864498e-08 
