9.2403044767652260e-08 2.8702466153330103e-08 5.6241871800591807e-09 7.2765844891213990e-10 6.6148656385330519e-11 3.9230318083987185e-12 1.3024709185975910e-13 1.8240348865991722e-15 5.8665562485871588e-18 6.8106892172491922e-22 
2.8702466153330103e-08 9.7144452058624935e-08 3.9769005922551634e-08 1.1994081402090659e-08 2.2527166069821755e-09 2.6592692287099017e-10 1.7794022434696756e-11 5.2436916212399515e-13 3.8264192877529689e-15 1.1778397274039673e-18 
5.6241871800591807e-09 3.9769005922551634e-08 8.6434037320380200e-08 3.7818259214584767e-08 1.3704444775038969e-08 2.9258723137475890e-09 3.4651527976759076e-10 1.8495265623997164e-11 2.6326192107390908e-13 1.8878943048109812e-16 
7.2765844891213990e-10 1.1994081402090659e-08 3.7818259214584767e-08 7.7376499317104864e-08 3.3469925971468401e-08 1.2803851959229802e-08 2.6448323941351561e-09 2.4705367920292219e-10 6.5008001974903429e-12 1.0289859069338737e-14 
6.6148656385330519e-11 2.2527166069821755e-09 1.3704444775038969e-08 3.3469925971468401e-08 6.9940197350001534e-08 2.8653032354246958e-08 1.0507799848548164e-08 1.7509234954911357e-09 8.5803671445135340e-11 2.9852594080395406e-13 
3.9230318083987185e-12 2.6592692287099017e-10 2.9258723137475890e-09 1.2803851959229802e-08 2.8653032354246958e-08 6.3682169873405747e-08 2.3715313107743615e-08 7.3673320413231341e-09 7.0811624581672955e-10 5.6949067318394150e-12 
1.3024709185975910e-13 1.7794022434696756e-11 3.4651527976759076e-10 2.6448323941351561e-09 1.0507799848548164e-08 2.3715313107743615e-08 5.8125851949918879e-08 1.8446602545747744e-08 3.7942630642251005e-09 7.8831822304103329e-11 
1.8240348865991722e-15 5.2436916212399515e-13 1.8495265623997164e-11 2.4705367920292219e-10 1.7509234954911357e-09 7.3673320413231341e-09 1.8446602545747744e-08 5.2827151278764994e-08 1.2414902740733453e-08 8.0575386682195452e-10 
5.8665562485871588e-18 3.8264192877529689e-15 2.6326192107390908e-13 6.5008001974903429e-12 8.5803671445135340e-11 7.0811624581672955e-10 3.7942630642251005e-09 1.2414902740733453e-08 4.7472691779894729e-08 5.5532836277337922e-09 
6.8106892172491922e-22 1.1778397274039673e-18 1.8878943048109812e-16 1.0289859069338737e-14 2.9852594080395406e-13 5.6949067318394150e-12 7.8831822304103329e-11 8.0575386682195452e-10 5.5532836277337922e-09 3.9142106895514117e-08 
