2.5076535047866021e-07 8.4824438212157699e-08 1.5665904514017578e-08 1.9604062884209226e-09 1.7508765880796091e-10 1.0313549402346895e-11 3.4327885587697782e-13 4.8693161198785011e-15 1.6092849876762400e-17 1.9767322198023944e-21 
8.4824438212157699e-08 2.2192264014562663e-07 1.0793990568766300e-07 3.1897194836880589e-08 5.9323632759912273e-09 6.9948527292141700e-10 4.7140933281549753e-11 1.4122845885306825e-12 1.0613500587099732e-14 3.4565082613437789e-18 
1.5665904514017578e-08 1.0793990568766300e-07 1.8340591929479094e-07 9.9763725486574901e-08 3.6029023250846467e-08 7.7176189653102861e-09 9.2373448757407036e-10 5.0258678853748880e-11 7.3809159838387967e-13 5.6005188286658174e-16 
1.9604062884209226e-09 3.1897194836880589e-08 9.9763725486574901e-08 1.5748135058795816e-07 8.8132561754385590e-08 3.3949328459639637e-08 7.1060480881494157e-09 6.7792796949442339e-10 1.8430397710950176e-11 3.0870844248896753e-14 
1.7508765880796091e-10 5.9323632759912273e-09 3.6029023250846467e-08 8.8132561754385590e-08 1.3869392265834275e-07 7.6604811382119756e-08 2.8524558443602365e-08 4.8610310730516961e-09 2.4631366484183980e-10 9.0663208070267365e-13 
1.0313549402346895e-11 6.9948527292141700e-10 7.7176189653102861e-09 3.3949328459639637e-08 7.6604811382119756e-08 1.2420357889156094e-07 6.5263052626140211e-08 2.0757482333748663e-08 2.0635712193518901e-09 1.7541405434587486e-11 
3.4327885587697782e-13 4.7140933281549753e-11 9.2373448757407036e-10 7.1060480881494157e-09 2.8524558443602365e-08 6.5263052626140211e-08 1.1205459631497261e-07 5.2978473133495431e-08 1.1273625764070962e-08 2.4718087886441110e-10 
4.8693161198785011e-15 1.4122845885306825e-12 5.0258678853748880e-11 6.7792796949442339e-10 4.8610310730516961e-09 2.0757482333748663e-08 5.2978473133495431e-08 1.0074130519410634e-07 3.7880767942764044e-08 2.5910449081118849e-09 
1.6092849876762400e-17 1.0613500587099732e-14 7.3809159838387967e-13 1.8430397710950176e-11 2.4631366484183980e-10 2.0635712193518901e-09 1.1273625764070962e-08 3.7880767942764044e-08 8.9333934902333052e-08 1.8581788531972394e-08 
1.9767322198023944e-21 3.4565082613437789e-18 5.6005188286658174e-16 3.0870844248896753e-14 9.0663208070267365e-13 1.7541405434587486e-11 2.4718087886441110e-10 2.5910449081118849e-09 1.8581788531972394e-08 6.7364581097291750e-08 
