3.406349511459e-07 1.155509966832e-07 2.134556829932e-08 2.686354244148e-09 2.413335839897e-10 1.432151343941e-11 4.821061756741e-13 6.942736548346e-15 2.340187885493e-17 2.957664457525e-21 
1.155509966832e-07 2.919991231494e-07 1.476558553542e-07 4.388338999168e-08 8.212088978540e-09 9.772855521625e-10 6.668204338580e-11 2.028465497356e-12 1.553187802500e-14 5.195435597747e-18 
2.134556829932e-08 1.476558553542e-07 2.415539661625e-07 1.378360109321e-07 5.014045169011e-08 1.084976227995e-08 1.315151454775e-09 7.264392367880e-11 1.086275654555e-12 8.452170601687e-16 
2.686354244148e-09 4.388338999168e-08 1.378360109321e-07 2.078812012468e-07 1.235042769950e-07 4.806648703185e-08 1.018618544250e-08 9.859340688865e-10 2.727706323993e-11 4.676568275232e-14 
2.413335839897e-10 8.212088978540e-09 5.014045169011e-08 1.235042769950e-07 1.843568623782e-07 1.093587415500e-07 4.120041869978e-08 7.116840599576e-09 3.667102831739e-10 1.378567695260e-12 
1.432151343941e-11 9.772855521625e-10 1.084976227995e-08 4.806648703185e-08 1.093587415500e-07 1.665585424579e-07 9.507744764378e-08 3.062589990720e-08 3.092528151851e-09 2.678126166029e-11 
4.821061756741e-13 6.668204338580e-11 1.315151454775e-09 1.018618544250e-08 4.120041869978e-08 9.507744764378e-08 1.515793068413e-07 7.889151087946e-08 1.702067273119e-08 3.793617412164e-10 
6.942736548346e-15 2.028465497356e-12 7.264392367880e-11 9.859340688865e-10 7.116840599576e-09 3.062589990720e-08 7.889151087946e-08 1.373808995693e-07 5.767570821236e-08 4.009329219012e-09 
2.340187885493e-17 1.553187802500e-14 1.086275654555e-12 2.727706323993e-11 3.667102831739e-10 3.092528151851e-09 1.702067273119e-08 5.767570821236e-08 1.223893249083e-07 2.914372806846e-08 
2.957664457525e-21 5.195435597747e-18 8.452170601687e-16 4.676568275232e-14 1.378567695260e-12 2.678126166029e-11 3.793617412164e-10 4.009329219012e-09 2.914372806846e-08 9.035950337652e-08 
