9.5687543983270502e-07 3.6543155795560668e-07 7.2304507983866060e-08 9.6596085252866229e-09 9.1749990690685953e-10 5.7923488178457273e-11 2.0535562861322777e-12 3.0356191082571365e-14 1.0506629303926900e-16 1.4386508833295092e-20 
3.6543155795560668e-07 9.1080304201044079e-07 5.2296925989988663e-07 1.6371242867482643e-07 3.2441500833345172e-08 4.0813533249955556e-09 2.8851232921081232e-10 8.9361711809501551e-12 7.0784243245096309e-14 2.5610963427928323e-17 
7.2304507983866060e-08 5.2296925989988663e-07 8.1784935334807042e-07 5.3570207920225933e-07 2.0530770018678056e-07 4.6300626588376560e-08 5.7400083232667929e-09 3.2275489476580572e-10 5.0294208730002887e-12 4.2143984583218328e-15 
9.6596085252866229e-09 1.6371242867482643e-07 5.3570207920225933e-07 7.5845059092104101e-07 5.2190778576293465e-07 2.0825717249865322e-07 4.4785529460264085e-08 4.4303151695310827e-09 1.2841109924723099e-10 2.3552197318885081e-13 
9.1749990690685953e-10 3.2441500833345172e-08 2.0530770018678056e-07 5.2190778576293465e-07 7.0278184412779691e-07 4.7873556452345388e-07 1.8287342123105869e-07 3.2486200011223406e-08 1.7573967203847589e-09 7.0021906936843933e-12 
5.7923488178457273e-11 4.0813533249955556e-09 4.6300626588376560e-08 2.0825717249865322e-07 4.7873556452345388e-07 6.4033937531723251e-07 4.2875980523865150e-07 1.4285577463125625e-07 1.5112681741757302e-08 1.3695304147181813e-10 
2.0535562861322777e-12 2.8851232921081232e-10 5.7400083232667929e-09 4.4785529460264085e-08 1.8287342123105869e-07 4.2875980523865150e-07 5.9909892234867901e-07 3.7833047538929650e-07 8.4934677955142851e-08 1.9474886690335407e-09 
3.0356191082571365e-14 8.9361711809501551e-12 3.2275489476580572e-10 4.4303151695310827e-09 3.2486200011223406e-08 1.4285577463125625e-07 3.7833047538929650e-07 5.6843324717015149e-07 2.9343589596882919e-07 2.0531835059818726e-08 
1.0506629303926900e-16 7.0784243245096309e-14 5.0294208730002887e-12 1.2841109924723099e-10 1.7573967203847589e-09 1.5112681741757302e-08 8.4934677955142851e-08 2.9343589596882919e-07 5.1104317780013981e-07 1.4689638127085281e-07 
1.4386508833295092e-20 2.5610963427928323e-17 4.2143984583218328e-15 2.3552197318885081e-13 7.0021906936843933e-12 1.3695304147181813e-10 1.9474886690335407e-09 2.0531835059818726e-08 1.4689638127085281e-07 3.3231069677782429e-07 
