1.9591225781481520e-08 8.3376263425420031e-09 6.0919011858392345e-09 4.7501182590278045e-09 3.7867046687017360e-09 3.0214664005389834e-09 2.3677554317463621e-09 1.7702668636857950e-09 1.1733368800808616e-09 3.7657166888509409e-10 
8.3376263425420031e-09 6.6665530539983289e-09 3.0430975360066195e-09 2.3948298650331768e-09 1.9295130939520322e-09 1.5599447698377618e-09 1.2441792360287293e-09 9.5550915860210439e-10 6.6714581041903012e-10 2.8331776082230026e-10 
6.0919011858392345e-09 3.0430975360066195e-09 4.7956513812326948e-09 1.7875782217500280e-09 1.4505719640066293e-09 1.1829279067907658e-09 9.5422204483636212e-10 7.4510981231465278e-10 5.3623867464496911e-10 2.5878820291368429e-10 
4.7501182590278045e-09 2.3948298650331768e-09 1.7875782217500280e-09 3.9632310885822586e-09 1.1644204225160347e-09 9.5766686495971305e-10 7.8096880942040542e-10 6.1938717979041365e-10 4.5800945566141610e-10 2.4411498145228959e-10 
3.7867046687017360e-09 1.9295130939520322e-09 1.4505719640066293e-09 1.1644204225160347e-09 3.4976598271011215e-09 7.9618217566230264e-10 6.5683472856889097e-10 5.2938166446008738e-10 4.0211147187826454e-10 2.3386459119939414e-10 
3.0214664005389834e-09 1.5599447698377618e-09 1.1829279067907658e-09 9.5766686495971305e-10 7.9618217566230264e-10 3.2064429954143659e-09 5.5831072151133540e-10 4.5796160231819877e-10 3.5776985547847861e-10 2.2577781466109762e-10 
2.3677554317463621e-09 1.2441792360287293e-09 9.5422204483636212e-10 7.8096880942040542e-10 6.5683472856889097e-10 5.5831072151133540e-10 3.0125318853437181e-09 3.9689349053313320e-10 3.1980612801533184e-10 2.1874646088996837e-10 
1.7702668636857950e-09 9.5550915860210439e-10 7.4510981231465278e-10 6.1938717979041365e-10 5.2938166446008738e-10 4.5796160231819877e-10 3.9689349053313320e-10 2.8794923853571540e-09 2.8511685282431998e-10 2.1220480047285902e-10 
1.1733368800808616e-09 6.6714581041903012e-10 5.3623867464496911e-10 4.5800945566141610e-10 4.0211147187826454e-10 3.5776985547847861e-10 3.1980612801533184e-10 2.8511685282431998e-10 2.7891894353559995e-09 2.0594481980633932e-10 
3.7657166888509409e-10 2.8331776082230026e-10 2.5878820291368429e-10 2.4411498145228959e-10 2.3386459119939414e-10 2.2577781466109762e-10 2.1874646088996837e-10 2.1220480047285902e-10 2.0594481980633932e-10 2.7385210907700976e-09 
