8.7284456147679350e-08 2.6685421726581566e-08 5.2577502813921789e-09 6.8296860225431898e-10 6.2268162459014769e-11 3.7001576748993931e-12 1.2296904654097555e-13 1.7232269018948748e-15 5.5460854823260624e-18 6.4366655466026195e-22 
2.6685421726581566e-08 9.2595042044787194e-08 3.7290076625060118e-08 1.1280447033831364e-08 2.1233552057222214e-09 2.5098117982525585e-10 1.6805003467152647e-11 4.9553577478519074e-13 3.6177285869425897e-15 1.1128983634152846e-18 
5.2577502813921789e-09 3.7290076625060118e-08 8.2947863981057027e-08 3.5628369471008878e-08 1.2929221380836813e-08 2.7624866366368949e-09 3.2734428644523993e-10 1.7482027713103276e-11 2.4890496340814497e-13 1.7833439259142144e-16 
6.8296860225431898e-10 1.1280447033831364e-08 3.5628369471008878e-08 7.4587602871128114e-08 3.1595539929283581e-08 1.2092666201678244e-08 2.4991986160503808e-09 2.3355560525895487e-10 6.1458422956655656e-12 9.7171868363660273e-15 
6.2268162459014769e-11 2.1233552057222214e-09 1.2929221380836813e-08 3.1595539929283581e-08 6.7619070978424533e-08 2.7070821897180997e-08 9.9319124791698463e-09 1.6554120366297466e-09 8.1106047028977369e-11 2.8181703718860700e-13 
3.7001576748993931e-12 2.5098117982525585e-10 2.7624866366368949e-09 1.2092666201678244e-08 2.7070821897180997e-08 6.1735458911947524e-08 2.2420393317067383e-08 6.9653486905616427e-09 6.6916714666358033e-10 5.3739360079919151e-12 
1.2296904654097555e-13 1.6805003467152647e-11 3.2734428644523993e-10 2.4991986160503808e-09 9.9319124791698463e-09 2.2420393317067383e-08 5.6494001332073450e-08 1.7436548691259767e-08 3.5839700063305079e-09 7.4346543262704325e-11 
1.7232269018948748e-15 4.9553577478519074e-13 1.7482027713103276e-11 2.3355560525895487e-10 1.6554120366297466e-09 6.9653486905616427e-09 1.7436548691259767e-08 5.1467307672587328e-08 1.1718386670967094e-08 7.5920480920232941e-10 
5.5460854823260624e-18 3.6177285869425897e-15 2.4890496340814497e-13 6.1458422956655656e-12 8.1106047028977369e-11 6.6916714666358033e-10 3.5839700063305079e-09 1.1718386670967094e-08 4.6368629965737019e-08 5.2230212410886178e-09 
6.4366655466026195e-22 1.1128983634152846e-18 1.7833439259142144e-16 9.7171868363660273e-15 2.8181703718860700e-13 5.3739360079919151e-12 7.4346543262704325e-11 7.5920480920232941e-10 5.2230212410886178e-09 3.8453116423822402e-08 
