6.0371151930708656e-08 1.5408729892321988e-08 3.1451519395056583e-09 4.2006861987793904e-10 3.9154802674417403e-11 2.3692796638679075e-12 7.9952388374282026e-14 1.1352176412108198e-15 3.6934730935032391e-18 4.3146909070926706e-22 
1.5408729892321988e-08 6.6494156587034632e-08 2.2776451863316851e-08 7.0444811769494091e-09 1.3507603314756342e-09 1.6216375317741458e-10 1.1001227025925467e-11 3.2797040233374630e-13 2.4149121516830407e-15 7.4609605747335676e-19 
3.1451519395056583e-09 2.2776451863316851e-08 6.2287957585795676e-08 2.2558116077653324e-08 8.3070805988373617e-09 1.7977496143057493e-09 2.1539444924095900e-10 1.1609480300669908e-11 1.6642027484806331e-13 1.1953606967519787e-16 
4.2006861987793904e-10 7.0444811769494091e-09 2.2558116077653324e-08 5.7945005258108659e-08 2.0490005968433910e-08 7.9222896521523341e-09 1.6520137924195650e-09 1.5553089492311590e-10 4.1141002531830428e-12 6.5103974954942370e-15 
3.9154802674417403e-11 1.3507603314756342e-09 8.3070805988373617e-09 2.0490005968433910e-08 5.3986746478291974e-08 1.7847144904159378e-08 6.5931938938551528e-09 1.1050866544685715e-09 5.4340386800405209e-11 1.8866789088468060e-13 
2.3692796638679075e-12 1.6216375317741458e-10 1.7977496143057493e-09 7.9222896521523341e-09 1.7847144904159378e-08 5.0438833333175336e-08 1.4940949782842909e-08 4.6596202003356051e-09 4.4855072289161499e-10 3.5933029757283553e-12 
7.9952388374282026e-14 1.1001227025925467e-11 2.1539444924095900e-10 1.6520137924195650e-09 6.5931938938551528e-09 1.4940949782842909e-08 4.7117542832189256e-08 1.1682635713496419e-08 2.4019161098313327e-09 4.9613183650186437e-11 
1.1352176412108198e-15 3.2797040233374630e-13 1.1609480300669908e-11 1.5553089492311590e-10 1.1050866544685715e-09 4.6596202003356051e-09 1.1682635713496419e-08 4.3798227250724567e-08 7.8414523403253055e-09 5.0480762772708751e-10 
3.6934730935032391e-18 2.4149121516830407e-15 1.6642027484806331e-13 4.1141002531830428e-12 5.4340386800405209e-11 4.4855072289161499e-10 2.4019161098313327e-09 7.8414523403253055e-09 4.0305726429370162e-08 3.4472673298598344e-09 
4.3146909070926706e-22 7.4609605747335676e-19 1.1953606967519787e-16 6.5103974954942370e-15 1.8866789088468060e-13 3.5933029757283553e-12 4.9613183650186437e-11 5.0480762772708751e-10 3.4472673298598344e-09 3.4850102936501931e-08 
