7.625819358954e-10 1.925168357928e-09 2.633738887366e-09 3.096987235374e-09 3.432981463506e-09 3.700142872422e-09 3.929033284406e-09 4.139736936517e-09 4.353563528113e-09 4.646380147077e-09 
6.021669212924e-11 4.874743749673e-10 1.162137725100e-09 1.803305967962e-09 2.321943338910e-09 2.739572097294e-09 3.096471901272e-09 3.424733937881e-09 3.757833474982e-09 4.213991653040e-09 
3.665003461408e-12 7.584161831102e-11 3.498012235353e-10 8.313122861254e-10 1.369326460038e-09 1.847986035587e-09 2.259861115179e-09 2.637078678455e-09 3.019425198224e-09 3.542979185166e-09 
-1.511038798375e-13 1.428870904049e-12 4.858776199436e-11 2.556408647340e-10 6.526963964209e-10 1.121130664474e-09 1.563923316329e-09 1.972488304360e-09 2.384638562649e-09 2.948403217129e-09 
-6.479252882646e-14 -2.004490483622e-12 -5.428769729535e-12 3.392118218515e-11 2.092504703464e-10 5.479589801718e-10 9.721688879598e-10 1.402817583793e-09 1.837932574963e-09 2.429559083144e-09 
-6.061104821919e-15 -3.783039688761e-13 -3.271756998173e-12 -6.421902920589e-12 2.525460446682e-11 1.689749128189e-10 4.741862246318e-10 8.921406428427e-10 1.350237492415e-09 1.965044127101e-09 
-2.335575211604e-16 -2.996883003104e-14 -5.349173580664e-13 -3.499931871068e-12 -9.246781809988e-12 6.195480252511e-12 1.216150204334e-10 4.233222407624e-10 8.865664616291e-10 1.531492897086e-09 
-3.608393026752e-18 -1.057392396847e-15 -3.814019951673e-14 -5.177939705541e-13 -3.649614589046e-12 -1.415007756009e-11 -2.186410099175e-11 6.003175196860e-11 4.079317877466e-10 1.101826706300e-09 
-1.487431133948e-20 -1.049981027960e-17 -7.798415613351e-16 -2.086554402949e-14 -3.012576645934e-13 -2.760099557247e-12 -1.658732869394e-11 -5.761845433197e-11 -2.995044004752e-11 5.941023115562e-10 
-2.978908791776e-24 -5.717862913215e-21 -1.015105685752e-18 -6.138676303410e-17 -1.984424654090e-15 -4.258614597525e-14 -6.760783781411e-13 -8.185028601262e-12 -6.809777342262e-11 -1.043361411489e-11 
