3.218073532478e-09 7.423735510483e-09 9.843600019187e-09 1.141290990696e-08 1.255020672916e-08 1.345452603709e-08 1.422931145530e-08 1.494253595121e-08 1.566633088771e-08 1.665732764993e-08 
1.935625129378e-10 1.536004450556e-09 3.631504794622e-09 5.620590758787e-09 7.232581968814e-09 8.531776145055e-09 9.642098180255e-09 1.066328020054e-08 1.169950132458e-08 1.311840124194e-08 
1.134405231794e-11 2.331915960285e-10 1.078167896860e-09 2.578389835865e-09 4.272152224849e-09 5.788866476604e-09 7.096345733717e-09 8.293737708863e-09 9.507272440640e-09 1.116884385587e-08 
-4.941466232289e-13 3.585614730969e-12 1.482804944904e-10 8.030032200376e-10 2.085044522655e-09 3.622351924555e-09 5.088585753764e-09 6.444591718782e-09 7.812205044030e-09 9.682505070513e-09 
-2.086516921123e-13 -6.613562521811e-12 -1.936287667504e-11 1.049483839874e-10 6.846048489797e-10 1.834025099210e-09 3.301681959347e-09 4.808073148587e-09 6.332939350606e-09 8.404812911988e-09 
-1.994014762032e-14 -1.273084152379e-12 -1.132566820158e-11 -2.409376257446e-11 7.974244941226e-11 5.783858890849e-10 1.674376951465e-09 3.214177956789e-09 4.920114981943e-09 7.208721850332e-09 
-7.956250462132e-16 -1.046071643372e-13 -1.914103089664e-12 -1.294789768352e-11 -3.660316895168e-11 1.170171778947e-11 4.351308630843e-10 1.596007452939e-09 3.426164865879e-09 5.992774802836e-09 
-1.289659201751e-17 -3.880869512347e-15 -1.434946553005e-13 -1.997715531568e-12 -1.448243863452e-11 -5.827758702258e-11 -9.907534006879e-11 2.117355048331e-10 1.643743091360e-09 4.606501627452e-09 
-5.698666729824e-20 -4.113693269662e-17 -3.112789359634e-15 -8.475141393968e-14 -1.246673130269e-12 -1.168843485594e-11 -7.260102622262e-11 -2.667440467306e-10 -1.935959128754e-10 2.681116319603e-09 
-1.246157758252e-23 -2.428667955325e-20 -4.379464587152e-18 -2.693148478128e-16 -8.866769107645e-15 -1.942029714831e-13 -3.156244686803e-12 -3.927671661072e-11 -3.376412117716e-10 -9.893083331849e-11 
