1.150191755727e-09 2.830137650239e-09 3.832990712976e-09 4.486081848489e-09 4.959521316754e-09 5.335968203712e-09 5.658492310287e-09 5.955390249815e-09 6.256688432271e-09 6.669219783095e-09 
8.355312097518e-11 6.687432697452e-10 1.584116577771e-09 2.449988664532e-09 3.149342894431e-09 3.712386195462e-09 4.193580104150e-09 4.636168121867e-09 5.085278517989e-09 5.700246531723e-09 
4.994125716016e-12 1.023973236291e-10 4.697175870339e-10 1.113114535744e-09 1.830859064286e-09 2.469318086546e-09 3.018804196382e-09 3.522063694413e-09 4.032164100564e-09 4.730603569773e-09 
-1.988582135516e-13 1.969404278705e-12 6.498859703144e-11 3.406085914116e-10 8.688588869952e-10 1.492898341500e-09 2.083300252526e-09 2.628183309006e-09 3.177854000868e-09 3.929671157832e-09 
-8.610992089184e-14 -2.662542255375e-12 -7.238770965728e-12 4.492669806155e-11 2.784486057877e-10 7.309421025299e-10 1.298627605662e-09 1.875801784181e-09 2.459231798924e-09 3.252393297096e-09 
-8.061934190899e-15 -5.046337724993e-13 -4.380603837234e-12 -8.674243848695e-12 3.351053005595e-11 2.257161377518e-10 6.356126729682e-10 1.199965067301e-09 1.820016519340e-09 2.652014416754e-09 
-3.121462028315e-16 -4.015566980437e-14 -7.184269991492e-13 -4.721700404961e-12 -1.264764155020e-11 7.432699218330e-12 1.629492991001e-10 5.744284010449e-10 1.209412205174e-09 2.094415004012e-09 
-4.845306631744e-18 -1.425167426495e-15 -5.167815580347e-14 -7.060891627967e-13 -5.012992734019e-12 -1.959263365082e-11 -3.076671478938e-11 8.104285021354e-11 5.614371352054e-10 1.526286018722e-09 
-2.024699690486e-20 -1.437678584797e-17 -1.072337071687e-15 -2.878076289987e-14 -4.166584380801e-13 -3.830018610125e-12 -2.315200251348e-11 -8.142426764537e-11 -4.593777262838e-11 8.350115701058e-10 
-4.125750097532e-24 -7.937180401619e-21 -1.412993199459e-18 -8.574118547521e-17 -2.783104644410e-15 -6.000708258941e-14 -9.575638265430e-13 -1.165594239061e-11 -9.777090709912e-11 -2.110927964054e-11 
