2.542141124303e-09 6.257657290941e-12 7.300195331087e-12 7.931457808801e-12 8.384477344023e-12 8.744615592732e-12 9.053236204562e-12 9.337346297964e-12 9.625670549563e-12 1.002050088276e-11 
6.257657290941e-12 2.551185415863e-09 1.610008981217e-11 1.826416845289e-11 1.981764939472e-11 2.105002880833e-11 2.210616866649e-11 2.307853456762e-11 2.406533666857e-11 2.541668847232e-11 
7.300195331087e-12 1.610008981217e-11 2.560161698052e-09 2.559676242417e-11 2.846299244591e-11 3.072623506605e-11 3.266192784215e-11 3.444416485226e-11 3.625302249917e-11 3.873017152296e-11 
7.931457808801e-12 1.826416845289e-11 2.559676242417e-11 2.569780772101e-09 3.574816454279e-11 3.929192016793e-11 4.230430953558e-11 4.507189153661e-11 4.788093616674e-11 5.172816931775e-11 
8.384477344023e-12 1.981764939472e-11 2.846299244591e-11 3.574816454279e-11 2.580391762780e-09 4.704072686675e-11 5.140779042920e-11 5.539273404972e-11 5.943071255789e-11 6.496270374491e-11 
8.744615592732e-12 2.105002880833e-11 3.072623506605e-11 3.929192016793e-11 4.704072686675e-11 2.592376777779e-09 5.991346865138e-11 6.538649717553e-11 7.088944606704e-11 7.842538670877e-11 
9.053236204562e-12 2.210616866649e-11 3.266192784215e-11 4.230430953558e-11 5.140779042920e-11 5.991346865138e-11 2.606268911191e-09 7.513622258157e-11 8.242995580274e-11 9.233674616580e-11 
9.337346297964e-12 2.307853456762e-11 3.444416485226e-11 4.507189153661e-11 5.539273404972e-11 6.538649717553e-11 7.513622258157e-11 2.623277888382e-09 9.455269423305e-11 1.073624574311e-10 
9.625670549563e-12 2.406533666857e-11 3.625302249917e-11 4.788093616674e-11 5.943071255789e-11 7.088944606704e-11 8.242995580274e-11 9.455269423305e-11 2.646460293708e-09 1.252561841702e-10 
1.002050088276e-11 2.541668847232e-11 3.873017152296e-11 5.172816931775e-11 6.496270374491e-11 7.842538670877e-11 9.233674616580e-11 1.073624574311e-10 1.252561841702e-10 2.691994814261e-09 
