2.541146334681e-09 4.596881837365e-12 5.376802360829e-12 5.849268172226e-12 6.188309417844e-12 6.457834680446e-12 6.688805197511e-12 6.901432238403e-12 7.117212879388e-12 7.412625232175e-12 
4.596881837365e-12 2.547915288146e-09 1.201018521334e-11 1.365486599417e-11 1.483531545320e-11 1.577162144681e-11 1.657403159725e-11 1.731279979390e-11 1.806253626843e-11 1.908904625364e-11 
5.376802360829e-12 1.201018521334e-11 2.554757071088e-09 1.928541291346e-11 2.148900414082e-11 2.322828423889e-11 2.471563847368e-11 2.608508976551e-11 2.747500562018e-11 2.937812967764e-11 
5.849268172226e-12 1.365486599417e-11 1.928541291346e-11 2.562181017090e-09 2.715545269532e-11 2.990790916487e-11 3.224655035077e-11 3.439486861650e-11 3.657538834612e-11 3.956141236869e-11 
6.188309417844e-12 1.483531545320e-11 2.148900414082e-11 2.715545269532e-11 2.570458681412e-09 3.600044205064e-11 3.942371537790e-11 4.254599554292e-11 4.570950348564e-11 5.004306626596e-11 
6.457834680446e-12 1.577162144681e-11 2.322828423889e-11 2.990790916487e-11 3.600044205064e-11 2.579893990249e-09 4.617137314031e-11 5.049617690184e-11 5.484229642299e-11 6.079343203998e-11 
6.688805197511e-12 1.657403159725e-11 2.471563847368e-11 3.224655035077e-11 3.942371537790e-11 4.617137314031e-11 2.590920098450e-09 5.829200177919e-11 6.409480628568e-11 7.197284443081e-11 
6.901432238403e-12 1.731279979390e-11 2.608508976551e-11 3.439486861650e-11 4.254599554292e-11 5.049617690184e-11 5.829200177919e-11 2.604519470100e-09 7.386210706647e-11 8.411573443466e-11 
7.117212879388e-12 1.806253626843e-11 2.747500562018e-11 3.657538834612e-11 4.570950348564e-11 5.484229642299e-11 6.409480628568e-11 7.386210706647e-11 2.623197850364e-09 9.865058733223e-11 
7.412625232175e-12 1.908904625364e-11 2.937812967764e-11 3.956141236869e-11 5.004306626596e-11 6.079343203998e-11 7.197284443081e-11 8.411573443466e-11 9.865058733223e-11 2.660164124131e-09 
