2.543013613739e-09 7.718839484336e-12 8.991854057032e-12 9.762405795566e-12 1.031540518398e-11 1.075502850451e-11 1.113176306791e-11 1.147857727796e-11 1.183053526738e-11 1.231237703616e-11 
7.718839484336e-12 2.554054221755e-09 1.967677010911e-11 2.228826944933e-11 2.416308744325e-11 2.565055363086e-11 2.692529544934e-11 2.809891648285e-11 2.928995966027e-11 3.092068154259e-11 
8.991854057032e-12 1.967677010911e-11 2.564862874302e-09 3.106903996704e-11 3.449852065589e-11 3.720731962776e-11 3.952426422479e-11 4.165751839155e-11 4.382262416018e-11 4.678714826991e-11 
9.762405795566e-12 2.228826944933e-11 3.106903996704e-11 2.576340021696e-09 4.314317440644e-11 4.735263185518e-11 5.093197405401e-11 5.422073926860e-11 5.755874888676e-11 6.212977561903e-11 
1.031540518398e-11 2.416308744325e-11 3.449852065589e-11 4.314317440644e-11 2.588906070832e-09 5.647749613520e-11 6.163145634391e-11 6.633592515820e-11 7.110323321564e-11 7.763349755545e-11 
1.075502850451e-11 2.565055363086e-11 3.720731962776e-11 4.735263185518e-11 5.647749613520e-11 2.603008205686e-09 7.158822331753e-11 7.801232225637e-11 8.447345761775e-11 9.332070010404e-11 
1.113176306791e-11 2.692529544934e-11 3.952426422479e-11 5.093197405401e-11 6.163145634391e-11 7.158822331753e-11 2.619267418499e-09 8.936452947757e-11 9.788533975691e-11 1.094607757285e-10 
1.147857727796e-11 2.809891648285e-11 4.165751839155e-11 5.422073926860e-11 6.633592515820e-11 7.801232225637e-11 8.936452947757e-11 2.639073314350e-09 1.119343128492e-10 1.268400176697e-10 
1.183053526738e-11 2.928995966027e-11 4.382262416018e-11 5.755874888676e-11 7.110323321564e-11 8.447345761775e-11 9.788533975691e-11 1.119343128492e-10 2.665948847392e-09 1.474637048266e-10 
1.231237703616e-11 3.092068154259e-11 4.678714826991e-11 6.212977561903e-11 7.763349755545e-11 9.332070010404e-11 1.094607757285e-10 1.268400176697e-10 1.474637048266e-10 2.718462703847e-09 
