2.565971695600e-09 4.406951978429e-11 5.032158416835e-11 5.409328833493e-11 5.680072548382e-11 5.895319260974e-11 6.079772090071e-11 6.249575129482e-11 6.421896555177e-11 6.657801619203e-11 
4.406951978429e-11 2.620004700102e-09 9.943394271936e-11 1.106844567970e-10 1.187634490648e-10 1.251772517174e-10 1.306736794280e-10 1.357339289076e-10 1.408692760249e-10 1.479001609339e-10 
5.032158416835e-11 9.943394271936e-11 2.665553514588e-09 1.458238550744e-10 1.594964895831e-10 1.703128911360e-10 1.795686304492e-10 1.880901952012e-10 1.967387899160e-10 2.085803665409e-10 
5.409328833493e-11 1.106844567970e-10 1.458238550744e-10 2.710295613880e-09 1.917371562826e-10 2.076056450915e-10 2.211184536077e-10 2.335385793373e-10 2.461442886259e-10 2.634056876158e-10 
5.680072548382e-11 1.187634490648e-10 1.594964895831e-10 1.917371562826e-10 2.756679801597e-09 2.400223133340e-10 2.586263036552e-10 2.756292066614e-10 2.928623258413e-10 3.164664536664e-10 
5.895319260974e-11 1.251772517174e-10 1.703128911360e-10 2.076056450915e-10 2.400223133340e-10 2.806684386845e-09 2.928363625990e-10 3.152827345347e-10 3.378768698100e-10 3.688126013456e-10 
6.079772090071e-11 1.306736794280e-10 1.795686304492e-10 2.211184536077e-10 2.586263036552e-10 2.928363625990e-10 2.862674743237e-09 3.533937122372e-10 3.824352553291e-10 4.218882340038e-10 
6.249575129482e-11 1.357339289076e-10 1.880901952012e-10 2.335385793373e-10 2.756292066614e-10 3.152827345347e-10 3.533937122372e-10 2.929402087579e-09 4.288063748897e-10 4.785391208476e-10 
6.421896555177e-11 1.408692760249e-10 1.967387899160e-10 2.461442886259e-10 2.928623258413e-10 3.378768698100e-10 3.824352553291e-10 4.288063748897e-10 3.018600247991e-09 5.457943540054e-10 
6.657801619203e-11 1.479001609339e-10 2.085803665409e-10 2.634056876158e-10 3.164664536664e-10 3.688126013456e-10 4.218882340038e-10 4.785391208476e-10 5.457943540054e-10 3.191835191089e-09 
