-3.9188500104168389e-10 4.3423717113775141e-10 6.4901696694564504e-10 7.7694767408285323e-10 8.6843583296324580e-10 9.4104108586681731e-10 1.0032311665495857e-09 1.0604785114708804e-09 1.1185740791762063e-09 1.1981363082111049e-09 
-1.5992923012998255e-09 -8.4943723465407023e-11 3.0787180161534027e-10 5.4856974469502058e-10 7.2134742697311217e-10 8.5665522466762182e-10 9.7169577352730042e-10 1.0774377573302813e-09 1.1847329937123227e-09 1.3316731571215916e-09 
-2.4300264572626568e-09 -5.3894811158198907e-10 -6.2854234165556293e-11 2.3300663350721812e-10 4.5660728092649933e-10 6.3172301449820707e-10 7.7716301325114810e-10 9.0946116446111675e-10 1.0434599963383213e-09 1.2269471782988868e-09 
-3.0585866037725512e-09 -9.1287438192075086e-10 -3.7566633473475757e-10 -5.6352220942862952e-11 1.9116033711427228e-10 3.9613488470806749e-10 5.6645789017752054e-10 7.1789501696517392e-10 8.6970914645771993e-10 1.0772816996228273e-09 
-3.5480015718409640e-09 -1.2272133346803342e-09 -6.3699264246960259e-10 -2.9501237523964754e-10 -4.5596424746555887e-11 1.6797109881660613e-10 3.5752516081714045e-10 5.2684658295029316e-10 6.9237415551306370e-10 9.1657991595726716e-10 
-3.9337621268746474e-09 -1.4956517594754826e-09 -8.6902555259684521e-10 -5.0125195914343415e-10 -2.4545109290111479e-10 -3.9620473696025778e-11 1.5191101128203624e-10 3.3712706300239042e-10 5.1741087893279811e-10 7.5394154325552690e-10 
-4.2326505825507342e-09 -1.7239547273875998e-09 -1.0773400610555046e-09 -6.9264841069504154e-10 -4.2272638610838648e-10 -2.1747673968781378e-10 -4.0410879896199758e-11 1.4262036166654047e-10 3.4016188715781081e-10 5.9015091438615363e-10 
-4.4546982450929990e-09 -1.9175142667733609e-09 -1.2632959706000581e-09 -8.7239865598665298e-10 -5.9331825316776181e-10 -3.7772688859897468e-10 -2.0558601003116444e-10 -4.9519933995442184e-11 1.4432392470279332e-10 4.1985206928588026e-10 
-4.6868659832416644e-09 -2.1213293587447764e-09 -1.4597810562941116e-09 -1.0642772296536891e-09 -7.8039879544992506e-10 -5.5573423995421532e-10 -3.6915743531903358e-10 -2.1682677550180428e-10 -7.3482345302299634e-11 2.1721784368879542e-10 
-4.9585181306749460e-09 -2.3756535800366499e-09 -1.7096342099474636e-09 -1.3114487828420071e-09 -1.0255266719139066e-09 -7.9821232074526323e-10 -6.0366299523543304e-10 -4.2733753336557215e-10 -2.7033578904246966e-10 -6.8675406452824917e-11 
