-4.2812022260683940e-10 4.8189195406584436e-10 7.1846604855093940e-10 8.5937283199522332e-10 9.6014374364857733e-10 1.0401179665015651e-09 1.1086204659912293e-09 1.1716785878927178e-09 1.2356710324021409e-09 1.3233090724292802e-09 
-1.7412592592411421e-09 -9.0542791933745509e-11 3.3769453120502603e-10 6.0005433063899037e-10 7.8835715282491503e-10 9.3583387569115248e-10 1.0612297416519396e-09 1.1764921736529031e-09 1.2934479288159598e-09 1.4536181267845547e-09 
-2.6293556175263801e-09 -5.8206327263591488e-10 -6.6593643538374368e-11 2.5376748483892907e-10 4.9582532274160729e-10 6.8537237503895660e-10 8.4281309657348007e-10 9.8603860258174361e-10 1.1311078498320358e-09 1.3297542652737229e-09 
-3.2941278104496186e-09 -9.8250612890456769e-10 -4.0378218082831971e-10 -5.9731381568703072e-11 2.0697841361154685e-10 4.2779760891329019e-10 6.1126462450183796e-10 7.7440036963848064e-10 9.3795255835497752e-10 1.1615770181767539e-09 
-3.8078411459745941e-09 -1.3166656893155401e-09 -6.8314038664085020e-10 -3.1606718190294852e-10 -4.8293545550183875e-11 1.8100139758091454e-10 3.8446785489596831e-10 5.6619734628435417e-10 7.4386896654507927e-10 9.8453534847479471e-10 
-4.2105637572797109e-09 -1.6006334293350074e-09 -9.2985573684629293e-10 -5.3618382349966320e-10 -2.6235993001722956e-10 -4.1987516656043822e-11 1.6307600380138389e-10 3.6133365405096692e-10 5.5430161396590718e-10 8.0749681650707947e-10 
-4.5214881506646947e-09 -1.8414572039949975e-09 -1.1506821107395099e-09 -7.3972299851032581e-10 -4.5137768759436382e-10 -2.3211115869494522e-10 -4.2924724452769560e-11 1.5262946941699086e-10 3.6364561135119138e-10 6.3069435934479221e-10 
-4.7526642242344192e-09 -2.0457186850731646e-09 -1.3477270629539250e-09 -9.3067558072832011e-10 -6.3292476564545570e-10 -4.0291420431553821e-10 -2.1925549956590879e-10 -5.2727001477440290e-11 1.5409514343377766e-10 4.4804054903922517e-10 
-4.9992710842172369e-09 -2.2627505419429556e-09 -1.5571123912130309e-09 -1.1352496452491869e-09 -8.3245179078585412e-10 -5.9281436437451451e-10 -3.9380190919775775e-10 -2.3130935415645863e-10 -7.8409618228627787e-11 2.3163321181975484e-10 
-5.3086343025939497e-09 -2.5436464855798747e-09 -1.8306646697097101e-09 -1.4044023390864629e-09 -1.0983192473510394e-09 -8.5497640905794955e-10 -6.4670795116119490e-10 -4.5793772199769841e-10 -2.8978837266248125e-10 -7.3937160733784419e-11 
