6.353278488015e-10 1.621041529289e-09 2.227283886090e-09 2.624386539095e-09 2.912486097608e-09 3.141566187893e-09 3.337830090302e-09 3.518500286369e-09 3.701849324105e-09 3.952932184708e-09 
5.193605748034e-11 4.228154495416e-10 1.011435795338e-09 1.572427759671e-09 2.026674275917e-09 2.392503787951e-09 2.705133955565e-09 2.992676819210e-09 3.284458495188e-09 3.684038464126e-09 
3.188657180472e-12 6.631735076389e-11 3.070056488552e-10 7.312633205473e-10 1.205805891244e-09 1.628221122939e-09 1.991730551505e-09 2.324639097173e-09 2.662075095187e-09 3.124136746228e-09 
-1.349758521497e-13 1.229307418295e-12 4.281944077321e-11 2.256663367134e-10 5.767411263025e-10 9.913953067466e-10 1.383313650020e-09 1.744890723043e-09 2.109648077184e-09 2.608590507947e-09 
-5.726099390245e-14 -1.773170179497e-12 -4.829866263921e-12 2.992499287616e-11 1.853362162026e-10 4.855139974338e-10 8.609837433579e-10 1.242093658820e-09 1.627156151992e-09 2.150724887373e-09 
-5.364172023068e-15 -3.354117225981e-13 -2.901372916712e-12 -5.669062508730e-12 2.247412260845e-11 1.495548626977e-10 4.192524451866e-10 7.887928326139e-10 1.193537503389e-09 1.736676209282e-09 
-2.071249009097e-16 -2.653635554011e-14 -4.728013563621e-13 -3.091176526402e-12 -8.182352221090e-12 5.425926640870e-12 1.077181212551e-10 3.746013560450e-10 7.825775432304e-10 1.350221493752e-09 
-3.189037997629e-18 -9.341817809580e-16 -3.372291346330e-14 -4.579696783443e-13 -3.222437228530e-12 -1.241418940876e-11 -1.878301261452e-11 5.358174185351e-11 3.577087698945e-10 9.643213582722e-10 
-1.315712552404e-20 -9.278855998724e-18 -6.872945572736e-16 -1.832108320927e-14 -2.635038832266e-13 -2.407237844005e-12 -1.446308474241e-11 -5.037232345346e-11 -2.558839180044e-11 5.187267557591e-10 
-2.600628130662e-24 -4.985821008646e-21 -8.851743287135e-19 -5.357411889368e-17 -1.733716186921e-15 -3.722390568180e-14 -5.900537422410e-13 -7.097429178661e-12 -5.819140911447e-11 -8.042280371374e-12 
