-4.8382122831167793e-10 5.5774108039447968e-10 8.2848642111610123e-10 9.8973751782908770e-10 1.1050631143530883e-09 1.1965918141490539e-09 1.2749922279363905e-09 1.3471616961518855e-09 1.4204004926220317e-09 1.5207014724353112e-09 
-1.9592359564491053e-09 -9.8737136354540908e-11 3.8399946834559543e-10 6.7967895751012607e-10 8.9185889829986872e-10 1.0580531513548249e-09 1.1993784336578389e-09 1.3292863058852363e-09 1.4611029995853217e-09 1.6416251837922650e-09 
-2.9328610938285892e-09 -6.4755853149035204e-10 -7.2087674721092238e-11 2.8560980099687506e-10 5.5578559238773780e-10 7.6731580104476603e-10 9.4303970764861134e-10 1.1029142469138598e-09 1.2648507174676553e-09 1.4865942241491451e-09 
-3.6511715937598012e-09 -1.0880001015980157e-09 -4.4633054026757181e-10 -6.4768785045672599e-11 2.3105015332084007e-10 4.7589135260428336e-10 6.7928533731907575e-10 8.6015779608919106e-10 1.0415071744914512e-09 1.2894695337766452e-09 
-4.2009435172798576e-09 -1.4519783102978687e-09 -7.5293579949215669e-10 -3.4789809109656674e-10 -5.2347614332827504e-11 2.0074440259337056e-10 4.2525821664037272e-10 6.2575978230338913e-10 8.2180512661877568e-10 1.0873759171833351e-09 
-4.6292621723235273e-09 -1.7594408049709532e-09 -1.0218806910669362e-09 -5.8903539519962052e-10 -2.8794861429445827e-10 -4.5580215531381640e-11 1.7994783119107547e-10 3.9793142309368383e-10 6.1008682654624865e-10 8.8848892088841446e-10 
-4.9591792066596501e-09 -2.0195345682358498e-09 -1.2618457859891429e-09 -8.1108462544644197e-10 -4.9482193438125731e-10 -2.5431575981457525e-10 -4.6767352997187464e-11 1.6775901039398086e-10 3.9919289591778152e-10 6.9209410727138794e-10 
-5.2057259938701888e-09 -2.2406839378173073e-09 -1.4761416507479313e-09 -1.0193266331559460e-09 -6.9318962587465080e-10 -4.4125473077025123e-10 -2.4008161683695144e-10 -5.7650793459946983e-11 1.6888694153372320e-10 4.9084330232501926e-10 
-5.4781290489550112e-09 -2.4795591248173893e-09 -1.7063490186326700e-09 -1.2440886708194610e-09 -9.1229484604358567e-10 -6.4970897900212367e-10 -4.3163263457634920e-10 -2.5355846330691037e-10 -8.6036407611683256e-11 2.5364339315441436e-10 
-5.8536054044967314e-09 -2.8052076162936248e-09 -2.0191454854074208e-09 -1.5491914576824519e-09 -1.2117349807460313e-09 -9.4344948348645507e-10 -7.1383168830637591e-10 -5.0569175083079216e-10 -3.2017044332954624e-10 -8.2250814168555839e-11 
