-6.0757141431630596e-10 7.3677125715236442e-10 1.0861449277877815e-09 1.2942057740655154e-09 1.4430234989159688e-09 1.5611422701473577e-09 1.6623209136812482e-09 1.7554585049381462e-09 1.8499761171157818e-09 1.9794185783348536e-09 
-2.4427744051721052e-09 -1.1543863394452826e-10 4.8860470918534150e-10 8.5841642232277754e-10 1.1237094562280576e-09 1.3315478050699475e-09 1.5083188001563690e-09 1.6708162509764913e-09 1.8357021400635328e-09 2.0615124382479346e-09 
-3.5975812792054680e-09 -7.9051283782642425e-10 -8.3481133121852991e-11 3.5608382718602407e-10 6.8788763570225907e-10 9.4759607712685745e-10 1.1633963572746213e-09 1.3597687735468755e-09 1.5586820151202080e-09 1.8310596134203699e-09 
-4.4285265964441275e-09 -1.3175316560213378e-09 -5.3878052778076950e-10 -7.5513912826214765e-11 2.8370821058937853e-10 5.8085836607762697e-10 8.2764358583988693e-10 1.0471423564361520e-09 1.2672507454505043e-09 1.5682165556880294e-09 
-5.0553698641432574e-09 -1.7460841934863726e-09 -9.0463806629586906e-10 -4.1707851270798170e-10 -6.1147524313282387e-11 2.4366368459176278e-10 5.1392040947309390e-10 7.5522559437267450e-10 9.9120889483969206e-10 1.3109112089655852e-09 
-5.5408287480436473e-09 -2.1052581049057857e-09 -1.2223201990879801e-09 -7.0419480548667257e-10 -3.4375575831141655e-10 -5.3511626374338589e-11 2.1655331111312015e-10 4.7747504975144511e-10 7.3140635925943272e-10 1.0646839674906372e-09 
-5.9165426470791392e-09 -2.4091589908596804e-09 -1.5051388513251658e-09 -9.6733339503749624e-10 -5.9001147575899649e-10 -3.0304944537073626e-10 -5.5359177379711786e-11 2.0062337893442724e-10 4.7671436077946365e-10 8.2617150096355914e-10 
-6.2057503574097724e-09 -2.6711640931509261e-09 -1.7597637195167710e-09 -1.2152014065258275e-09 -8.2641989375527978e-10 -5.2609031678260312e-10 -2.8625629539875031e-10 -6.8774899094681021e-11 2.0122198802956888e-10 5.8503592160123245e-10 
-6.5499513626544647e-09 -2.9649826234164200e-09 -2.0405639338438220e-09 -1.4879041457291102e-09 -1.0912243027807184e-09 -7.7728189964217181e-10 -5.1652918075443715e-10 -3.0355914477136025e-10 -1.0337038266802159e-10 3.0256021415282210e-10 
-7.1096163857780180e-09 -3.4083194885075897e-09 -2.4539002810492591e-09 -1.8832925217682608e-09 -1.4735603318140702e-09 -1.1478136389810141e-09 -8.6901101570170926e-10 -6.1623034742628352e-10 -3.9058991905943216e-10 -1.0191310623556733e-10 
