-2.6403166737840209e-09 5.7097687138593907e-09 7.8753037382351452e-09 9.1648747790546184e-09 1.0087891190916188e-08 1.0820775518821043e-08 1.1448605635523269e-08 1.2026544496873306e-08 1.2613046875842985e-08 1.3416266421977542e-08 
-1.2243142863349965e-08 -4.3119719470975844e-10 2.6365969191410694e-09 4.5116567168016271e-09 5.8561897940673868e-09 6.9103257030413139e-09 7.8072553127342689e-09 8.6318143708845903e-09 9.4684953674061274e-09 1.0614325337379282e-08 
-1.7441255583777720e-08 -3.8128175689563779e-09 -3.7849092097114899e-10 1.7556284536762663e-09 3.3652335544948311e-09 4.6256976015146611e-09 5.6735196591113994e-09 6.6269798397600158e-09 7.5927178994564761e-09 8.9151178350053441e-09 
-2.1583009993824096e-08 -6.4389061237574193e-09 -2.6466027259248971e-09 -3.9162882466065930e-10 1.3545010376588327e-09 2.7999149410596301e-09 4.0019967315201116e-09 5.0711624035692976e-09 6.1427677362011719e-09 7.6078135503870431e-09 
-2.5339941706164676e-08 -8.7850753438031407e-09 -4.5738138092906986e-09 -2.1327782548809976e-09 -3.5465681786625715e-10 1.1655606877852696e-09 2.5166695983958660e-09 3.7258303535679264e-09 4.9074921502989309e-09 6.5069258295700090e-09 
-2.9047369022745148e-08 -1.1076122444671684e-08 -6.4566036547648496e-09 -3.7436562756435609e-09 -1.8565683261804542e-09 -3.4252266968790742e-10 1.0637237770190572e-09 2.4286952557166732e-09 3.7608475849877993e-09 5.5054054546549487e-09 
-3.2939319920914821e-08 -1.3453977571349513e-08 -8.4314772372859348e-09 -5.4424882479362375e-09 -3.3431603980170499e-09 -1.7469935894904570e-09 -3.7727594255705430e-10 1.0352731173683699e-09 2.5720596417592080e-09 4.5195401544597616e-09 
-3.7377608088409930e-08 -1.6130997405820532e-08 -1.0652495556201585e-08 -7.3788747162268608e-09 -5.0405610435263300e-09 -3.2313047151545341e-09 -1.7862125615521170e-09 -4.8965940187196438e-10 1.1172851640849987e-09 3.4382516162616676e-09 
-4.4051909308755160e-08 -1.9984433123051449e-08 -1.3778401397440875e-08 -1.0068139242776991e-08 -7.4048918694860511e-09 -5.2960451498549268e-09 -3.5401553692399283e-09 -2.1016822536438067e-09 -7.7819375085057993e-10 1.9310970404229004e-09 
-5.8268212697166075e-08 -2.8023503836694504e-08 -2.0224578567396589e-08 -1.5561923730590017e-08 -1.2213842974341894e-08 -9.5520039773881409e-09 -7.2732695896418433e-09 -5.2023657677324710e-09 -3.3275044015592575e-09 -9.9114373240827806e-10 
