8.910069597479e-08 2.103919937042e-07 2.810194114554e-07 3.269341077851e-07 3.602221085403e-07 3.866909724284e-07 4.093683691532e-07 4.302440082898e-07 4.514291766179e-07 4.804406152400e-07 
5.697608359395e-09 4.549573604639e-08 1.082621440982e-07 1.681948447325e-07 2.168194927425e-07 2.559986846234e-07 2.894788931420e-07 3.202715896704e-07 3.515181115509e-07 3.943086083379e-07 
3.373529789669e-10 7.033492035720e-09 3.276169522152e-08 7.849572918163e-08 1.299571623172e-07 1.758744881067e-07 2.154011635801e-07 2.515976445081e-07 2.882852181456e-07 3.385225351846e-07 
-1.512096856839e-11 1.159897101256e-10 4.575119872370e-09 2.450328974302e-08 6.305625306042e-08 1.087552476408e-07 1.520118229313e-07 1.919258883366e-07 2.321875156828e-07 2.872597854523e-07 
-6.295819911763e-12 -1.965644114005e-10 -5.463853563836e-10 3.262919812219e-09 2.044632253524e-08 5.377377632416e-08 9.555426990235e-08 1.379712139698e-07 1.808196975474e-07 2.390806841053e-07 
-5.928070373210e-13 -3.720306094451e-11 -3.230723729927e-10 -6.377705453389e-10 2.483286128838e-09 1.666434356889e-08 4.678337830580e-08 8.799145058307e-08 1.330838795043e-07 1.935921061794e-07 
-2.300725163007e-14 -2.956845816820e-12 -5.278761529725e-11 -3.452490571790e-10 -9.103818998412e-10 6.284291257571e-10 1.205733536196e-08 4.174379619258e-08 8.699645389974e-08 1.498639805998e-07 
-3.560554977705e-16 -1.043002125392e-13 -3.758958325283e-12 -5.092452624070e-11 -3.572478907320e-10 -1.370576145943e-09 -2.044439324261e-09 6.063240261709e-09 3.964700819007e-08 1.059603065867e-07 
-1.464035209376e-18 -1.030046047077e-15 -7.614685888343e-14 -2.025722480527e-12 -2.905285410698e-11 -2.641246132966e-10 -1.572314230421e-09 -5.375430226597e-09 -2.346206913666e-09 5.581417995355e-08 
-2.861571120416e-22 -5.466235963939e-19 -9.662142777314e-17 -5.817602298869e-15 -1.871453058338e-13 -3.990770261841e-12 -6.274686223187e-11 -7.468602804090e-10 -6.019549337488e-09 -1.736716304352e-10 
