-8.7017906644030938e-10 1.1679387879219217e-09 1.6973811306100606e-09 2.0126372530755590e-09 2.2381674100289759e-09 2.4171961982863253e-09 2.5705543235601483e-09 2.7117249902997478e-09 2.8549874069862333e-09 3.0511862223168078e-09 
-3.4821902273921807e-09 -1.4653641472461852e-10 7.1959038878367131e-10 1.2494646978068663e-09 1.6294125464982240e-09 1.9271724548778361e-09 2.1804942327446140e-09 2.4133765080999795e-09 2.6496832381544867e-09 2.9733040652164912e-09 
-5.0035049126421146e-09 -1.0917271106217876e-09 -1.0608139761001744e-10 5.0685318762084586e-10 9.6910054956995590e-10 1.3307841723132559e-09 1.6314304098578482e-09 1.9050785102424851e-09 2.1822817085036439e-09 2.5618654767435617e-09 
-6.0657331959909034e-09 -1.8009052842603714e-09 -7.3341444347333654e-10 -9.8034957652018689e-11 3.9470914506249664e-10 8.0200920957694902e-10 1.1401861726280550e-09 1.4410467977598633e-09 1.7427922381925843e-09 2.1553951734594865e-09 
-6.8607886122361493e-09 -2.3679264386671961e-09 -1.2256570979566933e-09 -5.6375570973399468e-10 -8.0304720712022189e-11 3.3369417437040585e-10 7.0055651692741292e-10 1.0280774405565889e-09 1.3484392342379304e-09 1.7824865495389058e-09 
-7.4846452002954920e-09 -2.8432741785455256e-09 -1.6504746820272906e-09 -9.5054954407515741e-10 -4.6358246931360631e-10 -7.1359267276654120e-11 2.9352570264342351e-10 6.4596181511694889e-10 9.8899244082192535e-10 1.4392470999622879e-09 
-7.9882606265598534e-09 -3.2529653767985458e-09 -2.0324551937412032e-09 -1.3063701820231625e-09 -7.9693816051006894e-10 -4.0946962913708900e-10 -7.5064393903682146e-11 2.7042749573993940e-10 6.4315312807154522e-10 1.1150258299598036e-09 
-8.4147096749451605e-09 -3.6227216669349963e-09 -2.3870974845480877e-09 -1.6488089356927306e-09 -1.1217039410656602e-09 -7.1446966705126634e-10 -3.8923041704171744e-10 -9.4534137020012122e-11 2.7115958792331546e-10 7.9175261546943828e-10 
-8.9908624440386674e-09 -4.0711462850273055e-09 -2.8025500935813060e-09 -2.0441249821830963e-09 -1.4997505730830748e-09 -1.0688926451030968e-09 -7.1091690804514944e-10 -4.1837709453376026e-10 -1.4415630749686603e-10 4.1231476321711386e-10 
-1.0124200874098751e-08 -4.8569952080795671e-09 -3.4987895135196826e-09 -2.6867745163695267e-09 -2.1036967122097432e-09 -1.6401349442435882e-09 -1.2433604393270975e-09 -8.8344191094830636e-10 -5.6118400510676118e-10 -1.5109155622413163e-10 
