-1.9249182138299675e-09 3.6343331418382742e-09 5.0766074267507310e-09 5.9353773750401412e-09 6.5499931820967562e-09 7.0379967988602300e-09 7.4560486167482647e-09 7.8408796462399937e-09 8.2314128646913078e-09 8.7662510020724774e-09 
-8.2816511844549443e-09 -2.7952092269872058e-10 1.7993254569178904e-09 3.0696653333528987e-09 3.9802351348190648e-09 4.6941995328945878e-09 5.3017955612060063e-09 5.8603975716957607e-09 6.4272155693777633e-09 7.2034699285942566e-09 
-1.1590432299935495e-08 -2.5156807544900079e-09 -2.2823970000112014e-10 1.1939735689935590e-09 2.2657375618614641e-09 3.1044548194121384e-09 3.8018827761916969e-09 4.4367244225608120e-09 5.0798037462309839e-09 5.9603907061311410e-09 
-1.4018276443558175e-08 -4.1654471460102282e-09 -1.6988453304710838e-09 -2.3079529444893465e-10 9.0689131305676965e-10 1.8474189046150221e-09 2.6288522890159551e-09 3.3241166049773923e-09 4.0212730976590899e-09 4.9744872487073576e-09 
-1.6057162409353333e-08 -5.5523970309037786e-09 -2.8810747260471744e-09 -1.3327939992437360e-09 -2.0314360683031928e-10 7.6329621255187878e-10 1.6207185377489906e-09 2.3871552904419847e-09 3.1365814389516124e-09 4.1514675496877223e-09 
-1.7944133705444109e-08 -6.8302281822991196e-09 -3.9737216586871677e-09 -2.2968151023712634e-09 -1.1301659327924014e-09 -1.9240232342832330e-10 6.7909590734030739e-10 1.5230070478449387e-09 2.3457454807783151e-09 3.4243233939646784e-09 
-1.9826802474813304e-08 -8.0885570335037992e-09 -5.0629853888850185e-09 -3.2626842957866326e-09 -1.9987620681759941e-09 -1.0375533797512397e-09 -2.1082472643528788e-10 6.4212418606756331e-10 1.5671491987450358e-09 2.7390336938825752e-09 
-2.1893000565567151e-08 -9.4403736244810956e-09 -6.2294307297703211e-09 -4.3108088088929625e-09 -2.9405832729285317e-09 -1.8809217689054969e-09 -1.0345695353498806e-09 -2.7261271147105741e-10 6.7222223471877173e-10 2.0298319343477514e-09 
-2.5025910003178306e-08 -1.1347484128668193e-08 -7.8203697957770100e-09 -5.7116943635734477e-09 -4.1980986084916382e-09 -2.9997492723260012e-09 -2.0025900562254314e-09 -1.1860466181736968e-09 -4.3064740820301495e-10 1.1103324851689066e-09 
-3.1885129879763745e-08 -1.5326790566685461e-08 -1.1057043865775152e-08 -8.5043389265496787e-09 -6.6713356899080029e-09 -5.2140387370213777e-09 -3.9665287016944567e-09 -2.8332345784086367e-09 -1.8098301085903472e-09 -5.2836035457415579e-10 
