-3.7919336955634057e-08 5.9067028707085745e-08 8.4249337252407911e-08 9.9251163671058969e-08 1.0998454751338173e-07 1.1850356553557431e-07 1.2580060490837957e-07 1.3251769128316532e-07 1.3933430328244037e-07 1.4866970054104017e-07 
-1.7356325614687433e-07 -9.4548751205834921e-09 3.3073120227966199e-08 5.9148079173172581e-08 7.7890900729582525e-08 9.2563198345224328e-08 1.0503093537929303e-07 1.1648937720975787e-07 1.2811598536072497e-07 1.4403854574547492e-07 
-2.7559311555907506e-07 -6.2086498706639338e-08 -8.3864579002806576e-09 2.4959781847627908e-08 5.0226874420710230e-08 7.0030496042272276e-08 8.6461015645550501e-08 1.0139804572997847e-07 1.1652539359038011e-07 1.3723938112659244e-07 
-3.5906591087276129e-07 -1.0760646663153450e-07 -4.4645203772811846e-08 -7.2639209615160211e-09 2.1716509738030693e-08 4.5749589252231298e-08 6.5723899286082351e-08 8.3475403803859510e-08 1.0126657563927892e-07 1.2559084339683267e-07 
-4.2319280225939094e-07 -1.4655176149712674e-07 -7.6186269856764232e-08 -3.5419842579193206e-08 -5.7055939448423440e-09 1.9737532236201206e-08 4.2331989814136376e-08 6.2522439252088824e-08 8.2258038190120118e-08 1.0898405064403451e-07 
-4.7453498359657634e-07 -1.8058577389305047e-07 -1.0503347882884461e-07 -6.0683645529684866e-08 -2.9835886218013787e-08 -5.0321898113656809e-09 1.8032592425819641e-08 4.0356870035694875e-08 6.2109600932940931e-08 9.0633893228611107e-08 
-5.2041036157347267e-07 -2.1221034452923148e-07 -1.3277110105991545e-07 -8.5504843080733354e-08 -5.2326866223060065e-08 -2.7094956296168277e-08 -5.3728228227041012e-09 1.7046142416529343e-08 4.1325494616892514e-08 7.2080393776886526e-08 
-5.6808669900166002e-07 -2.4487220211368981e-07 -1.6153052957874196e-07 -1.1173219186578748e-07 -7.6170243344363569e-08 -4.8674774757451469e-08 -2.6713568301259932e-08 -6.9128777192692356e-09 1.7641846026050118e-08 5.2851146862185925e-08 
-6.3984878713202813e-07 -2.9004127476014032e-07 -1.9984002902416950e-07 -1.4591349090196234e-07 -1.0720560379815514e-07 -7.6561701816533271e-08 -5.1070745291610239e-08 -3.0206127596594511e-08 -1.0850787176107962e-08 2.8592747416886785e-08 
-7.8651473417564667e-07 -3.7777966806934251e-07 -2.7238292092174217e-07 -2.0937056555556816e-07 -1.6412372206703532e-07 -1.2815109670964738e-07 -9.7358109692175805e-08 -6.9396381765176981e-08 -4.4220858748316482e-08 -1.2559422844726767e-08 
