6.738463589575e-10 1.713587703215e-09 2.351269735273e-09 2.768714848026e-09 3.071545053809e-09 3.312337038972e-09 3.518634721925e-09 3.708540678134e-09 3.901261316454e-09 4.165175267481e-09 
5.449714106018e-11 4.428670150909e-10 1.058236093951e-09 1.644180559343e-09 2.118456535578e-09 2.500401204995e-09 2.826803766005e-09 3.127013361677e-09 3.431646881744e-09 3.848822709569e-09 
3.336699971648e-12 6.928415029247e-11 3.203756511280e-10 7.624543531923e-10 1.256713607176e-09 1.696634553044e-09 2.075185946525e-09 2.421872775499e-09 2.773273323099e-09 3.254452356243e-09 
-1.398469999079e-13 1.298759710085e-12 4.462326939548e-11 2.349366196507e-10 6.003441273105e-10 1.031753974116e-09 1.439444961226e-09 1.815599574938e-09 2.195060286289e-09 2.714109603006e-09 
-5.956664389710e-14 -1.845308820086e-12 -5.023681032474e-12 3.118014515612e-11 1.928494164403e-10 5.048755045158e-10 8.952991367785e-10 1.291691211795e-09 1.692175011422e-09 2.236707997039e-09 
-5.582847796545e-15 -3.488252147965e-13 -3.014667638804e-12 -5.888796218889e-12 2.331760101389e-11 1.554174382532e-10 4.361405900644e-10 8.207626044770e-10 1.241976874750e-09 1.807262014205e-09 
-2.152925343544e-16 -2.757927516905e-14 -4.917854066972e-13 -3.219174645588e-12 -8.527170261813e-12 5.680793447790e-12 1.122295385846e-10 3.897940975417e-10 8.144238149654e-10 1.405540857612e-09 
-3.317129062321e-18 -9.726468018518e-16 -3.511402425814e-14 -4.765865785960e-13 -3.350901975500e-12 -1.291268578583e-11 -1.966835265502e-11 5.527973541708e-11 3.725972922751e-10 1.006114549957e-09 
-1.369479835518e-20 -9.651292511837e-18 -7.147930825534e-16 -1.906806392892e-14 -2.746896121314e-13 -2.515130123830e-12 -1.514132593495e-11 -5.271101343851e-11 -2.650189770529e-11 5.421302641027e-10 
-2.714391518101e-24 -5.211580178453e-21 -9.261403446526e-19 -5.607274921803e-17 -1.814105208108e-15 -3.892045047613e-14 -6.163031182087e-13 -7.409777465296e-12 -6.100511320830e-11 -9.262600359189e-12 
