4.134792697237e-10 1.078518448756e-09 1.495927862042e-09 1.770614044782e-09 1.970042288451e-09 2.128617935078e-09 2.264474667171e-09 2.389536374217e-09 2.516451662956e-09 2.690251141796e-09 
3.636354863209e-11 3.001968776837e-10 7.244452657081e-10 1.131868564138e-09 1.462757211024e-09 1.729368964531e-09 1.957193296685e-09 2.166728559669e-09 2.379350754997e-09 2.670523053893e-09 
2.279328703777e-12 4.807227712237e-11 2.246928076642e-10 5.386435232309e-10 8.914854249768e-10 1.206067788848e-09 1.476841384165e-09 1.724806215842e-09 1.976136223152e-09 2.320286375601e-09 
-1.036124892334e-13 8.167070008156e-13 3.152457922745e-11 1.681475114968e-10 4.316507616416e-10 7.435712016473e-10 1.038691730089e-09 1.310976599195e-09 1.585639889668e-09 1.961339584706e-09 
-4.304934345549e-14 -1.338857112322e-12 -3.686304350060e-12 2.236953145074e-11 1.394979108508e-10 3.664367836863e-10 6.506471410818e-10 9.390726640636e-10 1.230462211029e-09 1.626663948027e-09 
-4.040929662515e-15 -2.532396099178e-13 -2.196959916407e-12 -4.321621752932e-12 1.697096868344e-11 1.133939136092e-10 3.178175704132e-10 5.975603375403e-10 9.038431487622e-10 1.314825371475e-09 
-1.565814280904e-16 -2.010575523650e-14 -3.584632822989e-13 -2.340934090973e-12 -6.168502894639e-12 4.220715641396e-12 8.164566383725e-11 2.833853992918e-10 5.913376189088e-10 1.019276581253e-09 
-2.418042179308e-18 -7.075219419255e-16 -2.550060640761e-14 -3.458640413784e-13 -2.431345400458e-12 -9.353494327225e-12 -1.401504635398e-11 4.114275861926e-11 2.699661101379e-10 7.231756946985e-10 
-9.939486402154e-21 -7.004539099485e-18 -5.185650458216e-16 -1.380915977472e-14 -1.981727709277e-13 -1.802661219104e-12 -1.075004763755e-11 -3.701277341379e-11 -1.755182819620e-11 3.837342008559e-10 
-1.952284942107e-24 -3.730681368627e-21 -6.599388357349e-19 -3.979186746521e-17 -1.283032148146e-15 -2.745438955033e-14 -4.337934031791e-13 -5.198483326571e-12 -4.226911136429e-11 -3.314499655994e-12 
