1.068773274952e-09 2.642120905070e-09 3.584816303806e-09 4.199132323153e-09 4.644499240447e-09 4.998625109284e-09 5.302024990122e-09 5.581318197813e-09 5.864750957564e-09 6.252886792985e-09 
7.882794042463e-11 6.321301997746e-10 1.498899939933e-09 2.319316856698e-09 2.982069721578e-09 3.515659361974e-09 3.971674732833e-09 4.391103935100e-09 4.816714458944e-09 5.399560382209e-09 
4.726160055263e-12 9.704500050973e-11 4.454495873719e-10 1.055826897485e-09 1.736910448294e-09 2.342706666889e-09 2.864027968499e-09 3.341496687863e-09 3.825456690596e-09 4.488151277315e-09 
-1.887562785083e-13 1.862398501982e-12 6.161366050835e-11 3.232365140162e-10 8.246491426194e-10 1.416478625034e-09 1.976261830934e-09 2.492889257110e-09 3.014048908859e-09 3.726913215653e-09 
-8.177396247483e-14 -2.529014799577e-12 -6.857092309433e-12 4.274298821249e-11 2.641262030332e-10 6.926553756818e-10 1.230337117690e-09 1.776814054747e-09 2.329114092565e-09 3.080021884614e-09 
-7.652155242612e-15 -4.781717060134e-13 -4.145006265436e-12 -8.201435958493e-12 3.172541564346e-11 2.138738321931e-10 6.020749156924e-10 1.135417584402e-09 1.721036717354e-09 2.506974783607e-09 
-2.955279471888e-16 -3.801020936010e-14 -6.802158552174e-13 -4.467208818705e-12 -1.190486258542e-11 7.371904969395e-12 1.543621162845e-10 5.416910546083e-10 1.139545824463e-09 1.972956649613e-09 
-4.587995133225e-18 -1.348440650366e-15 -4.879284066443e-14 -6.649516563536e-13 -4.710748323777e-12 -1.840717396666e-11 -2.905110080895e-11 7.591209381324e-11 5.287960090343e-10 1.437268278695e-09 
-1.907973695111e-20 -1.352132799187e-17 -1.008037824247e-15 -2.707207869730e-14 -3.924038498947e-13 -3.611253420825e-12 -2.182421486829e-11 -7.643676442354e-11 -4.174330360498e-11 7.844981175021e-10 
-3.888725396429e-24 -7.485247518741e-21 -1.332374158331e-18 -8.078325287079e-17 -2.618357677947e-15 -5.634342739901e-14 -8.969875982814e-13 -1.089037765844e-11 -9.103672837293e-11 -1.855854315133e-11 
