-9.3513977512626423e-10 1.2879311645973130e-09 1.8654093337829151e-09 2.2092683312893036e-09 2.4552750375486511e-09 2.6505672461888466e-09 2.8178606399280646e-09 2.9718611685229728e-09 3.1281447937816464e-09 3.3421754368157658e-09 
-3.7458997180698609e-09 -1.5360831162041026e-10 7.7933489765114336e-10 1.3500274284137210e-09 1.7592112579229404e-09 2.0799075224287444e-09 2.3527614328400432e-09 2.6036060802044751e-09 2.8581416215590787e-09 3.2067254029882226e-09 
-5.3561366435592887e-09 -1.1671816753784988e-09 -1.1154169215940922e-10 5.4499373584375926e-10 1.0400458778690504e-09 1.4273768331535796e-09 1.7493688940250540e-09 2.0424624865846351e-09 2.3393687348574691e-09 2.7459312616902130e-09 
-6.4758534205164523e-09 -1.9221579377482103e-09 -7.8229810076701655e-10 -1.0374753018234664e-10 4.2249823684671591e-10 8.5744184796793545e-10 1.2185633025087652e-09 1.5398550973478896e-09 1.8621022433287552e-09 2.3027386879118578e-09 
-7.3156000716817884e-09 -2.5248743134843335e-09 -1.3068030339738304e-09 -6.0093990890472416e-10 -8.5328957746116592e-11 3.5620337403333364e-10 7.4743896328972343e-10 1.0967254519752341e-09 1.4383909203026598e-09 1.9013031580100881e-09 
-7.9797920612333543e-09 -3.0316416599178238e-09 -1.7599083694258876e-09 -1.0136346575282218e-09 -4.9439080338620191e-10 -7.6161936688663834e-11 3.1289251844466299e-10 6.8866958245959513e-10 1.0544417816878945e-09 1.5345511341124038e-09 
-8.5243572845486124e-09 -3.4717310289436041e-09 -2.1693314999792267e-09 -1.3944976150127519e-09 -8.5083038833716744e-10 -4.3729345088419400e-10 -8.0410630077567271e-11 2.8824247810757083e-10 6.8598957523431896e-10 1.1895975598973756e-09 
-8.9990557743109346e-09 -3.8748969472667026e-09 -2.5535228295681440e-09 -1.7639689569581533e-09 -1.2002375188365135e-09 -7.6466154499553827e-10 -4.1673663377772086e-10 -1.0155806761062725e-10 2.8940713293102555e-10 8.4619135727802262e-10 
-9.6561007634577228e-09 -4.3730883259981606e-09 -3.0107107465474719e-09 -2.1961898914696209e-09 -1.6115347154886579e-09 -1.1487736508317726e-09 -7.6422591489269354e-10 -4.4983717634908262e-10 -1.5528309831814703e-10 4.4204636419598058e-10 
-1.0983707743418433e-08 -5.2706693931395627e-09 -3.7973906910860416e-09 -2.9165471578995547e-09 -2.2840294689940602e-09 -1.7811508747752061e-09 -1.3507108478894355e-09 -9.6018451706286482e-10 -6.1011111892883967e-10 -1.6507290459959141e-10 
