6.352530678759e-10 1.620859536763e-09 2.227045229965e-09 2.624112317058e-09 2.912185606202e-09 3.141244118470e-09 3.337488802524e-09 3.518140494532e-09 3.701469704769e-09 3.952522954315e-09 
5.193241221533e-11 4.227930712411e-10 1.011390795441e-09 1.572361729370e-09 2.026590611202e-09 2.392405283620e-09 2.705021801055e-09 2.992550851329e-09 3.284316843726e-09 3.683871421855e-09 
3.188776831759e-12 6.631822406035e-11 3.070037659942e-10 7.312491569321e-10 1.205774194971e-09 1.628173303614e-09 1.991668554781e-09 2.324562986035e-09 2.661982807789e-09 3.124017788799e-09 
-1.349144924040e-13 1.230631141350e-12 4.282382461429e-11 2.256682215243e-10 5.767291729786e-10 9.913643563908e-10 1.383264720516e-09 1.744824811683e-09 2.109563376697e-09 2.608475297663e-09 
-5.725083517377e-14 -1.772762978636e-12 -4.827291294239e-12 2.993029904982e-11 1.853377280611e-10 4.855012131851e-10 8.609507873631e-10 1.242039966778e-09 1.627080727188e-09 2.150615344895e-09 
-5.363334198804e-15 -3.353516520634e-13 -2.900711972075e-12 -5.666330431939e-12 2.247911603325e-11 1.495563545646e-10 4.192391617622e-10 7.887562049097e-10 1.193474950487e-09 1.736575823220e-09 
-2.070928308628e-16 -2.653186780145e-14 -4.727122010685e-13 -3.090481461942e-12 -8.179560484186e-12 5.431784679165e-12 1.077215383134e-10 3.745873931974e-10 7.825329393280e-10 1.350133450037e-09 
-3.188535443628e-18 -9.340274474001e-16 -3.371706752291e-14 -4.578854000258e-13 -3.221788765225e-12 -1.241122732651e-11 -1.877525554866e-11 5.358938459562e-11 3.576924688968e-10 9.642518684132e-10 
-1.315501827697e-20 -9.277333572097e-18 -6.871792511677e-16 -1.831794215912e-14 -2.634576663092e-13 -2.406803679424e-12 -1.446035365231e-11 -5.036157913942e-11 -2.557139069596e-11 5.186902435706e-10 
-2.600204173701e-24 -4.985006121651e-21 -8.850293786121e-19 -5.356532293241e-17 -1.733430292352e-15 -3.721772397244e-14 -5.899546679969e-13 -7.096217020101e-12 -5.818119688567e-11 -8.029393217145e-12 
