-1.3022389031937811e-09 2.0430150280229397e-09 2.9115389723186954e-09 3.4286736545255273e-09 3.7987159642563398e-09 4.0925061402131005e-09 4.3441826152641659e-09 4.5758619109511630e-09 4.8109759372576721e-09 5.1329650052782676e-09 
-5.2988866714583640e-09 -1.9422107546255561e-10 1.1319012840717253e-09 1.9426182941817389e-09 2.5237423925914302e-09 2.9793180930282094e-09 3.3670035830465052e-09 3.7234313929683422e-09 4.0851048410614426e-09 4.5804129410380089e-09 
-7.4485641631461460e-09 -1.6161504465064901e-09 -1.4597431115255217e-10 7.6842026396657985e-10 1.4575139140535499e-09 1.9966087644624016e-09 2.4448744591212017e-09 2.8529574651880399e-09 3.2663559670063406e-09 3.8324351079282529e-09 
-8.9433456730514702e-09 -2.6528596547165406e-09 -1.0782371413700755e-09 -1.4067764816300913e-10 5.8634333702936380e-10 1.1870629510712929e-09 1.6858595670241861e-09 2.1296978115233422e-09 2.5748598245633776e-09 3.1835631704362960e-09 
-1.0098392518996391e-08 -3.4860195241228314e-09 -1.8047600859203376e-09 -8.3040008088392602e-10 -1.1871610018593027e-10 4.9055026910669280e-10 1.0304629093362799e-09 1.5126215345887651e-09 1.9842555184685357e-09 2.6231957961241544e-09 
-1.1065921658350590e-08 -4.2060641507017200e-09 -2.4429638224664008e-09 -1.4082448898041060e-09 -6.8827977820673321e-10 -1.0864157759582970e-10 4.3037014447430672e-10 9.5128686425087993e-10 1.4585855307929485e-09 2.1242590950448345e-09 
-1.1932245114881877e-08 -4.8622728867214815e-09 -3.0398576834614128e-09 -1.9555892329228468e-09 -1.1946615263903791e-09 -6.1586525663212001e-10 -1.1686615734221574e-10 3.9832563124360125e-10 9.5505454026629083e-10 1.6601407318501817e-09 
-1.2785717214553136e-08 -5.5082855063456065e-09 -3.6316426078047515e-09 -2.5102878995195567e-09 -1.7095765177228113e-09 -1.0906920958904628e-09 -5.9632470854346270e-10 -1.4943222038202748e-10 4.0474275573729804e-10 1.1964153765176461e-09 
-1.4050101449102795e-08 -6.3663049836032348e-09 -4.3848156946258539e-09 -3.2001473962538731e-09 -2.3497934168553045e-09 -1.6766524482521301e-09 -1.1169703173362482e-09 -6.5903024438826737e-10 -2.3202729177498709e-10 6.3535596565348890e-10 
-1.6801179639795683e-08 -8.0690814881047032e-09 -5.8172473073866918e-09 -4.4709211980982635e-09 -3.5041488139141058e-09 -2.7355207344988826e-09 -2.0775741539813092e-09 -1.4802689607009932e-09 -9.4289738645315177e-10 -2.6431330642162546e-10 
