-3.7767005086739325e-08 5.8757012394364139e-08 8.3821697352512554e-08 9.8753785173790541e-08 1.0943744080785281e-07 1.1791713769798361e-07 1.2518061187622086e-07 1.3186688423220233e-07 1.3865227946166509e-07 1.4794488980572475e-07 
-1.7286311254340783e-07 -9.4268653860038798e-09 3.2931186362308502e-08 5.8903493191885702e-08 7.7572655357999529e-08 9.2187357350122950e-08 1.0460631044046471e-07 1.1602005632080703e-07 1.2760140428808571e-07 1.4346192091131985e-07 
-2.7450799249393001e-07 -6.1848046589858942e-08 -8.3572583030152384e-09 2.4861535858830718e-08 5.0032735509507371e-08 6.9761205811043723e-08 8.6129519063285928e-08 1.0101017285521423e-07 1.1608054879970103e-07 1.3671644695274043e-07 
-3.5766631538263805e-07 -1.0719452428894359e-07 -4.4476358632546254e-08 -7.2375748160046662e-09 2.1633495263606296e-08 4.5576153564619864e-08 6.5475457315282775e-08 8.3160502548800541e-08 1.0088524969247685e-07 1.2511862977278223e-07 
-4.2155315087013059e-07 -1.4599361551643004e-07 -7.5898108084750256e-08 -3.5286577873835086e-08 -5.6841506918955820e-09 1.9663772488850600e-08 4.2173690331879048e-08 6.2288622079387013e-08 8.1950732106374564e-08 1.0857731677569335e-07 
-4.7270422291094260e-07 -1.7990113705418439e-07 -1.0463780339336898e-07 -6.0455952067467187e-08 -2.9723841081388015e-08 -5.0121432737006856e-09 1.7967018903059141e-08 4.0207596238099878e-08 6.1878868429386603e-08 9.0297150103484298e-08 
-5.1841209823361638e-07 -2.1140997237714289e-07 -1.3227356388900794e-07 -8.5185769102843261e-08 -5.2131833970912028e-08 -2.6992744907681343e-08 -5.3493811672131508e-09 1.6986826963757098e-08 4.1174058400807296e-08 7.1813728125105234e-08 
-5.6592018020260509e-07 -2.4395530213760455e-07 -1.6092963439298093e-07 -1.1131834680146890e-07 -7.5888899963206828e-08 -4.8494550221428330e-08 -2.6611469999353095e-08 -6.8787706198651721e-09 1.7584927813587108e-08 5.2657645629405801e-08 
-6.3743367960835994e-07 -2.8896682360414666e-07 -1.9910455566767071e-07 -1.4537877376350517e-07 -1.0681395542241202e-07 -7.6282505040739863e-08 -5.0883407993618021e-08 -3.0088224533169484e-08 -1.0789772160782245e-08 2.8499138125255884e-08 
-7.8359331223489885e-07 -3.7640286742395834e-07 -2.7139656104713519e-07 -2.0861541426483227e-07 -1.6353340633899614e-07 -1.2769108308836241e-07 -9.7009061487218091e-08 -6.9146807455582499e-08 -4.4051483936709206e-08 -1.2476836981738947e-08 
