3.133242219896e-10 8.271219184355e-10 1.153456278198e-09 1.368849903212e-09 1.525307408406e-09 1.649716711279e-09 1.756301556135e-09 1.854417844332e-09 1.953989304631e-09 2.090346354340e-09 
2.868143021239e-11 2.389117509209e-10 5.799525090037e-10 9.092657701258e-10 1.177304993031e-09 1.393363160400e-09 1.577981824596e-09 1.747776560331e-09 1.920073936559e-09 2.156028347055e-09 
1.819590469430e-12 3.876246692746e-11 1.825477415230e-10 4.397412141890e-10 7.298437981530e-10 9.889187700858e-10 1.211960258546e-09 1.416201568880e-09 1.623212581770e-09 1.906680652556e-09 
-8.740451755661e-14 6.115993537241e-13 2.570088055552e-11 1.383346004702e-10 3.567237325414e-10 6.159441666625e-10 8.613830254604e-10 1.087863464811e-09 1.316314357384e-09 1.628803136817e-09 
-3.568886802156e-14 -1.116717812678e-12 -3.130837317614e-12 1.840734305181e-11 1.159837171725e-10 3.054205596743e-10 5.429772485875e-10 7.842642199459e-10 1.028019989381e-09 1.359442707260e-09 
-3.365936980405e-15 -2.116491236518e-13 -1.840578179179e-12 -3.643984204634e-12 1.406971829610e-11 9.464753945521e-11 2.660851705293e-10 5.010016072123e-10 7.581134219446e-10 1.103101446881e-09 
-1.309362309079e-16 -1.683332884041e-14 -3.006890125556e-13 -1.970084660787e-12 -5.222858518325e-12 3.458198626037e-12 6.864967859629e-11 2.382546371080e-10 4.967760786490e-10 8.560395940453e-10 
-2.027533542513e-18 -5.947565247795e-16 -2.147120635209e-14 -2.912935791421e-13 -2.045124218181e-12 -7.845509014569e-12 -1.171360012425e-11 3.445182619439e-11 2.263184840418e-10 6.062794753232e-10 
-8.370592550847e-21 -5.893284940557e-18 -4.356402302822e-16 -1.158621715982e-14 -1.661810180428e-13 -1.512416907656e-12 -9.030748006578e-12 -3.105367976232e-11 -1.403949291757e-11 3.209945118219e-10 
-1.637106175988e-24 -3.130440306766e-21 -5.541557413286e-19 -3.342426398691e-17 -1.077163803763e-15 -2.300832812224e-14 -3.622314462253e-13 -4.314062178461e-12 -3.480646908617e-11 -2.205198355755e-12 
