1.874699518152e-10 5.042255164478e-10 7.092226747451e-10 8.452229062357e-10 9.440999378571e-10 1.022725498619e-09 1.090084732890e-09 1.152091824336e-09 1.215018492168e-09 1.301179227812e-09 
1.825076884094e-11 1.543124151836e-10 3.785020071911e-10 5.972047971095e-10 7.760205346652e-10 9.202805154077e-10 1.043537538979e-09 1.156892031909e-09 1.271916493350e-09 1.429423003363e-09 
1.180740761620e-12 2.561781134122e-11 1.222999287348e-10 2.975438683226e-10 4.968591698006e-10 6.754250266366e-10 8.292480699438e-10 9.700940141460e-10 1.112842775579e-09 1.308299536084e-09 
-6.285171381246e-14 3.261500401490e-13 1.731377957926e-11 9.526425738268e-11 2.478109253600e-10 4.298764025021e-10 6.027576966468e-10 7.623538212838e-10 9.233201964357e-10 1.143480743434e-09 
-2.498503592105e-14 -7.891143533059e-13 -2.268672001121e-12 1.269755692110e-11 8.146492344209e-11 2.161191678984e-10 3.858063558417e-10 5.584121892446e-10 7.328139166734e-10 9.699068899363e-10 
-2.369648268469e-15 -1.499654577881e-13 -1.315443306169e-12 -2.665106320617e-12 9.867313980234e-12 6.764684524188e-11 1.910794971228e-10 3.606146686129e-10 5.464252703741e-10 7.957015061792e-10 
-9.312128478498e-17 -1.205851054432e-14 -2.164932829743e-13 -1.423970639778e-12 -3.794797349203e-12 2.385911753199e-12 4.937342480854e-11 1.724236090305e-10 3.605916998650e-10 6.219997698622e-10 
-1.459657796415e-18 -4.293399270229e-16 -1.552844220509e-14 -2.112046579836e-13 -1.488680399875e-12 -5.744041534366e-12 -8.654585635849e-12 2.513822071476e-11 1.653803699205e-10 4.423490763944e-10 
-6.064073586644e-21 -4.282390066044e-18 -3.175026293161e-16 -8.463376041095e-15 -1.215098260798e-13 -1.104795361957e-12 -6.573649067836e-12 -2.249231377564e-11 -1.002627213573e-11 2.333360279862e-10 
-1.196816054790e-24 -2.285647729929e-21 -4.038784837504e-19 -2.431400196176e-17 -7.823362562742e-16 -1.669514953638e-14 -2.628183977431e-13 -3.131792993361e-12 -2.519336705473e-11 -4.523108716532e-13 
