8.814956685577e-08 2.699166951249e-08 5.310477445559e-09 6.892381660456e-10 6.279905289048e-11 3.732340615378e-12 1.238948209017e-13 1.737844932940e-15 5.591350574622e-18 6.499335561079e-22 
2.699166951249e-08 9.325414453776e-08 3.764208588562e-08 1.137784855442e-08 2.141764926378e-09 2.530090115311e-10 1.693324571769e-11 5.000295185488e-13 3.644170808828e-15 1.124794024462e-18 
5.310477445559e-09 3.764208588562e-08 8.342488553683e-08 3.593462188200e-08 1.303913972680e-08 2.783429397741e-09 3.300582751217e-10 1.763649838104e-11 2.506665440610e-13 1.803288962597e-16 
6.892381660456e-10 1.137784855442e-08 3.593462188200e-08 7.498697409601e-08 3.184154168895e-08 1.218586918002e-08 2.521450861025e-09 2.354564618809e-10 6.192235665005e-12 9.825711951446e-15 
6.279905289048e-11 2.141764926378e-09 1.303913972680e-08 3.184154168895e-08 6.791749026127e-08 2.730321911272e-08 1.002012058204e-08 1.667625323613e-09 8.180401722636e-11 2.848133757906e-13 
3.732340615378e-12 2.530090115311e-10 2.783429397741e-09 1.218586918002e-08 2.730321911272e-08 6.203767266543e-08 2.259764436406e-08 7.016057772443e-09 6.758572917045e-10 5.425628140943e-12 
1.238948209017e-13 1.693324571769e-11 3.300582751217e-10 2.521450861025e-09 1.002012058204e-08 2.259764436406e-08 5.669597978261e-08 1.758782293808e-08 3.623369347341e-09 7.496549959295e-11 
1.737844932940e-15 5.000295185488e-13 1.763649838104e-11 2.354564618809e-10 1.667625323613e-09 7.016057772443e-09 1.758782293808e-08 5.171734347383e-08 1.183827736964e-08 7.650907363489e-10 
5.591350574622e-18 3.644170808828e-15 2.506665440610e-13 6.192235665005e-12 8.180401722636e-11 6.758572917045e-10 3.623369347341e-09 1.183827736964e-08 4.651548012022e-08 5.279708329394e-09 
6.499335561079e-22 1.124794024462e-18 1.803288962597e-16 9.825711951446e-15 2.848133757906e-13 5.425628140943e-12 7.496549959295e-11 7.650907363489e-10 5.279708329394e-09 3.859513329234e-08 
