1.404439450642e-07 4.675966607773e-08 8.870787319546e-09 1.123446508142e-09 1.006327181808e-10 5.911085613795e-12 1.947383900290e-13 2.720481048627e-15 8.774979896433e-18 1.032277767234e-21 
4.675966607773e-08 1.374934821041e-07 6.171538819951e-08 1.832653299597e-08 3.405527005369e-09 3.988457017552e-10 2.654672146271e-11 7.829282261266e-13 5.729061916888e-15 1.792978622327e-18 
8.870787319546e-09 6.171538819951e-08 1.173520323115e-07 5.731229657354e-08 2.061361917173e-08 4.373586598419e-09 5.168320722415e-10 2.764173747980e-11 3.948031560188e-13 2.885606956310e-16 
1.123446508142e-09 1.832653299597e-08 5.731229657354e-08 1.022435655789e-07 5.010831865807e-08 1.910047230412e-08 3.947698323322e-09 3.695448790074e-10 9.774869710548e-12 1.578825513504e-14 
1.006327181808e-10 3.405527005369e-09 2.061361917173e-08 5.010831865807e-08 9.048067272907e-08 4.274383812389e-08 1.570255194369e-08 2.622148038295e-09 1.295296494625e-10 4.597175755266e-13 
5.911085613795e-12 3.988457017552e-10 4.373586598419e-09 1.910047230412e-08 4.274383812389e-08 8.120363962410e-08 3.548206061447e-08 1.106125615102e-08 1.074952364657e-09 8.802449044969e-12 
1.947383900290e-13 2.654672146271e-11 5.168320722415e-10 3.947698323322e-09 1.570255194369e-08 3.548206061447e-08 7.307566401926e-08 2.785233758171e-08 5.801583331172e-09 1.223871600588e-10 
2.720481048627e-15 7.829282261266e-13 2.764173747980e-11 3.695448790074e-10 2.622148038295e-09 1.106125615102e-08 2.785233758171e-08 6.573854881272e-08 1.913967176191e-08 1.260093505909e-09 
8.774979896433e-18 5.729061916888e-15 3.948031560188e-13 9.774869710548e-12 1.295296494625e-10 1.074952364657e-09 5.801583331172e-09 1.913967176191e-08 5.821868249655e-08 8.832695794008e-09 
1.032277767234e-21 1.792978622327e-18 2.885606956310e-16 1.578825513504e-14 4.597175755266e-13 8.802449044969e-12 1.223871600588e-10 1.260093505909e-09 8.832695794008e-09 4.615321484653e-08 
