4.067676043330e-07 1.387749037487e-07 2.571634074764e-08 3.250046825843e-09 2.949233377466e-10 1.772189947178e-11 6.032787239791e-13 8.785851789837e-15 2.997398468638e-17 3.853287847794e-21 
1.387749037487e-07 3.458325133094e-07 1.783713750685e-07 5.341896104874e-08 1.011465699691e-08 1.217254954254e-09 8.390519317452e-11 2.579374554832e-12 1.996335133106e-14 6.788060444119e-18 
2.571634074764e-08 1.783713750685e-07 2.875106046108e-07 1.692110039549e-07 6.219863631832e-08 1.358711764904e-08 1.662554991184e-09 9.272525985338e-11 1.400752428086e-12 1.106921313935e-15 
3.250046825843e-09 5.341896104874e-08 1.692110039549e-07 2.507608346755e-07 1.542524145984e-07 6.052213136767e-08 1.293583433274e-08 1.262886567626e-09 3.529300799860e-11 6.136286280122e-14 
2.949233377466e-10 1.011465699691e-08 6.219863631832e-08 1.542524145984e-07 2.245595304173e-07 1.385029704553e-07 5.256786926840e-08 9.149943519593e-09 4.762403657128e-10 1.811507041509e-12 
1.772189947178e-11 1.217254954254e-09 1.358711764904e-08 6.052213136767e-08 1.385029704553e-07 2.045009655991e-07 1.219011772114e-07 3.955177666463e-08 4.032894672275e-09 3.522852562626e-11 
6.032787239791e-13 8.390519317452e-11 1.662554991184e-09 1.293583433274e-08 5.256786926840e-08 1.219011772114e-07 1.872763764933e-07 1.024703385125e-07 2.229242422780e-08 4.993990789363e-10 
8.785851789837e-15 2.579374554832e-12 9.272525985338e-11 1.262886567626e-09 9.149943519593e-09 3.955177666463e-08 1.024703385125e-07 1.709539040029e-07 7.580487346084e-08 5.284857403198e-09 
2.997398468638e-17 1.996335133106e-14 1.400752428086e-12 3.529300799860e-11 4.762403657128e-10 4.032894672275e-09 2.229242422780e-08 7.580487346084e-08 1.522594944175e-07 3.864464201543e-08 
3.853287847794e-21 6.788060444119e-18 1.106921313935e-15 6.136286280122e-14 1.811507041509e-12 3.522852562626e-11 4.993990789363e-10 5.284857403198e-09 3.864464201543e-08 1.117485868232e-07 
