8.7548255994720271e-08 2.6813377373524130e-08 5.2839389793983943e-09 6.8646834001741417e-10 6.2594428212022092e-11 3.7199103184809010e-12 1.2363647491771532e-13 1.7327264674454450e-15 5.5771277142928668e-18 6.4732482351431138e-22 
2.6813377373524130e-08 9.2913772107359653e-08 3.7479822268508735e-08 1.1339143166992014e-08 2.1346137049565604e-09 2.5233401986865175e-10 1.6896938227415584e-11 4.9828421719949193e-13 3.6380604621308416e-15 1.1192350139946797e-18 
5.2839389793983943e-09 3.7479822268508735e-08 8.3231841485812590e-08 3.5816364942397142e-08 1.2998492996732185e-08 2.7774962920044908e-09 3.2914627402841541e-10 1.7579455121083862e-11 2.5030845220858373e-13 1.7935128731787712e-16 
6.8646834001741417e-10 1.1339143166992014e-08 3.5816364942397142e-08 7.4835565788081075e-08 3.1766539516160839e-08 1.2158881125800923e-08 2.5130372868560560e-09 2.3486284771890251e-10 6.1805981506245806e-12 9.7726581102630205e-15 
6.2594428212022092e-11 2.1346137049565604e-09 1.2998492996732185e-08 3.1766539516160839e-08 6.7834491168618430e-08 2.7220204110189024e-08 9.9872339468576894e-09 1.6647173840287089e-09 8.1565997494639213e-11 2.8342655785429293e-13 
3.7199103184809010e-12 2.5233401986865175e-10 2.7774962920044908e-09 1.2158881125800923e-08 2.7220204110189024e-08 6.1921918655080945e-08 2.2546029425789088e-08 7.0046751190415690e-09 6.7297258595603151e-10 5.4045853062587492e-12 
1.2363647491771532e-13 1.6896938227415584e-11 3.2914627402841541e-10 2.5130372868560560e-09 9.9872339468576894e-09 2.2546029425789088e-08 5.6653484402570315e-08 1.7535440494206564e-08 3.6044062416538957e-09 7.4767246883531210e-11 
1.7327264674454450e-15 4.9828421719949193e-13 1.7579455121083862e-11 2.3486284771890251e-10 1.6647173840287089e-09 7.0046751190415690e-09 1.7535440494206564e-08 5.1599816452321854e-08 1.1785259215150386e-08 7.6335641104050550e-10 
5.5771277142928668e-18 3.6380604621308416e-15 2.5030845220858373e-13 6.1805981506245806e-12 8.1565997494639213e-11 6.7297258595603151e-10 3.6044062416538957e-09 1.1785259215150386e-08 4.6469803940831541e-08 5.2479756360206615e-09 
6.4732482351431138e-22 1.1192350139946797e-18 1.7935128731787712e-16 9.7726581102630205e-15 2.8342655785429293e-13 5.4045853062587492e-12 7.4767246883531210e-11 7.6335641104050550e-10 5.2479756360206615e-09 3.8492933845485690e-08 
