1.6056009058855850e-07 5.4029832713451842e-08 1.0168251824147364e-08 1.2816108805555013e-09 1.1450417240414218e-10 6.7128562798023453e-12 2.2128395635631220e-13 3.0929580959834023e-15 1.0002586483092638e-17 1.1846748836280518e-21 
5.4029832713451842e-08 1.5362984534535474e-07 7.0478338269264507e-08 2.0868412036544112e-08 3.8698963955638024e-09 4.5298112380510469e-10 3.0181215802933250e-11 8.9021470416521949e-13 6.5460165673324610e-15 2.0580639380271698e-18 
1.0168251824147364e-08 7.0478338269264507e-08 1.2975026999538251e-07 6.5161498598379825e-08 2.3408804273754496e-08 4.9700802075317391e-09 5.8760675702668020e-10 3.1458837287566957e-11 4.5199130513917684e-13 3.3138635434374929e-16 
1.2816108805555013e-09 2.0868412036544112e-08 6.5161498598379825e-08 1.1228633790228137e-07 5.6923521887756912e-08 2.1715818937805599e-08 4.4885774677510915e-09 4.2129770724268862e-10 1.1205915751215248e-11 1.8150286220106697e-14 
1.1450417240414218e-10 3.8698963955638024e-09 2.3408804273754496e-08 5.6923521887756912e-08 9.9004057056602367e-08 4.8596494473686347e-08 1.7868736647430045e-08 2.9964063196064839e-09 1.4860713962811719e-10 5.2943013790269072e-13 
6.7128562798023453e-12 4.5298112380510469e-10 4.9700802075317391e-09 2.1715818937805599e-08 4.8596494473686347e-08 8.8490776784349627e-08 4.0474301110643774e-08 1.2671174901718379e-08 1.2337949362674348e-09 1.0164620855215581e-11 
2.2128395635631220e-13 3.0181215802933250e-11 5.8760675702668020e-10 4.4885774677510915e-09 1.7868736647430045e-08 4.0474301110643774e-08 7.9568676969002071e-08 3.1954217093469665e-08 6.6649155890576008e-09 1.4187540840216463e-10 
3.0929580959834023e-15 8.9021470416521949e-13 3.1458837287566957e-11 4.2129770724268862e-10 2.9964063196064839e-09 1.2671174901718379e-08 3.1954217093469665e-08 7.1298985438613639e-08 2.2064539453717339e-08 1.4678844035373023e-09 
1.0002586483092638e-17 6.5460165673324610e-15 4.5199130513917684e-13 1.1205915751215248e-11 1.4860713962811719e-10 1.2337949362674348e-09 6.6649155890576008e-09 2.2064539453717339e-08 6.3078000020677481e-08 1.0321575267072206e-08 
1.1846748836280518e-21 2.0580639380271698e-18 3.3138635434374929e-16 1.8150286220106697e-14 5.2943013790269072e-13 1.0164620855215581e-11 1.4187540840216463e-10 1.4678844035373023e-09 1.0321575267072206e-08 4.9286194049853624e-08 
