9.9108618139682094e-08 3.1385546557035867e-08 6.1183103091043041e-09 7.8870259108385345e-10 7.1505232635833995e-11 4.2310127966967085e-12 1.4015304331318770e-13 1.9595658670961004e-15 6.2992841655944127e-18 7.3202593869183469e-22 
3.1385546557035867e-08 1.0326366803231436e-07 4.3143595044799512e-08 1.2976067263940897e-08 2.4316477135919118e-09 2.8642569828174004e-10 1.9129261237734118e-11 5.6315117300855364e-13 4.1089396607475421e-15 1.2663453447789811e-18 
6.1183103091043041e-09 4.3143595044799512e-08 9.1224331487409287e-08 4.0846351331756405e-08 1.4773090022443051e-08 3.1480211449958923e-09 3.7230943766552526e-10 1.9860472135226670e-11 2.8274129011417675e-13 2.0303906146178104e-16 
7.8870259108385345e-10 1.2976067263940897e-08 4.0846351331756405e-08 8.1226337000866032e-08 3.6029893510060716e-08 1.3763454009382387e-08 2.8406805605001351e-09 2.6528130558751983e-10 6.9832904690279031e-12 1.1070359101094968e-14 
7.1505232635833995e-11 2.4316477135919118e-09 1.4773090022443051e-08 3.6029893510060716e-08 7.3076564181365020e-08 3.0780536162129505e-08 1.1283561294260185e-08 1.8802439608006095e-09 9.2198189168456272e-11 3.2129886665059188e-13 
4.2310127966967085e-12 2.8642569828174004e-10 3.1480211449958923e-09 1.3763454009382387e-08 3.0780536162129505e-08 6.6302784461842695e-08 2.5465134040553575e-08 7.9131891922062201e-09 7.6118336609109533e-10 6.1324052844984405e-12 
1.4015304331318770e-13 1.9129261237734118e-11 3.7230943766552526e-10 2.8406805605001351e-09 1.1283561294260185e-08 2.5465134040553575e-08 6.0339667791325555e-08 1.9821561984915819e-08 4.0808752113045267e-09 8.4945204826288355e-11 
1.9595658670961004e-15 5.6315117300855364e-13 1.9860472135226670e-11 2.6528130558751983e-10 1.8802439608006095e-09 7.9131891922062201e-09 1.9821561984915819e-08 5.4680352443603864e-08 1.3364257676314784e-08 8.6908982577555512e-10 
6.2992841655944127e-18 4.1089396607475421e-15 2.8274129011417675e-13 6.9832904690279031e-12 9.2198189168456272e-11 7.6118336609109533e-10 4.0808752113045267e-09 1.3364257676314784e-08 4.8976352737499670e-08 5.9982748986597773e-09 
7.3202593869183469e-22 1.2663453447789811e-18 2.0303906146178104e-16 1.1070359101094968e-14 3.2129886665059188e-13 6.1324052844984405e-12 8.4945204826288355e-11 8.6908982577555512e-10 5.9982748986597773e-09 4.0054203503231185e-08 
