7.4627129073044722e-08 2.1524947247238583e-08 4.3049066604120553e-09 5.6556291544628857e-10 5.2014586277319287e-11 3.1123666643705224e-12 1.0401934483384611e-13 1.4644158118882319e-15 4.7291074391180141e-18 5.4937636042957751e-22 
2.1524947247238583e-08 8.0795195287009487e-08 3.0793257116033153e-08 9.3975729885905361e-09 1.7816184325239110e-09 2.1181906774841819e-10 1.4249919175622480e-11 4.2175905503273509e-13 3.0865916381948820e-15 9.4963946650128832e-19 
4.3049066604120553e-09 3.0793257116033153e-08 7.3756508867999718e-08 2.9840446135479000e-08 1.0889143664154582e-08 2.3375285440817157e-09 2.7806760251732175e-10 1.4894701034048708e-11 2.1243021937327189e-13 1.5211953801289986e-16 
5.6556291544628857e-10 9.3975729885905361e-09 2.9840446135479000e-08 6.7239117680698412e-08 2.6701537369639012e-08 1.0256740998329564e-08 2.1262284952097420e-09 1.9914542747282836e-10 5.2460367469374925e-12 8.2848052070976860e-15 
5.2014586277319287e-11 1.7816184325239110e-09 1.0889143664154582e-08 2.6701537369639012e-08 6.1617144317375206e-08 2.3010807499246316e-08 8.4610626355224729e-09 1.4123692851632823e-09 6.9231456820847385e-11 2.4012180591812031e-13 
3.1123666643705224e-12 2.1181906774841819e-10 2.3375285440817157e-09 1.0256740998329564e-08 2.3010807499246316e-08 5.6760111863272613e-08 1.9120776905122736e-08 5.9450728862901354e-09 5.7107531380905397e-10 4.5748367528268943e-12 
1.0401934483384611e-13 1.4249919175622480e-11 2.7806760251732175e-10 2.1262284952097420e-09 8.4610626355224729e-09 1.9120776905122736e-08 5.2347965230288372e-08 1.4883660913053533e-08 3.0568075473905375e-09 6.3207981586418953e-11 
1.4644158118882319e-15 4.2175905503273509e-13 1.4894701034048708e-11 1.9914542747282836e-10 1.4123692851632823e-09 5.9450728862901354e-09 1.4883660913053533e-08 4.8051774185926663e-08 9.9814880949340004e-09 6.4398960292810020e-10 
4.7291074391180141e-18 3.0865916381948820e-15 2.1243021937327189e-13 5.2460367469374925e-12 6.9231456820847385e-11 5.7107531380905397e-10 3.0568075473905375e-09 9.9814880949340004e-09 4.3631038951353903e-08 4.4100931638313956e-09 
5.4937636042957751e-22 9.4963946650128832e-19 1.5211953801289986e-16 8.2848052070976860e-15 2.4012180591812031e-13 4.5748367528268943e-12 6.3207981586418953e-11 6.4398960292810020e-10 4.4100931638313956e-09 3.6776340401036948e-08 
