7.011096469781e-08 1.957998974750e-08 3.934759688037e-09 5.190104700274e-10 4.788380311113e-11 2.874767806978e-12 9.620761844451e-14 1.358660086673e-15 4.393954095718e-18 5.115357065681e-22 
1.957998974750e-08 7.623295677159e-08 2.823191195927e-08 8.641866280724e-09 1.643695646740e-09 1.958204210332e-10 1.319579189270e-11 3.918324995053e-13 2.866380548405e-15 8.849849147024e-19 
3.934759688037e-09 2.823191195927e-08 7.007500665149e-08 2.750561167797e-08 1.006160715496e-08 2.162415446027e-09 2.578867208790e-10 1.384219876824e-11 1.972667617516e-13 1.418189961120e-16 
5.190104700274e-10 8.641866280724e-09 2.750561167797e-08 6.426419983276e-08 2.469237273906e-08 9.499909216070e-09 1.974621137006e-09 1.850251791156e-10 4.874277282528e-12 7.722984199603e-15 
4.788380311113e-11 1.643695646740e-09 1.006160715496e-08 2.469237273906e-08 5.913966510663e-08 2.135390092496e-08 7.863070609371e-09 1.311692433172e-09 6.439295780203e-11 2.236984147775e-13 
2.874767806978e-12 1.958204210332e-10 2.162415446027e-09 9.499909216070e-09 2.135390092496e-08 5.474062551321e-08 1.776283315162e-08 5.522044912883e-09 5.318533934978e-10 4.257140749850e-12 
9.620761844451e-14 1.319579189270e-11 2.578867208790e-10 1.974621137006e-09 7.863070609371e-09 1.776283315162e-08 5.062569269819e-08 1.384438057029e-08 2.849224565447e-09 5.873026536336e-11 
1.358660086673e-15 3.918324995053e-13 1.384219876824e-11 1.850251791156e-10 1.311692433172e-09 5.522044912883e-09 1.384438057029e-08 4.670083745912e-08 9.294607972544e-09 5.977250017791e-10 
4.393954095718e-18 2.866380548405e-15 1.972667617516e-13 4.874277282528e-12 6.439295780203e-11 5.318533934978e-10 2.849224565447e-09 9.294607972544e-09 4.253127521385e-08 4.100907151383e-09 
5.115357065681e-22 8.849849147024e-19 1.418189961120e-16 7.722984199603e-15 2.236984147775e-13 4.257140749850e-12 5.873026536336e-11 5.977250017791e-10 4.100907151383e-09 3.617630895146e-08 
