1.537593084138e-07 5.152858573281e-08 9.719199361086e-09 1.226548049924e-09 1.097154621446e-10 6.432291616872e-12 2.121464771960e-13 2.966105016838e-15 9.569225210721e-18 1.134380542198e-21 
5.152858573281e-08 1.480500125737e-07 6.743062761367e-08 1.998775940953e-08 3.708632014421e-09 4.340914840639e-10 2.895127556093e-11 8.527043525752e-13 6.265733529952e-15 1.968118745929e-18 
9.719199361086e-09 6.743062761367e-08 1.254482952527e-07 6.244672595391e-08 2.243052840213e-08 4.765259298542e-09 5.635300866987e-10 3.010709811600e-11 4.329729372870e-13 3.164320710557e-16 
1.226548049924e-09 1.998775940953e-08 6.244672595391e-08 1.087733391056e-07 5.456071164784e-08 2.083042775883e-08 4.300907705946e-09 4.031040515606e-10 1.073936888055e-11 1.730689304944e-14 
1.097154621446e-10 3.708632014421e-09 2.243052840213e-08 5.456071164784e-08 9.611495198894e-08 4.659322725539e-08 1.710260425627e-08 2.868382021888e-09 1.423918959544e-10 5.043178561901e-13 
6.432291616872e-12 4.340914840639e-10 4.765259298542e-09 2.083042775883e-08 4.659322725539e-08 8.592088154392e-08 3.872768325926e-08 1.214063463031e-08 1.180778735960e-09 9.679643261317e-12 
2.121464771960e-13 2.895127556093e-11 5.635300866987e-10 4.300907705946e-09 1.710260425627e-08 3.872768325926e-08 7.740527409683e-08 3.061684589584e-08 6.363535151678e-09 1.352165567760e-10 
2.966105016838e-15 8.527043525752e-13 3.010709811600e-11 4.031040515606e-10 2.868382021888e-09 1.214063463031e-08 3.061684589584e-08 6.939205104646e-08 2.102020276391e-08 1.401908872502e-09 
9.569225210721e-18 6.265733529952e-15 4.329729372870e-13 1.073936888055e-11 1.423918959544e-10 1.180778735960e-09 6.363535151678e-09 2.102020276391e-08 6.147669919580e-08 9.866743560635e-09 
1.134380542198e-21 1.968118745929e-18 3.164320710557e-16 1.730689304944e-14 5.043178561901e-13 9.679643261317e-12 1.352165567760e-10 1.401908872502e-09 9.866743560635e-09 4.818072063211e-08 
