5.6746009853920335e-07 1.9913038014720182e-07 3.7752607680523592e-08 4.8920465812504311e-09 4.5366623359114497e-10 2.7800963019187838e-11 9.6311910532811542e-13 1.4248370819413525e-14 4.9874858946358385e-17 6.4786680878135542e-21 
1.9913038014720182e-07 4.9236841421532205e-07 2.6671790906012243e-07 8.1610124539145313e-08 1.5751838238492753e-08 1.9296038791470961e-09 1.3497423626926612e-10 4.2200463857525308e-12 3.3457109602919871e-14 1.1400780999950151e-17 
3.7752607680523592e-08 2.6671790906012243e-07 4.2317245497746099e-07 2.6217152369516771e-07 9.7960285920802648e-08 2.1713325708789959e-08 2.6924480078915102e-09 1.5301592223958068e-10 2.3565892799765518e-12 1.8593626959784974e-15 
4.8920465812504311e-09 8.1610124539145313e-08 2.6217152369516771e-07 3.7788784803262954e-07 2.4555357434595872e-07 9.7453872988260781e-08 2.1113833674125917e-08 2.1011937863184085e-09 5.9450967727050162e-11 1.0326665126166006e-13 
4.5366623359114497e-10 1.5751838238492753e-08 9.7960285920802648e-08 2.4555357434595872e-07 3.4380113468291945e-07 2.2495600558458697e-07 8.6662525236837808e-08 1.5333693007528212e-08 8.0176622031315810e-10 3.0608282906119256e-12 
2.7800963019187838e-11 1.9296038791470961e-09 2.1713325708789959e-08 9.7453872988260781e-08 2.2495600558458697e-07 3.1796527257786444e-07 2.0326062406073655e-07 6.6580316271305301e-08 6.7796535261247085e-09 5.9923083149061463e-11 
9.6311910532811542e-13 1.3497423626926612e-10 2.6924480078915102e-09 2.1113833674125917e-08 8.6662525236837808e-08 2.0326062406073655e-07 2.9573050045232457e-07 1.7249122537296536e-07 3.7481814806264091e-08 8.5812125562263408e-10 
1.4248370819413525e-14 4.2200463857525308e-12 1.5301592223958068e-10 2.1011937863184085e-09 1.5333693007528212e-08 6.6580316271305301e-08 1.7249122537296536e-07 2.6805089756551058e-07 1.2843104159684989e-07 9.2082079187328952e-09 
4.9874858946358385e-17 3.3457109602919871e-14 2.3565892799765518e-12 5.9450967727050162e-11 8.0176622031315810e-10 6.7796535261247085e-09 3.7481814806264091e-08 1.2843104159684989e-07 2.4281326849676035e-07 6.8149296302948598e-08 
6.4786680878135542e-21 1.1400780999950151e-17 1.8593626959784974e-15 1.0326665126166006e-13 3.0608282906119256e-12 5.9923083149061463e-11 8.5812125562263408e-10 9.2082079187328952e-09 6.8149296302948598e-08 1.7410132164666228e-07 
