6.093326059392e-08 1.563064204942e-08 3.185258242395e-09 4.248290114042e-10 3.958461391413e-11 2.392181262998e-12 8.071708194981e-14 1.146027948228e-15 3.721604462939e-18 4.356218704054e-22 
1.563064204942e-08 6.699286137232e-08 2.304205739533e-08 7.122177086448e-09 1.364650938435e-09 1.636755975044e-10 1.111083482538e-11 3.307165970849e-13 2.435252387049e-15 7.526390642864e-19 
3.185258242395e-09 2.304205739533e-08 6.266478066104e-08 2.279835419903e-08 8.385888362030e-09 1.815059628510e-09 2.174624589165e-10 1.169898657952e-11 1.679780938100e-13 1.204735446401e-16 
4.248290114042e-10 7.122177086448e-09 2.279835419903e-08 5.823089196914e-08 2.068265451514e-08 8.000909252539e-09 1.666395661689e-09 1.567378925924e-10 4.155106847912e-12 6.556496305955e-15 
3.958461391413e-11 1.364650938435e-09 8.385888362030e-09 2.068265451514e-08 5.424271306128e-08 1.801328403614e-08 6.644480763099e-09 1.114497587291e-09 5.488407379225e-11 1.899376151108e-13 
2.392181262998e-12 1.636755975044e-10 1.815059628510e-09 8.000909252539e-09 1.801328403614e-08 5.061570499101e-08 1.505859397596e-08 4.704529584994e-09 4.527145585154e-10 3.618569844640e-12 
8.071708194981e-14 1.111083482538e-11 2.174624589165e-10 1.666395661689e-09 6.644480763099e-09 1.505859397596e-08 4.729349806656e-08 1.179926139156e-08 2.420770557454e-09 5.002273153663e-11 
1.146027948228e-15 3.307165970849e-13 1.169898657952e-11 1.567378925924e-10 1.114497587291e-09 4.704529584994e-09 1.179926139156e-08 4.392970174896e-08 7.896265185164e-09 5.100693032361e-10 
3.721604462939e-18 2.435252387049e-15 1.679780938100e-13 4.155106847912e-12 5.488407379225e-11 4.527145585154e-10 2.420770557454e-09 7.896265185164e-09 4.041843953937e-08 3.487406165927e-09 
4.356218704054e-22 7.526390642864e-19 1.204735446401e-16 6.556496305955e-15 1.899376151108e-13 3.618569844640e-12 5.002273153663e-11 5.100693032361e-10 3.487406165927e-09 3.491216666608e-08 
