1.537593085128e-07 5.152858958649e-08 9.719218113414e-09 1.226571227449e-09 1.097236615551e-10 6.433085268190e-12 2.121627454930e-13 2.966138989148e-15 9.569225971935e-18 1.134370940330e-21 
5.152858958649e-08 1.480501677626e-07 6.743141623266e-08 1.998880348498e-08 3.709042201823e-09 4.341372761133e-10 2.895237502284e-11 8.527069729530e-13 6.265732943793e-15 1.968085175128e-18 
9.719218113414e-09 6.743141623266e-08 1.254525243174e-07 6.245279690301e-08 2.243319642841e-08 4.765599159729e-09 5.635393307347e-10 3.010712218558e-11 4.329727548519e-13 3.164223468161e-16 
1.226571227449e-09 1.998880348498e-08 6.245279690301e-08 1.087830912910e-07 5.456563305724e-08 2.083114965555e-08 4.300929809547e-09 4.031041037230e-10 1.073935339517e-11 1.730601330056e-14 
1.097236615551e-10 3.709042201823e-09 2.243319642841e-08 5.456563305724e-08 9.611783016198e-08 4.659370885658e-08 1.710262052574e-08 2.868381645413e-09 1.423912655325e-10 5.042786822520e-13 
6.433085268190e-12 4.341372761133e-10 4.765599159729e-09 2.083114965555e-08 4.659370885658e-08 8.592097114729e-08 3.872768504422e-08 1.214062487835e-08 1.180763603167e-09 9.678578683914e-12 
2.121627454930e-13 2.895237502284e-11 5.635393307347e-10 4.300929809547e-09 1.710262052574e-08 3.872768504422e-08 7.740525382274e-08 3.061671001591e-08 6.363308131053e-09 1.351972809965e-10 
2.966138989148e-15 8.527069729530e-13 3.010712218558e-11 4.031041037230e-10 2.868381645413e-09 1.214062487835e-08 3.061671001591e-08 6.939108659495e-08 2.101834243331e-08 1.401690486308e-09 
9.569225971935e-18 6.265732943793e-15 4.329727548519e-13 1.073935339517e-11 1.423912655325e-10 1.180763603167e-09 6.363308131053e-09 2.101834243331e-08 6.147177302702e-08 9.865740186403e-09 
1.134370940330e-21 1.968085175128e-18 3.164223468161e-16 1.730601330056e-14 5.042786822520e-13 9.678578683914e-12 1.351972809965e-10 1.401690486308e-09 9.865740186403e-09 4.818035584527e-08 
