7.2864589950399504e-08 2.0786748623676684e-08 4.1667713519500999e-09 5.4839113295940757e-10 5.0503707370546646e-11 3.0244454177521258e-12 1.0109620967324437e-13 1.4234408375048562e-15 4.5993936649480562e-18 5.3449872431340238e-22 
2.0786748623676684e-08 7.9088165298355857e-08 2.9845015457972717e-08 9.1208460836369563e-09 1.7308550708547910e-09 2.0586392905785558e-10 1.3849605728142228e-11 4.1004125927441052e-13 3.0023756240250623e-15 9.2391548655898816e-19 
4.1667713519500999e-09 2.9845015457972717e-08 7.2407067910999948e-08 2.8983997300021081e-08 1.0582225353085642e-08 2.2718422987604237e-09 2.7028139515094100e-10 1.4483629830102210e-11 2.0665418075018535e-13 1.4799593563806475e-16 
5.4839113295940757e-10 9.1208460836369563e-09 2.8983997300021081e-08 6.6137319426999286e-08 2.5951283383716546e-08 9.9687212094266581e-09 2.0670375921938283e-09 1.9368252384517183e-10 5.1037149644574138e-12 8.0599702296282271e-15 
5.0503707370546646e-11 1.7308550708547910e-09 1.0582225353085642e-08 2.5951283383716546e-08 6.0678420953153031e-08 2.2367752463239185e-08 8.2273719078223651e-09 1.3738364285385515e-09 6.7355662743975126e-11 2.3359503102025189e-13 
3.0244454177521258e-12 2.0586392905785558e-10 2.2718422987604237e-09 9.9687212094266581e-09 2.2367752463239185e-08 5.5969617597782555e-08 1.8597097085968589e-08 5.7835889347819608e-09 5.5560678122337090e-10 4.4502225739802081e-12 
1.0109620967324437e-13 1.3849605728142228e-11 2.7028139515094100e-10 2.0670375921938283e-09 8.2273719078223651e-09 1.8597097085968589e-08 5.1691366828849731e-08 1.4480403543787513e-08 2.9739205872619167e-09 6.1481654239801652e-11 
1.4234408375048562e-15 4.1004125927441052e-13 1.4483629830102210e-11 1.9368252384517183e-10 1.3738364285385515e-09 5.7835889347819608e-09 1.4480403543787513e-08 4.7513971549454714e-08 9.7099707542271100e-09 6.2636858898389827e-10 
4.5993936649480562e-18 3.0023756240250623e-15 2.0665418075018535e-13 5.1037149644574138e-12 6.7355662743975126e-11 5.5560678122337090e-10 2.9739205872619167e-09 9.7099707542271100e-09 4.3209359515507050e-08 4.2900745174191792e-09 
5.3449872431340238e-22 9.2391548655898816e-19 1.4799593563806475e-16 8.0599702296282271e-15 2.3359503102025189e-13 4.4502225739802081e-12 6.1481654239801652e-11 6.2636858898389827e-10 4.2900745174191792e-09 3.6540419175418293e-08 
