2.546874819681e-09 1.406279159409e-11 1.629076739225e-11 1.763781049253e-11 1.860461351047e-11 1.937320083219e-11 2.003182103320e-11 2.063811730103e-11 2.125338790948e-11 2.209566756321e-11 
1.406279159409e-11 2.566177942661e-09 3.462770101520e-11 3.901848359612e-11 4.217122460822e-11 4.467322057734e-11 4.681733474626e-11 4.879128439521e-11 5.079447475396e-11 5.353700768584e-11 
1.629076739225e-11 3.462770101520e-11 2.584221993171e-09 5.342323891236e-11 5.903713422292e-11 6.347453378514e-11 6.727077616610e-11 7.076589274564e-11 7.431304829175e-11 7.916965546195e-11 
1.763781049253e-11 3.901848359612e-11 5.342323891236e-11 2.602854127100e-09 7.284019064958e-11 7.958557751737e-11 8.532541229546e-11 9.060014894610e-11 9.595363494352e-11 1.032841715328e-10 
1.860461351047e-11 4.217122460822e-11 5.903713422292e-11 7.284019064958e-11 2.622818090088e-09 9.385796071306e-11 1.019696794374e-10 1.093793132230e-10 1.168887247028e-10 1.271742049960e-10 
1.937320083219e-11 4.467322057734e-11 6.347453378514e-11 7.958557751737e-11 9.385796071306e-11 2.644837168456e-09 1.172965538163e-10 1.272602488045e-10 1.372879697644e-10 1.510179355470e-10 
2.003182103320e-11 4.681733474626e-11 6.727077616610e-11 8.532541229546e-11 1.019696794374e-10 1.172965538163e-10 2.669867224746e-09 1.445136518998e-10 1.575704705543e-10 1.753145028776e-10 
2.063811730103e-11 4.879128439521e-11 7.076589274564e-11 9.060014894610e-11 1.093793132230e-10 1.272602488045e-10 1.445136518998e-10 2.699989900243e-09 1.786734122744e-10 2.012726063068e-10 
2.125338790948e-11 5.079447475396e-11 7.431304829175e-11 9.595363494352e-11 1.168887247028e-10 1.372879697644e-10 1.575704705543e-10 1.786734122744e-10 2.740412156444e-09 2.319237760220e-10 
2.209566756321e-11 5.353700768584e-11 7.916965546195e-11 1.032841715328e-10 1.271742049960e-10 1.510179355470e-10 1.753145028776e-10 2.012726063068e-10 2.319237760220e-10 2.818642089993e-09 
