2.548528636955e-09 1.674942102080e-11 1.936901700310e-11 2.095229106358e-11 2.208866998504e-11 2.299207183940e-11 2.376621654815e-11 2.447885926146e-11 2.520205042517e-11 2.619206604952e-11 
1.674942102080e-11 2.571217435713e-09 4.079278326410e-11 4.588958603841e-11 4.954940398810e-11 5.245403219813e-11 5.494317689432e-11 5.723476539922e-11 5.956029885296e-11 6.274413846226e-11 
1.936901700310e-11 4.079278326410e-11 2.592116512170e-09 6.248450484999e-11 6.894883519902e-11 7.405939184535e-11 7.843172391812e-11 8.245721965024e-11 8.654263948371e-11 9.213619982887e-11 
2.095229106358e-11 4.588958603841e-11 6.248450484999e-11 2.613519410065e-09 8.472957080007e-11 9.244968847700e-11 9.902015452122e-11 1.050585269266e-10 1.111870159314e-10 1.195787292214e-10 
2.208866998504e-11 4.954940398810e-11 6.894883519902e-11 8.472957080007e-11 2.636314556375e-09 1.086748656327e-10 1.179133885720e-10 1.263536553065e-10 1.349077176991e-10 1.466239465699e-10 
2.299207183940e-11 5.245403219813e-11 7.405939184535e-11 9.244968847700e-11 1.086748656327e-10 2.661339375572e-09 1.352690831962e-10 1.465732489269e-10 1.579514087476e-10 1.735304744754e-10 
2.376621654815e-11 5.494317689432e-11 7.843172391812e-11 9.902015452122e-11 1.179133885720e-10 1.352690831962e-10 2.689686081372e-09 1.660476265846e-10 1.808151766479e-10 2.008854743275e-10 
2.447885926146e-11 5.723476539922e-11 8.245721965024e-11 1.050585269266e-10 1.263536553065e-10 1.465732489269e-10 1.660476265846e-10 2.723698448720e-09 2.045832620881e-10 2.300805423516e-10 
2.520205042517e-11 5.956029885296e-11 8.654263948371e-11 1.111870159314e-10 1.349077176991e-10 1.579514087476e-10 1.808151766479e-10 2.045832620881e-10 2.769252613333e-09 2.645126829558e-10 
2.619206604952e-11 6.274413846226e-11 9.213619982887e-11 1.195787292214e-10 1.466239465699e-10 1.735304744754e-10 2.008854743275e-10 2.300805423516e-10 2.645126829558e-10 2.857252971668e-09 
