9.8818980657648490e-08 3.1247039116578611e-08 6.0902349149360429e-09 7.8497856776048961e-10 7.1159985223725215e-11 4.2101988892595058e-12 1.3945204645980988e-13 1.9496122723413831e-15 6.2668057055206529e-18 7.2819620785116993e-22 
3.1247039116578611e-08 1.0292141772250423e-07 4.2941318528651529e-08 1.2913850732771742e-08 2.4197666607680536e-09 2.8500296333911669e-10 1.9032828078919382e-11 5.6027338030040486e-13 4.0876705917682525e-15 1.2597089190563349e-18 
6.0902349149360429e-09 4.2941318528651529e-08 9.0923094777384045e-08 4.0647743241539494e-08 1.4700151143013821e-08 3.1322592292003763e-09 3.7042094772144828e-10 1.9758504518852129e-11 2.8127310871027813e-13 2.0197356249831993e-16 
7.8497856776048961e-10 1.2913850732771742e-08 4.0647743241539494e-08 8.0965128980741014e-08 3.5850197802186616e-08 1.3694008355108266e-08 2.8261878887168547e-09 2.6391355291620438e-10 6.9469276526741873e-12 1.1012206236208344e-14 
7.1159985223725215e-11 2.4197666607680536e-09 1.4700151143013821e-08 3.5850197802186616e-08 7.2850570522710077e-08 3.0624031935727346e-08 1.1225659114100646e-08 1.8705094919730086e-09 9.1716836231919669e-11 3.1961058193983826e-13 
4.2101988892595058e-12 2.8500296333911669e-10 3.1322592292003763e-09 1.3694008355108266e-08 3.0624031935727346e-08 6.6107598633854458e-08 2.5333691052319400e-08 7.8720477158044581e-09 7.5719890255836261e-10 6.1002379302488837e-12 
1.3945204645980988e-13 1.9032828078919382e-11 3.7042094772144828e-10 2.8261878887168547e-09 1.1225659114100646e-08 2.5333691052319400e-08 6.0172832091552514e-08 1.9718067162234368e-08 4.0594604345484652e-09 8.4503529772950633e-11 
1.9496122723413831e-15 5.6027338030040486e-13 1.9758504518852129e-11 2.6391355291620438e-10 1.8705094919730086e-09 7.8720477158044581e-09 1.9718067162234368e-08 5.4541549913647541e-08 1.3294100692418377e-08 8.6473719614188486e-10 
6.2668057055206529e-18 4.0876705917682525e-15 2.8127310871027813e-13 6.9469276526741873e-12 9.1716836231919669e-11 7.5719890255836261e-10 4.0594604345484652e-09 1.3294100692418377e-08 4.8870200903434579e-08 5.9723580147485075e-09 
7.2819620785116993e-22 1.2597089190563349e-18 2.0197356249831993e-16 1.1012206236208344e-14 3.1961058193983826e-13 6.1002379302488837e-12 8.4503529772950633e-11 8.6473719614188486e-10 5.9723580147485075e-09 4.0013463946058247e-08 
