1.6810824588057720e-07 5.6633684951607927e-08 1.0626777817381971e-08 1.3372408234111700e-09 1.1937679350933657e-10 6.9967069170099376e-12 2.3070553063223909e-13 3.2272801076827998e-15 1.0453391096333987e-17 1.2419248291494107e-21 
5.6633684951607927e-08 1.5934246109396507e-07 7.3563649421717554e-08 2.1761088311136401e-08 4.0337385249873761e-09 4.7218574940074527e-10 3.1477299362887278e-11 9.2934931750082508e-13 6.8454392278924575e-15 2.1587684616956728e-18 
1.0626777817381971e-08 7.3563649421717554e-08 1.3410479245751996e-07 6.7924742902608379e-08 2.4399332807172830e-08 5.1819637236298193e-09 6.1307295023884927e-10 3.2858641438402255e-11 4.7295363976515827e-13 3.4780172629463748e-16 
1.3372408234111700e-09 2.1761088311136401e-08 6.7924742902608379e-08 1.1584290785979098e-07 5.9342510818217350e-08 2.2649549588967161e-08 4.6852449261722077e-09 4.4029330630018950e-10 1.1732822390005343e-11 1.9061090325797259e-14 
1.1937679350933657e-10 4.0337385249873761e-09 2.4399332807172830e-08 5.9342510818217350e-08 1.0204099386529451e-07 5.0711293041018590e-08 1.8662730751543038e-08 3.1336204611363135e-09 1.5569852978064903e-10 5.5638181869956484e-13 
6.9967069170099376e-12 4.7218574940074527e-10 5.1819637236298193e-09 2.2649549588967161e-08 5.0711293041018590e-08 9.1157926656607259e-08 4.2306275248532722e-08 1.3262436221801359e-08 1.2936947265931548e-09 1.0690920518349440e-11 
2.3070553063223909e-13 3.1477299362887278e-11 6.1307295023884927e-10 4.6852449261722077e-09 1.8662730751543038e-08 4.2306275248532722e-08 8.1949368057391339e-08 3.3479835286346896e-08 6.9957142760825633e-09 1.4938539809589151e-10 
3.2272801076827998e-15 9.2934931750082508e-13 3.2858641438402255e-11 4.4029330630018950e-10 3.1336204611363135e-09 1.3262436221801359e-08 3.3479835286346896e-08 7.3417052528616949e-08 2.3194267953021096e-08 1.5481961428260066e-09 
1.0453391096333987e-17 6.8454392278924575e-15 4.7295363976515827e-13 1.1732822390005343e-11 1.5569852978064903e-10 1.2936947265931548e-09 6.9957142760825633e-09 2.3194267953021096e-08 6.4952920163122241e-08 1.0918561994802910e-08 
1.2419248291494107e-21 2.1587684616956728e-18 3.4780172629463748e-16 1.9061090325797259e-14 5.5638181869956484e-13 1.0690920518349440e-11 1.4938539809589151e-10 1.5481961428260066e-09 1.0918561994802910e-08 5.0602269519824188e-08 
