6.9417482032310992e-08 1.9315538708374634e-08 3.8882160488024145e-09 5.1344032093214127e-10 4.7413315586457963e-11 2.8464536466204885e-12 9.5400311661725674e-14 1.3462709433364680e-15 4.3561507157510458e-18 5.0662994631320725e-22 
1.9315538708374634e-08 7.5652773795161331e-08 2.7919484582756559e-08 8.5554021700297231e-09 1.6274583342451834e-09 1.9404313574582057e-10 1.3085487168172148e-11 3.8805473062219254e-13 2.8444435254553659e-15 8.7573418646649751e-19 
3.8882160488024145e-09 2.7919484582756559e-08 6.9651325910355417e-08 2.7234960369164867e-08 9.9650325020485068e-09 2.1441942304552862e-09 2.5558050895179379e-10 1.3712813677570404e-11 1.9582443876755269e-13 1.4027230985758404e-16 
5.1344032093214127e-10 8.5554021700297231e-09 2.7234960369164867e-08 6.3913047932072127e-08 2.4477383722381062e-08 9.4198856653220883e-09 1.9558753617610229e-09 1.8343854818908382e-10 4.8369576144180031e-12 7.6388152039737525e-15 
4.7413315586457963e-11 1.6274583342451834e-09 9.9650325020485068e-09 2.4477383722381062e-08 5.8882497354238245e-08 2.1157224105852282e-08 7.7891619216558165e-09 1.3015786918891545e-09 6.3841035675552143e-11 2.2136760276451240e-13 
2.8464536466204885e-12 1.9404313574582057e-10 2.1441942304552862e-09 9.4198856653220883e-09 2.1157224105852282e-08 5.4487109588063438e-08 1.7615065332890771e-08 5.4808597637398939e-09 5.2663143786653925e-10 4.2166940697880277e-12 
9.5400311661725674e-14 1.3085487168172148e-11 2.5558050895179379e-10 1.9558753617610229e-09 7.7891619216558165e-09 1.7615065332890771e-08 5.0460285950420510e-08 1.3724840766488511e-08 2.8186664694406728e-09 5.8242656921955729e-11 
1.3462709433364680e-15 3.8805473062219254e-13 1.3712813677570404e-11 1.8343854818908382e-10 1.3015786918891545e-09 5.4808597637398939e-09 1.3724840766488511e-08 4.6506631949266044e-08 9.2012425946582930e-09 5.9312675818946236e-10 
4.3561507157510458e-18 2.8444435254553659e-15 1.9582443876755269e-13 4.8369576144180031e-12 6.3841035675552143e-11 5.2663143786653925e-10 2.8186664694406728e-09 9.2012425946582930e-09 4.2416207256736716e-08 4.0586446512929406e-09 
5.0662994631320725e-22 8.7573418646649751e-19 1.4027230985758404e-16 7.6388152039737525e-15 2.2136760276451240e-13 4.2166940697880277e-12 5.8242656921955729e-11 5.9312675818946236e-10 4.0586446512929406e-09 3.6073200517256848e-08 
