8.4803157101486097e-08 2.5685076103382657e-08 5.0737764943440371e-09 6.6033190518958188e-10 6.0291306012830835e-11 3.5867015973993803e-12 1.1930458904577247e-13 1.6730398619528763e-15 5.3868270886363046e-18 6.2516573807672672e-22 
2.5685076103382657e-08 9.0315539230095860e-08 3.6037168190274921e-08 1.0917460807068271e-08 2.0574297815407234e-09 2.4341416760463612e-10 1.6310342578676118e-11 4.8120177136557208e-13 3.5140473338786698e-15 1.0808126409033922e-18 
5.0737764943440371e-09 3.6037168190274921e-08 8.1175947340636051e-08 3.4512150875746563e-08 1.2535293994090046e-08 2.6802963129727108e-09 3.1779171213263681e-10 1.6978465091913762e-11 2.4177699793392638e-13 1.7317375692242785e-16 
6.6033190518958188e-10 1.0917460807068271e-08 3.4512150875746563e-08 7.3168976528994526e-08 3.0649457272273323e-08 1.1737168840025545e-08 2.4267736166456721e-09 2.2684799971083677e-10 5.9697980942284365e-12 9.4347439668037944e-15 
6.0291306012830835e-11 2.0574297815407234e-09 1.2535293994090046e-08 3.0649457272273323e-08 6.6457274053441451e-08 2.6283271162607524e-08 9.6457025416703056e-09 1.6079656774020885e-09 7.8779436257665839e-11 2.7358248742614526e-13 
3.5867015973993803e-12 2.4341416760463612e-10 2.6802963129727108e-09 1.1737168840025545e-08 2.6283271162607524e-08 6.0767894144527251e-08 2.1776930767765534e-08 6.7658637096672445e-09 6.4990858439086511e-10 5.2158952879911798e-12 
1.1930458904577247e-13 1.6310342578676118e-11 3.1779171213263681e-10 2.4267736166456721e-09 9.6457025416703056e-09 2.1776930767765534e-08 5.5683816199227316e-08 1.6936326372013196e-08 3.4801742506039214e-09 7.2141197509168269e-11 
1.6730398619528763e-15 4.8120177136557208e-13 1.6978465091913762e-11 2.2684799971083677e-10 1.6079656774020885e-09 6.7658637096672445e-09 1.6936326372013196e-08 5.0795640508021872e-08 1.1375230180488927e-08 7.3638548647069241e-10 
5.3868270886363046e-18 3.5140473338786698e-15 2.4177699793392638e-13 5.9697980942284365e-12 7.8779436257665839e-11 6.4990858439086511e-10 3.4801742506039214e-09 1.1375230180488927e-08 4.5826549367980146e-08 5.0621625439094408e-09 
6.2516573807672672e-22 1.0808126409033922e-18 1.7317375692242785e-16 9.4347439668037944e-15 2.7358248742614526e-13 5.2158952879911798e-12 7.2141197509168269e-11 7.3638548647069241e-10 5.0621625439094408e-09 3.8120401558076457e-08 
