3.3837403773329057e-07 1.1469433450104643e-07 2.1173395594188104e-08 2.6644441936625603e-09 2.4008181435344878e-10 1.4297572461575744e-11 4.8192808715312714e-13 6.9412517859844694e-15 2.3396475858436938e-17 2.9569368888124624e-21 
1.1469433450104643e-07 2.8990513674804944e-07 1.4643005558335110e-07 4.3598916237964766e-08 8.1888066909012227e-09 9.7656643964638146e-10 6.6666007230824275e-11 2.0280201350621773e-12 1.5528215824458201e-14 5.1941351983815385e-18 
2.1173395594188104e-08 1.4643005558335110e-07 2.4006618116500940e-07 1.3731603481092780e-07 5.0076429974767196e-08 1.0845827169751616e-08 1.3148667672908800e-09 7.2627546544167853e-11 1.0860161362458575e-12 8.4500077585818549e-16 
2.6644441936625603e-09 4.3598916237964766e-08 1.3731603481092780e-07 2.0760737499093929e-07 1.2344284391668512e-07 4.8055229822471122e-08 1.0183966933262170e-08 9.8570645777961899e-10 2.7270487836724590e-11 4.6753417610917431e-14 
2.4008181435344878e-10 8.1888066909012227e-09 5.0076429974767196e-08 1.2344284391668512e-07 1.8431813374113628e-07 1.0933521610050367e-07 4.1191157247502149e-08 7.1151622283840235e-09 3.6662099690175307e-10 1.3781976951556495e-12 
1.4297572461575744e-11 9.7656643964638146e-10 1.0845827169751616e-08 4.8055229822471122e-08 1.0933521610050367e-07 1.6652772615132398e-07 9.5055361364743570e-08 3.0618554375046973e-08 3.0917613813620675e-09 2.6773956696825360e-11 
4.8192808715312714e-13 6.6666007230824275e-11 1.3148667672908800e-09 1.0183966933262170e-08 4.1191157247502149e-08 9.5055361364743570e-08 1.5154986061171827e-07 7.8872298211868036e-08 1.7016300151286700e-08 3.7925831076846522e-10 
6.9412517859844694e-15 2.0280201350621773e-12 7.2627546544167853e-11 9.8570645777961899e-10 7.1151622283840235e-09 3.0618554375046973e-08 7.8872298211868036e-08 1.3735331125291238e-07 5.7660180194091094e-08 4.0082759517787722e-09 
2.3396475858436938e-17 1.5528215824458201e-14 1.0860161362458575e-12 2.7270487836724590e-11 3.6662099690175307e-10 3.0917613813620675e-09 1.7016300151286700e-08 5.7660180194091094e-08 1.2236414294101203e-07 2.9136575654581117e-08 
2.9569368888124624e-21 5.1941351983815385e-18 8.4500077585818549e-16 4.6753417610917431e-14 1.3781976951556495e-12 2.6773956696825360e-11 3.7925831076846522e-10 4.0082759517787722e-09 2.9136575654581117e-08 9.0342040871585218e-08 
