2.172573393941e-10 5.813970746020e-10 8.159087225831e-10 9.712730235002e-10 1.084199478935e-09 1.173995767638e-09 1.250925130435e-09 1.321741488916e-09 1.393607373195e-09 1.492006011560e-09 
2.081449984889e-11 1.752707119790e-10 4.286590964040e-10 6.751349850105e-10 8.763819468299e-10 1.038699718482e-09 1.177389811852e-09 1.304938366684e-09 1.434365022014e-09 1.611589609864e-09 
1.340201025712e-12 2.892178509267e-11 1.375514969809e-10 3.336042982799e-10 5.559777941547e-10 7.550447726062e-10 9.264938392296e-10 1.083481079836e-09 1.242590684824e-09 1.460445590197e-09 
-6.896933194107e-14 4.058104095317e-13 1.946751404936e-11 1.062162098045e-10 2.756067193202e-10 4.774658718397e-10 6.689217252763e-10 8.456480733648e-10 1.023899406747e-09 1.267699193883e-09 
-2.766211185127e-14 -8.719987763838e-13 -2.491059374693e-12 1.417521639312e-11 9.040436133963e-11 2.390777065696e-10 4.260849903929e-10 6.162785045202e-10 8.084352697596e-10 1.069669266054e-09 
-2.624260118823e-15 -1.657552849998e-13 -1.447970488626e-12 -2.898966668312e-12 1.096109116070e-11 7.450764042377e-11 2.102599652772e-10 3.966371007456e-10 6.007325676381e-10 8.745644451277e-10 
-1.027615465615e-16 -1.326084763293e-14 -2.376839274429e-13 -1.562972593767e-12 -4.164252324780e-12 2.683854576478e-12 5.448633675784e-11 1.894828808940e-10 3.954488837438e-10 6.817046458745e-10 
-1.602852571277e-18 -4.715746501885e-16 -1.705594150401e-14 -2.316781812168e-13 -1.628043676581e-12 -6.251217465083e-12 -9.351319067758e-12 2.746058943935e-11 1.806409113616e-10 4.837155952605e-10 
-6.656648437272e-21 -4.690424135104e-18 -3.469263900554e-16 -9.232081886520e-15 -1.324904152386e-13 -1.206237823478e-12 -7.199182097195e-12 -2.468201302519e-11 -1.073737843298e-11 2.556774174142e-10 
-1.305743254694e-24 -2.497197881350e-21 -4.419806095075e-19 -2.664418462815e-17 -8.578863557737e-16 -1.830030660570e-14 -2.875650909785e-13 -3.415318597952e-12 -2.743867456778e-11 -9.119636129607e-13 
