5.087184446753e-10 1.313334386978e-09 1.813549471400e-09 2.141986466483e-09 2.380353656681e-09 2.569890252631e-09 2.732273485301e-09 2.881754065606e-09 3.033450039487e-09 3.241150640862e-09 
4.324453032300e-11 3.546043412143e-10 8.520485244258e-10 1.327924624515e-09 1.713794984699e-09 2.024635474679e-09 2.290261326698e-09 2.534567118835e-09 2.782472465388e-09 3.121930185717e-09 
2.683681837298e-12 5.621716220601e-11 2.614751045389e-10 6.245970702408e-10 1.031740663588e-09 1.394445924385e-09 1.706573586803e-09 1.992419885601e-09 2.282149194202e-09 2.678852490074e-09 
-1.173508416057e-13 1.004329960215e-12 3.652859012687e-11 1.937481751601e-10 4.964415265193e-10 8.541130691801e-10 1.192259181321e-09 1.504257057839e-09 1.818985303715e-09 2.249466422106e-09 
-4.940046219190e-14 -1.534802898895e-12 -4.201195237514e-12 2.579790553988e-11 1.599655506774e-10 4.191936749862e-10 7.437826508804e-10 1.073243504001e-09 1.406055634046e-09 1.858569371550e-09 
-4.635272759134e-15 -2.897274988917e-13 -2.505824073808e-12 -4.910015151862e-12 1.935497579347e-11 1.293462285415e-10 3.628955962680e-10 6.823104232554e-10 1.031912819781e-09 1.501088733620e-09 
-1.788465832966e-16 -2.293396046110e-14 -4.091513020590e-13 -2.675719273843e-12 -7.052258692567e-12 4.895755771299e-12 9.339617408992e-11 3.232456185237e-10 6.745328757204e-10 1.163138394878e-09 
-2.759973127888e-18 -8.084931915521e-16 -2.913161689009e-14 -3.945592113888e-13 -2.769032258331e-12 -1.065595762168e-11 -1.615867740798e-11 4.618761541319e-11 3.082520662687e-10 8.284191319681e-10 
-1.134370401487e-20 -7.981747075575e-18 -5.906991005093e-16 -1.574991846183e-14 -2.266681126782e-13 -2.070332544108e-12 -1.239551529588e-11 -4.269459139057e-11 -2.007514646489e-11 4.413291585538e-10 
-2.237830115162e-24 -4.287824266471e-21 -7.599601028935e-19 -4.586743898734e-17 -1.478820144192e-15 -3.161170551647e-14 -4.987559964727e-13 -5.978712923991e-12 -4.907446094005e-11 -5.520398682063e-12 
