8.132699513458e-10 2.045902706515e-09 2.794725243259e-09 3.283964189415e-09 3.638776430707e-09 3.920900284798e-09 4.162610217095e-09 4.385114831238e-09 4.610917117939e-09 4.920082080202e-09 
6.344750106693e-11 5.126053446583e-10 1.220626770447e-09 1.892878808908e-09 2.436493089037e-09 2.874207850619e-09 3.248277581409e-09 3.592332943535e-09 3.941458459083e-09 4.419517077270e-09 
3.850132305756e-12 7.952246019004e-11 3.663579326273e-10 8.701736740893e-10 1.432811619375e-09 1.933299669327e-09 2.363979780338e-09 2.758420082516e-09 3.158223647451e-09 3.705643246022e-09 
-1.576597255413e-13 1.506385194861e-12 5.088431750255e-11 2.673295486560e-10 6.820880303234e-10 1.171528853980e-09 1.634233971827e-09 2.061154356986e-09 2.491826357516e-09 3.080893075119e-09 
-6.767843766516e-14 -2.091447320809e-12 -5.660202345502e-12 3.540127322439e-11 2.185676929294e-10 5.726521092519e-10 1.015993969486e-09 1.466071261432e-09 1.920875372875e-09 2.539233382326e-09 
-6.327489088514e-15 -3.952412745131e-13 -3.421336582952e-12 -6.716759255315e-12 2.643519371611e-11 1.766143767299e-10 4.953851251838e-10 9.323934148740e-10 1.411621401232e-09 2.054704380191e-09 
-2.441630818151e-16 -3.133303542178e-14 -5.589481927777e-13 -3.655979224497e-12 -9.679132282515e-12 6.309064605419e-12 1.268790943005e-10 4.431231932714e-10 9.287749852556e-10 1.604830515146e-09 
-3.770400432749e-18 -1.104673624354e-15 -3.988566143903e-14 -5.424407839479e-13 -3.830754530946e-12 -1.486715050052e-11 -2.291487819844e-11 6.313089749176e-11 4.275562778506e-10 1.155678022322e-09 
-1.557462064643e-20 -1.101269634120e-17 -8.185626802276e-16 -2.189850665836e-14 -3.159350341800e-13 -2.892207896146e-12 -1.738979208823e-11 -6.071664477165e-11 -3.282939745243e-11 6.255434871775e-10 
-3.122169233824e-24 -5.990389764356e-21 -1.063695453065e-18 -6.438640979949e-17 -2.085103295261e-15 -4.486060433891e-14 -7.142894531734e-13 -8.665028384423e-12 -7.195242557422e-11 -1.091298464049e-11 
