3.427199997564e-10 9.013724865363e-10 1.254899329923e-09 1.488017674686e-09 1.657322273327e-09 1.791946109383e-09 1.907281766503e-09 2.013452848581e-09 2.121197440979e-09 2.268720701730e-09 
3.099234775392e-11 2.574144065887e-10 6.236461779552e-10 9.766365482811e-10 1.263728052687e-09 1.495117884761e-09 1.692838237576e-09 1.874682953399e-09 2.059206259175e-09 2.311874836596e-09 
1.958904606781e-12 4.159360598537e-11 1.953819431517e-10 4.697896926484e-10 7.789719204630e-10 1.054950327703e-09 1.292512500891e-09 1.510056608624e-09 1.730550472644e-09 2.032454579060e-09 
-9.205728898586e-14 6.786835095236e-13 2.745898540594e-11 1.473856681931e-10 3.796202420688e-10 6.549013315689e-10 9.154437708086e-10 1.155871105035e-09 1.398390613372e-09 1.730101230660e-09 
-3.791754033151e-14 -1.185171998097e-12 -3.299601804927e-12 1.966634174915e-11 1.232160495606e-10 3.239173672444e-10 5.756010632096e-10 8.312087638284e-10 1.089412162778e-09 1.440470217388e-09 
-3.573303342671e-15 -2.241714432125e-13 -1.945186338710e-12 -3.838167392394e-12 1.492715418558e-11 1.003102937494e-10 2.819418796180e-10 5.305307326227e-10 8.025500555426e-10 1.167577118021e-09 
-1.385648451185e-16 -1.780428395250e-14 -3.181043056712e-13 -2.083568291840e-12 -5.504356232742e-12 3.782297801011e-12 7.278396383602e-11 2.518534336467e-10 5.250471474720e-10 9.048156142019e-10 
-2.145620253723e-18 -6.292916155963e-16 -2.269120577491e-14 -3.073697946309e-13 -2.155382390515e-12 -8.272438637660e-12 -1.242506941766e-11 3.625074141826e-11 2.394812787016e-10 6.417065569744e-10 
-8.837481500985e-21 -6.215280222983e-18 -4.594566574348e-16 -1.223186931649e-14 -1.757181422457e-13 -1.601598559632e-12 -9.563980143958e-12 -3.278369518668e-11 -1.453427971663e-11 3.395549214481e-10 
-1.732976988219e-24 -3.316201452614e-21 -5.870514377568e-19 -3.538712651944e-17 -1.139230150252e-15 -2.430379545961e-14 -3.822512082531e-13 -4.555993018468e-12 -3.699345283465e-11 -2.612663592993e-12 
