1.151360403289e-09 2.832770587577e-09 3.836413644131e-09 4.490007738848e-09 4.963810666448e-09 5.340546522861e-09 5.663318223669e-09 5.960444087448e-09 6.261973572276e-09 6.674821611117e-09 
8.361236737934e-11 6.691788283102e-10 1.585096802086e-09 2.451464619713e-09 3.151211822140e-09 3.714569830475e-09 4.196032789156e-09 4.638868347072e-09 5.088229940791e-09 5.703541919076e-09 
4.997177121940e-12 1.024559254015e-10 4.699763921024e-10 1.113704645569e-09 1.831795970526e-09 2.470553412653e-09 3.020295053004e-09 3.523788841130e-09 4.034126824463e-09 4.732891601544e-09 
-1.989329653681e-13 1.971536105859e-12 6.502618209049e-11 3.407742664281e-10 8.692407549038e-10 1.493517845521e-09 2.084138440204e-09 2.629222519499e-09 3.179096226175e-09 3.931191158279e-09 
-8.614509401748e-14 -2.663454659603e-12 -7.240025095310e-12 4.494773917127e-11 2.785525222707e-10 7.311935216577e-10 1.299055322970e-09 1.876405078059e-09 2.460012171803e-09 3.253414715662e-09 
-8.064849659871e-15 -5.048005549335e-13 -4.381926222407e-12 -8.676265768630e-12 3.352289379329e-11 2.257863213590e-10 6.357983686086e-10 1.200303153772e-09 1.820519353059e-09 2.652738616779e-09 
-3.122460241256e-16 -4.016770450746e-14 -7.186306316369e-13 -4.722954185101e-12 -1.265059842415e-11 7.436460405287e-12 1.629948653876e-10 5.745765053244e-10 1.209712838286e-09 2.094927191496e-09 
-4.846683555710e-18 -1.425552776256e-15 -5.169155355841e-14 -7.062647745246e-13 -5.014183543463e-12 -1.959702602365e-11 -3.077274860772e-11 8.106383315319e-11 5.615666709482e-10 1.526630353989e-09 
-2.025209114143e-20 -1.438027395266e-17 -1.072589787071e-15 -2.878738405683e-14 -4.167523529581e-13 -3.830866944935e-12 -2.315705474185e-11 -8.144178504551e-11 -4.594719210944e-11 8.351931652522e-10 
-4.126671391131e-24 -7.938936126899e-21 -1.413303612337e-18 -8.575991833317e-17 -2.783709931501e-15 -6.002008583077e-14 -9.577709125127e-13 -1.165846910083e-11 -9.779243731693e-11 -2.111742613524e-11 
