4.908241039280e-09 1.116737449351e-08 1.477973675389e-08 1.712986221455e-08 1.883420594314e-08 2.018944690844e-08 2.135054508460e-08 2.241938478918e-08 2.350406521181e-08 2.498917436800e-08 
2.887585401248e-10 2.321121690384e-09 5.547929691066e-09 8.649062611335e-09 1.117640854199e-08 1.321560797146e-08 1.495822567162e-08 1.656083701576e-08 1.818703478509e-08 2.041379242229e-08 
1.719609655294e-11 3.612022568715e-10 1.699488818613e-09 4.116344431155e-09 6.874068753953e-09 9.355422899365e-09 1.149695982679e-08 1.345799126733e-08 1.544529461836e-08 1.816628918034e-08 
-8.550780342433e-13 4.230172578042e-12 2.354781569733e-10 1.310437973642e-09 3.444396797458e-09 6.028319843606e-09 8.505391989180e-09 1.079801077909e-08 1.310978450508e-08 1.627112303799e-08 
-3.475702128488e-13 -1.117217186276e-11 -3.407613068765e-11 1.703082270248e-10 1.149451494106e-09 3.120722637678e-09 5.658578723232e-09 8.269089162011e-09 1.091232090228e-08 1.450343712514e-08 
-3.357748160086e-14 -2.170797635310e-12 -1.960776381867e-11 -4.320601307847e-11 1.334361846279e-10 1.001539389236e-09 2.920402748642e-09 5.621890406919e-09 8.623794439785e-09 1.265260878935e-08 
-1.365964903350e-15 -1.817471092679e-13 -3.351801476676e-12 -2.278912663451e-11 -6.469505400513e-11 1.864579778739e-11 7.569653470949e-10 2.801038486100e-09 6.068503850381e-09 1.066683083747e-08 
-2.257990657916e-17 -6.818453654863e-15 -2.524787934345e-13 -3.524470840915e-12 -2.573117996957e-11 -1.053781167401e-10 -1.891982843006e-10 3.513109050773e-10 2.972119689349e-09 8.425352676520e-09 
-1.004233506488e-19 -7.283825026624e-17 -5.554781272096e-15 -1.528104433098e-13 -2.275101415133e-12 -2.159922202595e-11 -1.354212293178e-10 -4.963160477890e-10 -3.343003227272e-10 4.955874654794e-09 
-2.289961833867e-23 -4.495576324952e-20 -8.143608150335e-18 -5.017087520122e-16 -1.650066306679e-14 -3.598772557261e-13 -5.801390125774e-12 -7.127611663954e-11 -6.047202431631e-10 -1.911652060194e-10 
