z(iz=00)            wb(ip=00)           h(ip=01)           wm(ip=02)            ns(ip=03) 
1.4625000000e+00        0.022445000000000007        0.66866        0.14364800000000003        0.96
   k(h/Mpc)      Pk/s8^2(Mpc/h)^3 
7.0470305218e-06 5.0251724825e+01
7.5328712228e-06 5.3573138072e+01
8.0522077042e-06 5.7114088331e+01
8.6073478087e-06 6.0889088230e+01
9.2007612693e-06 6.4913591296e+01
9.8350856206e-06 6.9204071785e+01
1.0513142115e-05 7.3778155841e+01
1.1237945728e-05 7.8654541660e+01
1.2012719708e-05 8.3853267505e+01
1.2840908312e-05 8.9395552036e+01
1.3726194084e-05 9.5304187778e+01
1.4672514226e-05 1.0160333013e+02
1.5684076061e-05 1.0831883952e+02
1.6765377950e-05 1.1547815593e+02
1.7921227482e-05 1.2311068098e+02
1.9156763301e-05 1.3124767527e+02
2.0477480575e-05 1.3992240665e+02
2.1889252821e-05 1.4917054938e+02
2.3398355552e-05 1.5902986481e+02
2.5011499019e-05 1.6954078302e+02
2.6735857318e-05 1.8074641421e+02
2.8579097488e-05 1.9269256012e+02
3.0549417716e-05 2.0542825006e+02
3.2655574614e-05 2.1900566106e+02
3.4906934161e-05 2.3348024334e+02
3.7313511712e-05 2.4891146161e+02
3.9886002924e-05 2.6536243012e+02
4.2635849240e-05 2.8290050573e+02
4.5575277909e-05 3.0159744753e+02
4.8717356549e-05 3.2152982746e+02
5.2076058637e-05 3.4277930401e+02
5.5666318076e-05 3.6543275906e+02
5.9504101955e-05 3.8958286816e+02
6.3606472395e-05 4.1532846544e+02
6.7991670221e-05 4.4277479455e+02
7.2679191362e-05 4.7203412449e+02
7.7689888713e-05 5.0322602337e+02
8.3046033979e-05 5.3647799702e+02
8.8771448645e-05 5.7192571715e+02
9.4891584013e-05 6.0971384244e+02
1.0143365944e-04 6.4999674849e+02
1.0842676420e-04 6.9293857341e+02
1.1590198846e-04 7.3871422147e+02
1.2389257608e-04 7.8751004736e+02
1.3243405556e-04 8.3952467737e+02
1.4156440739e-04 8.9496932869e+02
1.5132423141e-04 9.5406881306e+02
1.6175692144e-04 1.0170629966e+03
1.7290886899e-04 1.0842061610e+03
1.8482966698e-04 1.1557703797e+03
1.9757231348e-04 1.2320432365e+03
2.1119345911e-04 1.3133315665e+03
2.2575369803e-04 1.3999620037e+03
2.4131775717e-04 1.4922804334e+03
2.5795484544e-04 1.5906545468e+03
2.7573891566e-04 1.6954752099e+03
2.9474907205e-04 1.8071564629e+03
3.1506986124e-04 1.9261378933e+03
3.3679162152e-04 2.0528842701e+03
3.6001091939e-04 2.1878879163e+03
3.8483101525e-04 2.3316705339e+03
4.1136227082e-04 2.4847813789e+03
4.3972267304e-04 2.6478014582e+03
4.7003829968e-04 2.8213426174e+03
5.0244398881e-04 3.0060495480e+03
5.3708377527e-04 3.2025975975e+03
5.7411176385e-04 3.4116980615e+03
6.1369256582e-04 3.6340938042e+03
6.5600214293e-04 3.8705621779e+03
7.0122862235e-04 4.1219148404e+03
7.4957316974e-04 4.3889922812e+03
8.0125074601e-04 4.6726729448e+03
8.5649109678e-04 4.9738633772e+03
9.1553980019e-04 5.2934967662e+03
9.7865960561e-04 5.6325376855e+03
1.0461308993e-03 5.9919722411e+03
1.1182539165e-03 6.3728077064e+03
1.1953492649e-03 6.7760674127e+03
1.2777597876e-03 7.2027819906e+03
1.3658519601e-03 7.6539849900e+03
1.4600174036e-03 8.1306990124e+03
1.5606748639e-03 8.6339291416e+03
1.6682718415e-03 9.1646468852e+03
1.7832869198e-03 9.7237733876e+03
1.9062313950e-03 1.0312171400e+04
2.0376520697e-03 1.0930620465e+04
2.1781332325e-03 1.1579803047e+04
2.3282994516e-03 1.2260293582e+04
2.4888184853e-03 1.2972521988e+04
2.6604041923e-03 1.3716768549e+04
2.8438193258e-03 1.4493119395e+04
3.0398797244e-03 1.5301447520e+04
3.2494571060e-03 1.6141387971e+04
3.4734832589e-03 1.7012286751e+04
3.7129542325e-03 1.7913192058e+04
3.9689349942e-03 1.8842778380e+04
4.2425640859e-03 1.9799327513e+04
4.5350575820e-03 2.0780678928e+04
4.8477165401e-03 2.1785222447e+04
5.1819304936e-03 2.2807736307e+04
5.5391867645e-03 2.3845476053e+04
5.9210727923e-03 2.4894101650e+04
6.3292868435e-03 2.5947995726e+04
6.7656449974e-03 2.7002514603e+04
7.2320862673e-03 2.8050680358e+04
7.7306851745e-03 2.9085421641e+04
8.2636587322e-03 3.0098110936e+04
8.8333776221e-03 3.1079720738e+04
9.4423741102e-03 3.2020531589e+04
1.0093355551e-02 3.2909697053e+04
1.0789218359e-02 3.3735591150e+04
1.1533055455e-02 3.4485516397e+04
1.2328174897e-02 3.5146106714e+04
1.3178111054e-02 3.5703333265e+04
1.4086645097e-02 3.6142717591e+04
1.5057815239e-02 3.6449679043e+04
1.6095941886e-02 3.6609858866e+04
1.7205636948e-02 3.6609639894e+04
1.8391840160e-02 3.6436742149e+04
1.9659820944e-02 3.6081127933e+04
2.1015221253e-02 3.5535898154e+04
2.2464066744e-02 3.4798302517e+04
2.4012798443e-02 3.3870968691e+04
2.5668302551e-02 3.2762950460e+04
2.7437943965e-02 3.1490612365e+04
2.9329586774e-02 3.0078245753e+04
3.1351648271e-02 2.8558074614e+04
3.3513110131e-02 2.6969525670e+04
3.5823594779e-02 2.5357643019e+04
3.8293365389e-02 2.3770305722e+04
4.0933411568e-02 2.2254655634e+04
4.3755467981e-02 2.0852592407e+04
4.6586707234e-02 1.9666119258e+04
4.9417942762e-02 1.8679702281e+04
5.2249178290e-02 1.7863454651e+04
5.5080413818e-02 1.7182104283e+04
5.7911653072e-02 1.6598608334e+04
6.0742888600e-02 1.6076709342e+04
6.3574127853e-02 1.5583621288e+04
6.6405363381e-02 1.5092014948e+04
6.9236598909e-02 1.4582099589e+04
7.2067834437e-02 1.4040389427e+04
7.4899069965e-02 1.3461669998e+04
7.7730305493e-02 1.2850942632e+04
8.0561541021e-02 1.2214550963e+04
8.3392776549e-02 1.1565061820e+04
8.6224012077e-02 1.0919280611e+04
8.9055255055e-02 1.0294840459e+04
9.1886490583e-02 9.7058380822e+03
9.5512367785e-02 9.0178886141e+03
9.9138244986e-02 8.4170967594e+03
1.0276412219e-01 7.9129192095e+03
1.0638999939e-01 7.5046494129e+03
1.1001587659e-01 7.1801241789e+03
1.1364175379e-01 6.9224300735e+03
1.1726763845e-01 6.7138573331e+03
1.2089351565e-01 6.5351860139e+03
1.2451939285e-01 6.3672684327e+03
1.2814526260e-01 6.1944517075e+03
1.3177114725e-01 6.0057255372e+03
1.3539703190e-01 5.7935547141e+03
1.3902290165e-01 5.5575779337e+03
1.4264878631e-01 5.3033530822e+03
1.4627465606e-01 5.0395970889e+03
1.4990054071e-01 4.7754965789e+03
1.5352641046e-01 4.5202414619e+03
1.5715229511e-01 4.2826143589e+03
1.6077816486e-01 4.0694494008e+03
1.6440404952e-01 3.8844041578e+03
1.6802993417e-01 3.7280530676e+03
1.7165580392e-01 3.5985983664e+03
1.7528168857e-01 3.4923510977e+03
1.7890755832e-01 3.4040836587e+03
1.8253344297e-01 3.3277151840e+03
1.8615931272e-01 3.2572341491e+03
1.8978519738e-01 3.1873731713e+03
1.9341106713e-01 3.1139170305e+03
1.9703695178e-01 3.0339557649e+03
2.0066283643e-01 2.9462238961e+03
2.0428870618e-01 2.8512040760e+03
2.0791459084e-01 2.7507676069e+03
2.1154046059e-01 2.6475905147e+03
2.1516634524e-01 2.5447338523e+03
2.1879221499e-01 2.4452860439e+03
2.2241809964e-01 2.3519119844e+03
2.2604396939e-01 2.2665222087e+03
2.2966985405e-01 2.1902265423e+03
2.3329573870e-01 2.1233043576e+03
2.3692160845e-01 2.0651463636e+03
2.4054749310e-01 2.0144741261e+03
2.4417336285e-01 1.9697272837e+03
2.4779924750e-01 1.9291828880e+03
2.5142511725e-01 1.8909050399e+03
2.5505098701e-01 1.8530348456e+03
2.5867688656e-01 1.8142276315e+03
2.6230275631e-01 1.7737314098e+03
2.6592862606e-01 1.7312116999e+03
2.6955452561e-01 1.6867194130e+03
2.7318039536e-01 1.6407205955e+03
2.7680626512e-01 1.5939927822e+03
2.8043213487e-01 1.5474755473e+03
2.8405803442e-01 1.5021582817e+03
2.8768390417e-01 1.4589219844e+03
2.9130977392e-01 1.4183905446e+03
2.9493564367e-01 1.3809143182e+03
2.9856154323e-01 1.3466181196e+03
3.0218741298e-01 1.3154021337e+03
3.0581328273e-01 1.2869449273e+03
3.0943918228e-01 1.2607495241e+03
3.1306505203e-01 1.2362261582e+03
3.1669092178e-01 1.2127786770e+03
3.2031679153e-01 1.1898746125e+03
3.2394269109e-01 1.1670733738e+03
3.2756856084e-01 1.1440484183e+03
3.3119443059e-01 1.1206314108e+03
3.3482033014e-01 1.0968171507e+03
3.3844619989e-01 1.0727174965e+03
3.4207206964e-01 1.0485313482e+03
3.4569793940e-01 1.0245342461e+03
3.4932383895e-01 1.0010276424e+03
3.5294970870e-01 9.7826654868e+02
3.5657557845e-01 9.5644740155e+02
3.6020144820e-01 9.3572110955e+02
3.6382734775e-01 9.1617480546e+02
3.6745321751e-01 8.9780018658e+02
3.7107908726e-01 8.8050583189e+02
3.7470498681e-01 8.6414685462e+02
3.7833085656e-01 8.4854634326e+02
3.8195672631e-01 8.3352145578e+02
3.8558259606e-01 8.1890732417e+02
3.8920849562e-01 8.0455814925e+02
3.9283436537e-01 7.9034501098e+02
3.9646023512e-01 7.7617794817e+02
4.0008613467e-01 7.6202776448e+02
4.0371200442e-01 7.4792205958e+02
4.0733787417e-01 7.3391585030e+02
4.1096374393e-01 7.2007204560e+02
4.1458964348e-01 7.0646026048e+02
4.1821551323e-01 6.9315905132e+02
4.2184138298e-01 6.8024537782e+02
4.2546725273e-01 6.6777758702e+02
4.2909315229e-01 6.5578396286e+02
4.3271902204e-01 6.4426500715e+02
4.3634489179e-01 6.3320146857e+02
4.3997079134e-01 6.2255917828e+02
4.4359666109e-01 6.1229356627e+02
4.4722253084e-01 6.0235080180e+02
4.5084840059e-01 5.9267135172e+02
4.5447430015e-01 5.8319696025e+02
4.5810016990e-01 5.7388178001e+02
4.6172603965e-01 5.6469793763e+02
4.6535193920e-01 5.5563033314e+02
4.6897780895e-01 5.4667157622e+02
4.7260367870e-01 5.3782267048e+02
4.7622954845e-01 5.2909584191e+02
4.7985544801e-01 5.2051180163e+02
4.8348131776e-01 5.1209463662e+02
4.8710718751e-01 5.0386784081e+02
4.9073305726e-01 4.9584783713e+02
4.9435895681e-01 4.8804146846e+02
4.9798482656e-01 4.8045042273e+02
5.0161069632e-01 4.7307456307e+02
5.0523656607e-01 4.6591028557e+02
5.0886243582e-01 4.5894486244e+02
5.1248836517e-01 4.5215794749e+02
5.1611423492e-01 4.4552778035e+02
5.1974010467e-01 4.3903634138e+02
5.2336597443e-01 4.3267076597e+02
5.2699184418e-01 4.2641983177e+02
5.3061771393e-01 4.2027290950e+02
5.3424358368e-01 4.1422055597e+02
5.3786951303e-01 4.0825884791e+02
5.4149538279e-01 4.0239038563e+02
5.4512125254e-01 3.9662132773e+02
5.4874712229e-01 3.9095687481e+02
5.5237299204e-01 3.8539926221e+02
5.5599886179e-01 3.7995038312e+02
5.5962473154e-01 3.7461411519e+02
5.6325060129e-01 3.6939456415e+02
5.6687653065e-01 3.6429300734e+02
5.7050240040e-01 3.5930574960e+02
5.7412827015e-01 3.5442656390e+02
5.7775413990e-01 3.4964958816e+02
5.8138000965e-01 3.4497067103e+02
6.2945324182e-01 2.9020086550e+02
7.6881581545e-01 1.8635991041e+02
9.3903356791e-01 1.1848600516e+02
1.1469380856e+00 7.4657797917e+01
1.4008729458e+00 4.6657619568e+01
1.7110313177e+00 2.8941902543e+01
2.0898580551e+00 1.7830435221e+01
2.5525579452e+00 1.0916529073e+01
3.1177008152e+00 6.6453312777e+00
3.8079674244e+00 4.0240190735e+00
4.6510658264e+00 2.4248927554e+00
5.6808233261e+00 1.4547194251e+00
