1.2037356458633807e-06 5.9877249774366799e-07 4.4347097691769167e-07 3.5065298821399760e-07 2.8401955785531937e-07 2.3108030954323633e-07 1.8580436934281721e-07 1.4433197533021216e-07 1.0280138367603229e-07 4.7948229765740321e-08 
5.9877249774366799e-07 3.0296576196231799e-07 2.2350725745666023e-07 1.7753321383505575e-07 1.4453141709758459e-07 1.1831174972484451e-07 9.5884473857082142e-08 7.5335911362606521e-08 5.4751415962257805e-08 2.7602903747785999e-08 
4.4347097691769167e-07 2.2350725745666023e-07 1.6933025049004377e-07 1.3289271504258881e-07 1.0855969596194274e-07 8.9227137769507042e-08 7.2689373598428433e-08 5.7534232923032448e-08 4.2348881795100142e-08 2.2341516649229274e-08 
3.5065298821399760e-07 1.7753321383505575e-07 1.3289271504258881e-07 1.0874914948400634e-07 8.7058841425722072e-08 7.1842099323388104e-08 5.8823878308238180e-08 4.6891955220856002e-08 3.4933313614192308e-08 1.9193701570748244e-08 
2.8401955785531937e-07 1.4453141709758459e-07 1.0855969596194274e-07 8.7058841425722072e-08 7.4166086929443891e-08 5.9366513656344342e-08 4.8875050221104261e-08 3.9256897185542914e-08 2.9614728956967736e-08 1.6939111478451771e-08 
2.3108030954323633e-07 1.1831174972484451e-07 8.9227137769507042e-08 7.1842099323388104e-08 5.9366513656344342e-08 5.1992960022433802e-08 4.0971331366389732e-08 3.3191166660240579e-08 2.5388773843921190e-08 1.5147147235093237e-08 
1.8580436934281721e-07 9.5884473857082142e-08 7.2689373598428433e-08 5.8823878308238180e-08 4.8875050221104261e-08 4.0971331366389732e-08 3.6745395611128897e-08 2.8000066741842431e-08 2.1769995876380701e-08 1.3608295037195561e-08 
1.4433197533021216e-07 7.5335911362606521e-08 5.7534232923032448e-08 4.6891955220856002e-08 3.9256897185542914e-08 3.3191166660240579e-08 2.8000066741842431e-08 2.5776280928023354e-08 1.8451074631403894e-08 1.2188703830817023e-08 
1.0280138367603229e-07 5.4751415962257805e-08 4.2348881795100142e-08 3.4933313614192308e-08 2.9614728956967736e-08 2.5388773843921190e-08 2.1769995876380701e-08 1.8451074631403894e-08 1.7662753886896331e-08 1.0764106508085456e-08 
4.7948229765740321e-08 2.7602903747785999e-08 2.2341516649229274e-08 1.9193701570748244e-08 1.6939111478451771e-08 1.5147147235093237e-08 1.3608295037195561e-08 1.2188703830817023e-08 1.0764106508085456e-08 1.1522607103208869e-08 
