3.2278043267367872e-08 1.4620489817786132e-08 1.0724139211708557e-08 8.3958617247355476e-09 6.7240180084042132e-09 5.3958751364284740e-09 4.2608861156622581e-09 3.2227466515844020e-09 2.1843543400319950e-09 8.0078989490828762e-10 
1.4620489817786132e-08 9.8136602476359239e-09 5.3818201331429082e-09 4.2504254183014562e-09 3.4382488745789145e-09 2.7930855786655725e-09 2.2416446492863627e-09 1.7371371770494785e-09 1.2325078404233031e-09 5.6177125837452149e-10 
1.0724139211708557e-08 5.3818201331429082e-09 6.5430501813779324e-09 3.1815752164899090e-09 2.5908819311369219e-09 2.1216791444434202e-09 1.7205897647850656e-09 1.3535756470350441e-09 9.8647236675513405e-10 4.9939467031577826e-10 
8.3958617247355476e-09 4.2504254183014562e-09 3.1815752164899090e-09 5.0813665569332653e-09 2.0845607171812414e-09 1.7204929131403755e-09 1.4092336832817619e-09 1.1243739884970704e-09 8.3944785645116750e-10 4.6211288304422067e-10 
6.7240180084042132e-09 3.4382488745789145e-09 2.5908819311369219e-09 2.0845607171812414e-09 4.2598220329120981e-09 1.4328229595536295e-09 1.1860810114212088e-09 9.6021566073923097e-10 7.3430887942347786e-10 4.3579798923666576e-10 
5.3958751364284740e-09 2.7930855786655725e-09 2.1216791444434202e-09 1.7204929131403755e-09 1.4328229595536295e-09 3.7428384979534119e-09 1.0089113666381408e-09 8.2990541067585341e-10 6.5086453130992092e-10 4.1496797942666102e-10 
4.2608861156622581e-09 2.2416446492863627e-09 1.7205897647850656e-09 1.4092336832817619e-09 1.1860810114212088e-09 1.0089113666381408e-09 3.3958200306629430e-09 7.1843331427492072e-10 5.7939989479712510e-10 3.9695115506922652e-10 
3.2227466515844020e-09 1.7371371770494785e-09 1.3535756470350441e-09 1.1243739884970704e-09 9.6021566073923097e-10 8.2990541067585341e-10 7.1843331427492072e-10 3.1548087331052146e-09 5.1400147351715037e-10 3.8024616397811687e-10 
2.1843543400319950e-09 1.2325078404233031e-09 9.8647236675513405e-10 8.3944785645116750e-10 7.3430887942347786e-10 6.5086453130992092e-10 5.7939989479712510e-10 5.1400147351715037e-10 2.9873584610869137e-09 3.6386369335692161e-10 
8.0078989490828762e-10 5.6177125837452149e-10 4.9939467031577826e-10 4.6211288304422067e-10 4.3579798923666576e-10 4.1496797942666102e-10 3.9695115506922652e-10 3.8024616397811687e-10 3.6386369335692161e-10 2.8843160781414155e-09 
