2.4946841617333451e-06 1.2341430482028346e-06 9.0989114138757497e-07 7.1612016713810693e-07 5.7699176561572617e-07 4.6645487693293734e-07 3.7196151734737176e-07 2.8548881273716740e-07 1.9898052456682669e-07 8.4211600581363358e-08 
1.2341430482028346e-06 6.1904992413934302e-07 4.5728933339345914e-07 3.6213548113678227e-07 2.9382816176252561e-07 2.3956075128891440e-07 1.9316139430503310e-07 1.5068806790784275e-07 1.0818845457564175e-07 5.1917655652037408e-08 
9.0989114138757497e-07 4.5728933339345914e-07 3.4313681865826582e-07 2.7085966159062042e-07 2.2080251550261377e-07 1.8103530989324295e-07 1.4702990125099923e-07 1.1589550125721706e-07 8.4737144699162163e-08 4.3541313590197797e-08 
7.1612016713810693e-07 3.6213548113678227e-07 2.7085966159062042e-07 2.1884843693746779e-07 1.7715974017360987e-07 1.4605681056003311e-07 1.1945689003307879e-07 9.5098009257401165e-08 7.0716762869075650e-08 3.8529091596066402e-08 
5.7699176561572617e-07 2.9382816176252561e-07 2.2080251550261377e-07 1.7715974017360987e-07 1.4838305760080167e-07 1.2096593435200725e-07 9.9683959332328604e-08 8.0189969572414568e-08 6.0675311755822040e-08 3.4956793017775321e-08 
4.6645487693293734e-07 2.3956075128891440e-07 1.8103530989324295e-07 1.4605681056003311e-07 1.2096593435200725e-07 1.0357360060257539e-07 8.3980802102821752e-08 6.8351474177071695e-08 5.2701894105813642e-08 3.2122659876157351e-08 
3.7196151734737176e-07 1.9316139430503310e-07 1.4702990125099923e-07 1.1945689003307879e-07 9.9683959332328604e-08 8.3980802102821752e-08 7.3081963522999795e-08 5.8221463826245681e-08 4.5872977806336024e-08 2.9682664642354209e-08 
2.8548881273716740e-07 1.5068806790784275e-07 1.1589550125721706e-07 9.5098009257401165e-08 8.0189969572414568e-08 6.8351474177071695e-08 5.8221463826245681e-08 5.1473331707496952e-08 3.9615031043609691e-08 2.7426549387316585e-08 
1.9898052456682669e-07 1.0818845457564175e-07 8.4737144699162163e-08 7.0716762869075650e-08 6.0675311755822040e-08 5.2701894105813642e-08 4.5872977806336024e-08 3.9615031043609691e-08 3.5899632240277815e-08 2.5177457139351248e-08 
8.4211600581363358e-08 5.1917655652037408e-08 4.3541313590197797e-08 3.8529091596066402e-08 3.4956793017775321e-08 3.2122659876157351e-08 2.9682664642354209e-08 2.7426549387316585e-08 2.5177457139351248e-08 2.5003670337791575e-08 
