6.1950178750335500e-08 2.9407225240729565e-08 2.1673787168828686e-08 1.7052139133183852e-08 1.3733535218110254e-08 1.1096898778310283e-08 8.8429091085998074e-09 6.7798183543238726e-09 4.7142447623524373e-09 1.9688939795545857e-09 
2.9407225240729565e-08 1.7249807301211216e-08 1.0922924141185361e-08 8.6588825873630135e-09 7.0335406436751846e-09 5.7422534241442531e-09 4.6381584707462721e-09 3.6273011244311847e-09 2.6150779189588607e-09 1.2724367453976452e-09 
2.1673787168828686e-08 1.0922924141185361e-08 1.0689673674673207e-08 6.4947259624453458e-09 5.3057091453180399e-09 4.3610939218377786e-09 3.5533191847683645e-09 2.8136198713106024e-09 2.0728410360547320e-09 1.0916658309321896e-09 
1.7052139133183852e-08 8.6588825873630135e-09 6.4947259624453458e-09 7.7398715239645925e-09 4.2731607929799841e-09 3.5357057875703129e-09 2.9049967202251925e-09 2.3273380841219130e-09 1.7487762301297350e-09 9.8361438433294529e-10 
1.3733535218110254e-08 7.0335406436751846e-09 5.3057091453180399e-09 4.2731607929799841e-09 6.0707661966600384e-09 2.9436715045008131e-09 2.4401273411719793e-09 1.9788265314081260e-09 1.5167629755861370e-09 9.0674575553281372e-10 
1.1096898778310283e-08 5.7422534241442531e-09 4.3610939218377786e-09 3.5357057875703129e-09 2.9436715045008131e-09 5.0118514532123247e-09 2.0709239829902307e-09 1.7020573737865533e-09 1.3325173704667767e-09 8.4575201599767617e-10 
8.8429091085998074e-09 4.6381584707462721e-09 3.5533191847683645e-09 2.9049967202251925e-09 2.4401273411719793e-09 2.0709239829902307e-09 4.2934482605296466e-09 1.4652081672914538e-09 1.1746917044000635e-09 7.9318582016127284e-10 
6.7798183543238726e-09 3.6273011244311847e-09 2.8136198713106024e-09 2.3273380841219130e-09 1.9788265314081260e-09 1.7020573737865533e-09 1.4652081672914538e-09 3.7865420107629431e-09 1.0300628206408973e-09 7.4456379841242672e-10 
4.7142447623524373e-09 2.6150779189588607e-09 2.0728410360547320e-09 1.7487762301297350e-09 1.5167629755861370e-09 1.3325173704667767e-09 1.1746917044000635e-09 1.0300628206408973e-09 3.4239893243242274e-09 6.9617664496804355e-10 
1.9688939795545857e-09 1.2724367453976452e-09 1.0916658309321896e-09 9.8361438433294529e-10 9.0674575553281372e-10 8.4575201599767617e-10 7.9318582016127284e-10 7.4456379841242672e-10 6.9617664496804355e-10 3.1768004955976701e-09 
