2.6592132752735125e-08 1.1799490122062605e-08 8.6415635248195050e-09 6.7546046213352806e-09 5.3996717824433074e-09 4.3233387832797331e-09 3.4036582990800272e-09 2.5626781042545211e-09 1.7218319709868791e-09 6.0063609104896083e-10 
1.1799490122062605e-08 8.3988025953009205e-09 4.3294506715353949e-09 3.4146959266518922e-09 2.7580529004346608e-09 2.2364683742271512e-09 1.7907124952586651e-09 1.3830075320062500e-09 9.7538861172754468e-10 4.3326117736354496e-10 
8.6415635248195050e-09 4.3294506715353949e-09 5.7562838473389780e-09 2.5535460621824647e-09 2.0768009377305838e-09 1.6981331602644315e-09 1.3744788026739825e-09 1.0784047867230824e-09 7.8240351317627908e-10 3.8946536059470358e-10 
6.7546046213352806e-09 3.4146959266518922e-09 2.5535460621824647e-09 4.5774649090279885e-09 1.6697508200518598e-09 1.3764708006006390e-09 1.1257646609327966e-09 8.9638897716198039e-10 6.6708079218195733e-10 3.6328482691964389e-10 
5.3996717824433074e-09 2.7580529004346608e-09 2.0768009377305838e-09 1.6697508200518598e-09 3.9162449922691357e-09 1.1458451747189007e-09 9.4753123015317775e-10 7.6605033920400898e-10 5.8464062320243370e-10 3.4487206222940674e-10 
4.3233387832797331e-09 2.2364683742271512e-09 1.6981331602644315e-09 1.3764708006006390e-09 1.1458451747189007e-09 3.5011802900258551e-09 8.0604128588228912e-10 6.6260140955633800e-10 5.1922420819391186e-10 3.3031380471989484e-10 
3.4036582990800272e-09 1.7907124952586651e-09 1.3744788026739825e-09 1.1257646609327966e-09 9.4753123015317775e-10 8.0604128588228912e-10 3.2234894026765685e-09 5.7412123793518950e-10 4.6320495691701016e-10 3.1769964675920117e-10 
2.5626781042545211e-09 1.3830075320062500e-09 1.0784047867230824e-09 8.9638897716198039e-10 7.6605033920400898e-10 6.6260140955633800e-10 5.7412123793518950e-10 3.0315855027106850e-09 4.1196880824891572e-10 3.0599050879536389e-10 
1.7218319709868791e-09 9.7538861172754468e-10 7.8240351317627908e-10 6.6708079218195733e-10 5.8464062320243370e-10 5.1922420819391186e-10 4.6320495691701016e-10 4.1196880824891572e-10 2.8995018522272251e-09 2.9459614891139139e-10 
6.0063609104896083e-10 4.3326117736354496e-10 3.8946536059470358e-10 3.6328482691964389e-10 3.4487206222940674e-10 3.3031380471989484e-10 3.1769964675920117e-10 3.0599050879536389e-10 2.9459614891139139e-10 2.8211066056254131e-09 
