z(iz=00)            wb(ip=00)           h(ip=01)           wm(ip=02)            ns(ip=03) 
1.2060000000e+00        0.022489890000000005        0.67        0.14364800000000003        0.96
   k(h/Mpc)      Pk/s8^2(Mpc/h)^3 
7.0355977186e-06 4.9209514404e+01
7.5206098700e-06 5.2461743592e+01
8.0390564108e-06 5.5928903826e+01
8.5932442744e-06 5.9625211417e+01
9.1856354629e-06 6.3565795368e+01
9.8188638731e-06 6.7766798570e+01
1.0495745300e-05 7.2245432398e+01
1.1219289263e-05 7.7020042527e+01
1.1992711734e-05 8.2110179754e+01
1.2819450603e-05 8.7536687607e+01
1.3703183868e-05 9.3321806171e+01
1.4647837816e-05 9.9489209315e+01
1.5657613403e-05 1.0606415965e+02
1.6736999896e-05 1.1307357849e+02
1.7890795789e-05 1.2054616174e+02
1.9124130631e-05 1.2851249984e+02
2.0442488676e-05 1.3700520746e+02
2.1851728889e-05 1.4605902769e+02
2.3358117687e-05 1.5571101595e+02
2.4968352591e-05 1.6600066281e+02
2.6689593142e-05 1.7697006088e+02
2.8529490010e-05 1.8866405719e+02
3.0496221370e-05 2.0113044887e+02
3.2598534744e-05 2.1442020953e+02
3.4845776099e-05 2.2858763135e+02
3.7247933506e-05 2.4369055537e+02
3.9815688069e-05 2.5979064270e+02
4.2560455768e-05 2.7695358346e+02
4.5494442020e-05 2.9524938013e+02
4.8630685342e-05 3.1475255703e+02
5.1983130106e-05 3.3554254455e+02
5.5566681112e-05 3.5770394270e+02
5.9397272707e-05 3.8132686728e+02
6.3491934270e-05 4.0650726526e+02
6.7868866609e-05 4.3334728861e+02
7.2547532909e-05 4.6195574737e+02
7.7548735135e-05 4.9244846297e+02
8.2894701336e-05 5.2494867820e+02
8.8609194791e-05 5.5958758868e+02
9.4717637694e-05 5.9650494978e+02
1.0124716937e-04 6.3584927579e+02
1.0822682816e-04 6.7777877552e+02
1.1568764603e-04 7.2246174749e+02
1.2366278679e-04 7.7007722787e+02
1.3218770619e-04 8.2081575704e+02
1.4130031923e-04 8.7488017688e+02
1.5104110935e-04 9.3248607229e+02
1.6145341215e-04 9.9386323558e+02
1.7258350272e-04 1.0592559540e+03
1.8448085757e-04 1.1289243159e+03
1.9719838747e-04 1.2031453231e+03
2.1079262660e-04 1.2822137273e+03
2.2532400908e-04 1.3664433511e+03
2.4085713085e-04 1.4561682897e+03
2.5746106985e-04 1.5517444097e+03
2.7520960430e-04 1.6535502130e+03
2.9418169288e-04 1.7619891524e+03
3.1446164940e-04 1.8774901254e+03
3.3613966662e-04 2.0005098944e+03
3.5931204911e-04 2.1315337595e+03
3.8408191176e-04 2.2710787719e+03
4.1055929614e-04 2.4196935384e+03
4.3886195635e-04 2.5779616727e+03
4.6911570826e-04 2.7465026283e+03
5.0145509886e-04 2.9259741470e+03
5.3602381376e-04 3.1170730344e+03
5.7297560852e-04 3.3205385869e+03
6.1247474514e-04 3.5371529693e+03
6.5469677793e-04 3.7677431629e+03
6.9982954301e-04 4.0131835701e+03
7.4807356577e-04 4.2743949049e+03
7.9964339966e-04 4.5523474935e+03
8.5476832464e-04 4.8480602728e+03
9.1369333677e-04 5.1626003792e+03
9.7668042872e-04 5.4970830576e+03
1.0440096958e-03 5.8526691068e+03
1.1159804417e-03 6.2305604799e+03
1.1929126922e-03 6.6319957660e+03
1.2751482427e-03 7.0582404887e+03
1.3630529866e-03 7.5105807742e+03
1.4570176136e-03 7.9903046776e+03
1.5574598219e-03 8.4986869101e+03
1.6648261808e-03 9.0369667096e+03
1.7795939930e-03 9.6063203093e+03
1.9022736233e-03 1.0207830164e+04
2.0334103610e-03 1.0842446539e+04
2.1735872142e-03 1.1510949081e+04
2.3234274704e-03 1.2213903922e+04
2.4835972581e-03 1.2951619516e+04
2.6548085734e-03 1.3724105892e+04
2.8378227726e-03 1.4531039880e+04
3.0334533658e-03 1.5371733692e+04
3.2425699755e-03 1.6245117154e+04
3.4661025274e-03 1.7149729779e+04
3.7050447427e-03 1.8083718260e+04
3.9604585618e-03 1.9044843953e+04
4.2334804311e-03 2.0030499443e+04
4.5253229327e-03 2.1037706185e+04
4.8372847959e-03 2.2063136571e+04
5.1707518287e-03 2.3103094857e+04
5.5272071622e-03 2.4153518602e+04
5.9082354419e-03 2.5209947845e+04
6.3155302778e-03 2.6267493314e+04
6.7509030923e-03 2.7320796385e+04
7.2162891738e-03 2.8363970882e+04
7.7137574553e-03 2.9390543223e+04
8.2455193624e-03 3.0393377086e+04
8.8139399886e-03 3.1364587322e+04
9.4215450808e-03 3.2295428899e+04
1.0071036406e-02 3.3176181434e+04
1.0765301995e-02 3.3996007701e+04
1.1507427320e-02 3.4742810194e+04
1.2300713919e-02 3.5403116968e+04
1.3148685917e-02 3.5962028100e+04
1.4055115171e-02 3.6403333983e+04
1.5024030581e-02 3.6709895275e+04
1.6059739515e-02 3.6864449179e+04
1.7166847363e-02 3.6850955307e+04
1.8350275233e-02 3.6656510853e+04
1.9615285099e-02 3.6273654291e+04
2.0967502147e-02 3.5702590855e+04
2.2412935272e-02 3.4952637266e+04
2.3958012462e-02 3.4042172613e+04
2.5609601289e-02 3.2996786919e+04
2.7375046164e-02 3.1845955000e+04
2.9262196273e-02 3.0619192517e+04
3.1279440969e-02 2.9342793060e+04
3.3435747027e-02 2.8037907162e+04
3.5740699619e-02 2.6720111438e+04
3.8204550743e-02 2.5400110490e+04
4.0838252753e-02 2.4085022577e+04
4.3653514236e-02 2.2779731028e+04
4.6478152275e-02 2.1564415758e+04
4.9302790314e-02 2.0434350220e+04
5.2127432078e-02 1.9381538303e+04
5.4952070117e-02 1.8399112616e+04
5.7776708156e-02 1.7481123712e+04
6.0601349920e-02 1.6622356256e+04
6.3425987959e-02 1.5818186634e+04
6.6250629723e-02 1.5064468068e+04
6.9075264037e-02 1.4357450524e+04
7.1899905801e-02 1.3693715532e+04
7.4724547565e-02 1.3070143931e+04
7.7549181879e-02 1.2483871773e+04
8.0373823643e-02 1.1932261276e+04
8.3198465407e-02 1.1412888062e+04
8.6023099720e-02 1.0923515494e+04
8.8847741485e-02 1.0462075803e+04
9.1672383249e-02 1.0026663592e+04
9.5292858779e-02 9.5038321883e+03
9.8913334310e-02 9.0174839923e+03
1.0253380984e-01 8.5645489346e+03
1.0615429282e-01 8.1422468830e+03
1.0977476835e-01 7.7480617074e+03
1.1339524388e-01 7.3797097651e+03
1.1701571941e-01 7.0351198151e+03
1.2063620240e-01 6.7124102761e+03
1.2425667793e-01 6.4098728135e+03
1.2787716091e-01 6.1259507365e+03
1.3149763644e-01 5.8592287034e+03
1.3511811197e-01 5.6084148314e+03
1.3873858750e-01 5.3723307910e+03
1.4235906303e-01 5.1499002168e+03
1.4597953856e-01 4.9401388381e+03
1.4960001409e-01 4.7421456648e+03
1.5322048962e-01 4.5550950573e+03
1.5684096515e-01 4.3782296330e+03
1.6046145558e-01 4.2108532157e+03
1.6408193111e-01 4.0523278298e+03
1.6770240664e-01 3.9020644302e+03
1.7132288217e-01 3.7595210589e+03
1.7494335771e-01 3.6241979766e+03
1.7856383324e-01 3.4956339141e+03
1.8218430877e-01 3.3734026801e+03
1.8580478430e-01 3.2571101135e+03
1.8942527473e-01 3.1463908827e+03
1.9304575026e-01 3.0409077838e+03
1.9666622579e-01 2.9403467559e+03
2.0028670132e-01 2.8444166822e+03
2.0390717685e-01 2.7528470627e+03
2.0752765238e-01 2.6653863347e+03
2.1114812791e-01 2.5818003453e+03
2.1476860344e-01 2.5018709560e+03
2.1838907898e-01 2.4253947792e+03
2.2200956941e-01 2.3521817317e+03
2.2563004494e-01 2.2820551704e+03
2.2925052047e-01 2.2148491270e+03
2.3287099600e-01 2.1504086501e+03
2.3649147153e-01 2.0885886911e+03
2.4011194706e-01 2.0292533717e+03
2.4373242259e-01 1.9722753113e+03
2.4735289812e-01 1.9175350078e+03
2.5097337365e-01 1.8649202719e+03
2.5459384918e-01 1.8143257079e+03
2.5821432471e-01 1.7656522330e+03
2.6183480024e-01 1.7188066379e+03
2.6545527577e-01 1.6737011822e+03
2.6907578111e-01 1.6302528680e+03
2.7269625664e-01 1.5883845129e+03
2.7631673217e-01 1.5480222868e+03
2.7993720770e-01 1.5090968609e+03
2.8355768323e-01 1.4715427716e+03
2.8717815876e-01 1.4352981692e+03
2.9079863429e-01 1.4003045845e+03
2.9441910982e-01 1.3665067131e+03
2.9803958535e-01 1.3338522154e+03
3.0166006088e-01 1.3022915306e+03
3.0528053641e-01 1.2717777039e+03
3.0890101194e-01 1.2422662270e+03
3.1252148747e-01 1.2137148883e+03
3.1614196301e-01 1.1860836343e+03
3.1976243854e-01 1.1593344407e+03
3.2338291407e-01 1.1334311919e+03
3.2700338960e-01 1.1083395685e+03
3.3062389493e-01 1.0840267462e+03
3.3424437046e-01 1.0604620916e+03
3.3786484599e-01 1.0376158709e+03
3.4148532152e-01 1.0154599710e+03
3.4510579705e-01 9.9396761651e+02
3.4872627258e-01 9.7311329500e+02
3.5234674811e-01 9.5287268738e+02
3.5596722364e-01 9.3322260219e+02
3.5958769917e-01 9.1414091425e+02
3.6320817471e-01 8.9560650727e+02
3.6682865024e-01 8.7759921975e+02
3.7044912577e-01 8.6009979425e+02
3.7406960130e-01 8.4308982992e+02
3.7769007683e-01 8.2655173768e+02
3.8131055236e-01 8.1046869809e+02
3.8493102789e-01 7.9482462194e+02
3.8855153322e-01 7.7960398931e+02
3.9217200875e-01 7.6479231214e+02
3.9579248428e-01 7.5037534975e+02
3.9941295981e-01 7.3633958213e+02
4.0303343535e-01 7.2267205355e+02
4.0665391088e-01 7.0936034495e+02
4.1027438641e-01 6.9639254773e+02
4.1389486194e-01 6.8375723911e+02
4.1751533747e-01 6.7144345882e+02
4.2113581300e-01 6.5944068705e+02
4.2475628853e-01 6.4773882366e+02
4.2837676406e-01 6.3632816844e+02
4.3199723959e-01 6.2519940253e+02
4.3561771512e-01 6.1434357074e+02
4.3923819065e-01 6.0375206484e+02
4.4285866618e-01 5.9341660780e+02
4.4647914171e-01 5.8332923869e+02
4.5009964704e-01 5.7348221847e+02
4.5372012258e-01 5.6386833872e+02
4.5734059811e-01 5.5448042257e+02
4.6096107364e-01 5.4531163871e+02
4.6458154917e-01 5.3635540786e+02
4.6820202470e-01 5.2760539176e+02
4.7182250023e-01 5.1905548281e+02
4.7544297576e-01 5.1069979420e+02
4.7906345129e-01 5.0253265045e+02
4.8268392682e-01 4.9454857852e+02
4.8630440235e-01 4.8674229929e+02
4.8992487788e-01 4.7910871946e+02
4.9354535341e-01 4.7164292383e+02
4.9716582894e-01 4.6434016802e+02
5.0078630447e-01 4.5719587137e+02
5.0440680981e-01 4.5020555349e+02
5.0802725554e-01 4.4336511237e+02
5.1164776087e-01 4.3667019473e+02
5.1526820660e-01 4.3011703195e+02
5.1888871193e-01 4.2370155254e+02
5.2250915766e-01 4.1742024028e+02
5.2612966299e-01 4.1126928394e+02
5.2975010872e-01 4.0524540005e+02
5.3337061405e-01 3.9934501796e+02
5.3699105978e-01 3.9356506911e+02
5.4061156511e-01 3.8790220548e+02
5.4423207045e-01 3.8235346663e+02
5.4785251617e-01 3.7691598202e+02
5.5147302151e-01 3.7158670720e+02
5.5509346724e-01 3.6636304249e+02
5.5871397257e-01 3.6124212756e+02
5.6233441830e-01 3.5622152641e+02
5.6595492363e-01 3.5129854965e+02
5.6957536936e-01 3.4647091299e+02
5.7319587469e-01 3.4173608586e+02
5.7681632042e-01 3.3709192475e+02
5.8043682575e-01 3.3253604679e+02
6.2843209505e-01 2.7953945529e+02
7.6756852865e-01 1.7938904122e+02
9.3751013279e-01 1.1410842213e+02
1.1450772285e+00 7.1990905952e+01
1.3986002207e+00 4.5072907599e+01
1.7082554102e+00 2.8018881283e+01
2.0864677429e+00 1.7301797257e+01
2.5484168529e+00 1.0617718062e+01
3.1126427650e+00 6.4782144479e+00
3.8017895222e+00 3.9313223333e+00
4.6435198784e+00 2.3738040192e+00
5.6716070175e+00 1.4266935446e+00
