2.232439620956e-07 7.555017196811e-08 1.400031574311e-08 1.753018292378e-09 1.563569168295e-10 9.192244995575e-12 3.044319962023e-13 4.297164963094e-15 1.410787757405e-17 1.698490066934e-21 
7.555017196811e-08 2.012610648186e-07 9.652560373527e-08 2.850024048801e-08 5.291876311044e-09 6.218573393566e-10 4.168745246490e-11 1.244434750492e-12 9.264053193375e-15 2.962051948488e-18 
1.400031574311e-08 9.652560373527e-08 1.669077440971e-07 8.903605547953e-08 3.208421632110e-08 6.841654204836e-09 8.154881262265e-10 4.418969483820e-11 6.414644982981e-13 4.788149807935e-16 
1.753018292378e-09 2.850024048801e-08 8.903605547953e-08 1.433839537569e-07 7.824449037035e-08 3.001411591116e-08 6.263986342385e-09 5.941641182653e-10 1.595109621722e-11 2.633399177141e-14 
1.563569168295e-10 5.291876311044e-09 3.208421632110e-08 7.824449037035e-08 1.259423200426e-07 6.758771080812e-08 2.508657199194e-08 4.241351873116e-09 2.123180989341e-10 7.716423725644e-13 
9.192244995575e-12 6.218573393566e-10 6.841654204836e-09 3.001411591116e-08 6.758771080812e-08 1.127045600917e-07 5.714006153769e-08 1.800664577489e-08 1.771503633762e-09 1.489316616713e-11 
3.044319962023e-13 4.168745246490e-11 8.154881262265e-10 6.263986342385e-09 2.508657199194e-08 5.714006153769e-08 1.010915303769e-07 4.566039660971e-08 9.636003035698e-09 2.092605350526e-10 
4.297164963094e-15 1.244434750492e-12 4.418969483820e-11 5.941641182653e-10 4.241351873116e-09 1.800664577489e-08 4.566039660971e-08 9.031734026960e-08 3.221571054091e-08 2.185425123918e-09 
1.410787757405e-17 9.264053193375e-15 6.414644982981e-13 1.595109621722e-11 2.123180989341e-10 1.771503633762e-09 9.636003035698e-09 3.221571054091e-08 7.986677687603e-08 1.559547774400e-08 
1.698490066934e-21 2.962051948488e-18 4.788149807935e-16 2.633399177141e-14 7.716423725644e-13 1.489316616713e-11 2.092605350526e-10 2.185425123918e-09 1.559547774400e-08 6.080902573348e-08 
