1.289642542563e-07 4.256552752279e-08 8.123051112099e-09 1.032528483415e-09 9.270720909451e-11 5.448507451316e-12 1.798851049754e-13 2.507329045819e-15 8.084884887964e-18 9.450828989285e-22 
4.256552752279e-08 1.281917683253e-07 5.666746505082e-08 1.687409216255e-08 3.138292859656e-09 3.680859560817e-10 2.451152334614e-11 7.206259869456e-13 5.283833587814e-15 1.637505307450e-18 
8.123051112099e-09 5.666746505082e-08 1.102626188205e-07 5.281003608586e-08 1.900839199928e-08 4.039469543817e-09 4.765295154330e-10 2.544568869948e-11 3.640529778266e-13 2.631515292189e-16 
1.032528483415e-09 1.687409216255e-08 5.281003608586e-08 9.646172350581e-08 4.626700068274e-08 1.763314085925e-08 3.634908314594e-09 3.404862144318e-10 8.999534582802e-12 1.439204584938e-14 
9.270720909451e-11 3.138292859656e-09 1.900839199928e-08 4.626700068274e-08 8.571436798520e-08 3.938584925746e-08 1.445430653366e-08 2.417923428907e-09 1.189266658672e-10 4.192983970687e-13 
5.448507451316e-12 3.680859560817e-10 4.039469543817e-09 1.763314085925e-08 3.938584925746e-08 7.698412426259e-08 3.270172358152e-08 1.019283036118e-08 9.834718124260e-10 8.038939884413e-12 
1.798851049754e-13 2.451152334614e-11 4.765295154330e-10 3.634908314594e-09 1.445430653366e-08 3.270172358152e-08 6.957705507303e-08 2.556817318361e-08 5.292588805213e-09 1.119355572760e-10 
2.507329045819e-15 7.206259869456e-13 2.544568869948e-11 3.404862144318e-10 2.417923428907e-09 1.019283036118e-08 2.556817318361e-08 6.247524448545e-08 1.746652255790e-08 1.151962146505e-09 
8.084884887964e-18 5.283833587814e-15 3.640529778266e-13 8.999534582802e-12 1.189266658672e-10 9.834718124260e-10 5.292588805213e-09 1.746652255790e-08 5.564937722382e-08 8.006215285912e-09 
9.450828989285e-22 1.637505307450e-18 2.631515292189e-16 1.439204584938e-14 4.192983970687e-13 8.038939884413e-12 1.119355572760e-10 1.151962146505e-09 8.006215285912e-09 4.432394090519e-08 
