8.105785580638e-08 2.412354179846e-08 4.783003888401e-09 6.243255820674e-10 5.711739749631e-11 3.403959245509e-12 1.134797693214e-13 1.591238096954e-15 5.138232737428e-18 5.950157860538e-22 
2.412354179846e-08 8.672078992209e-08 3.404506012800e-08 1.033764015276e-08 1.951035713517e-09 2.313492161011e-10 1.551439014119e-11 4.579965882373e-13 3.353504438438e-15 1.028632478540e-18 
4.783003888401e-09 3.404506012800e-08 7.835015650852e-08 3.271267185683e-08 1.190313908887e-08 2.549320163683e-09 3.022713108515e-10 1.617759499552e-11 2.306558406852e-13 1.648902981474e-16 
6.243255820674e-10 1.033764015276e-08 3.271267185683e-08 7.088724369353e-08 2.914419107928e-08 1.116443255269e-08 2.309278314986e-09 2.163582808719e-10 5.690734724054e-12 8.990992635459e-15 
5.711739749631e-11 1.951035713517e-09 1.190313908887e-08 2.914419107928e-08 6.459196617202e-08 2.500145110541e-08 9.189430427437e-09 1.534294683093e-09 7.502994890143e-11 2.609722080309e-13 
3.403959245509e-12 2.313492161011e-10 2.549320163683e-09 1.116443255269e-08 2.500145110541e-08 5.921541029015e-08 2.077463684251e-08 6.452402036204e-09 6.186366771432e-10 4.979701845121e-12 
1.134797693214e-13 1.551439014119e-11 3.022713108515e-10 2.309278314986e-09 9.189430427437e-09 2.077463684251e-08 5.441915686347e-08 1.612952615012e-08 3.314449193675e-09 6.889099000134e-11 
1.591238096954e-15 4.579965882373e-13 1.617759499552e-11 2.163582808719e-10 1.534294683093e-09 6.452402036204e-09 1.612952615012e-08 4.971174399683e-08 1.085319577156e-08 7.022248696618e-10 
5.138232737428e-18 3.353504438438e-15 2.306558406852e-13 5.690734724054e-12 7.502994890143e-11 6.186366771432e-10 3.314449193675e-09 1.085319577156e-08 4.502071640392e-08 4.807211922059e-09 
5.950157860538e-22 1.028632478540e-18 1.648902981474e-16 8.990992635459e-15 2.609722080309e-13 4.979701845121e-12 6.889099000134e-11 7.022248696618e-10 4.807211922059e-09 3.761374747723e-08 
