1.612032547827e-07 5.415133966042e-08 1.018532791155e-08 1.283512518581e-09 1.146787129560e-10 6.721567783472e-12 2.218631145185e-13 3.098982177997e-15 1.003737828116e-17 1.188603697594e-21 
5.415133966042e-08 1.538506199049e-07 7.058157059163e-08 2.090131697661e-08 3.874938629497e-09 4.538882017183e-10 3.026014273648e-11 8.917218981354e-13 6.577295834120e-15 2.063413580925e-18 
1.018532791155e-08 7.058157059163e-08 1.299103096292e-07 6.525184424171e-08 2.344450410472e-08 4.982900283166e-09 5.888465002254e-10 3.153262691454e-11 4.543966691475e-13 3.322018305291e-16 
1.283512518581e-09 2.090131697661e-08 6.525184424171e-08 1.124038624421e-07 5.705647529705e-08 2.177140255638e-08 4.496509294980e-09 4.227729329824e-10 1.126306215388e-11 1.820526827079e-14 
1.146787129560e-10 3.874938629497e-09 2.344450410472e-08 5.705647529705e-08 9.919256575315e-08 4.868898690506e-08 1.790893208754e-08 3.010551814788e-09 1.492428852485e-10 5.317157573245e-13 
6.721567783472e-12 4.538882017183e-10 4.982900283166e-09 2.177140255638e-08 4.868898690506e-08 8.860919353819e-08 4.063067805285e-08 1.273744158948e-08 1.237728653460e-09 1.022782605409e-11 
2.218631145185e-13 3.026014273648e-11 5.888465002254e-10 4.496509294980e-09 1.790893208754e-08 4.063067805285e-08 7.983789087892e-08 3.208877447375e-08 6.683686385575e-09 1.430740455373e-10 
3.098982177997e-15 8.917218981354e-13 3.153262691454e-11 4.227729329824e-10 3.010551814788e-09 1.273744158948e-08 3.208877447375e-08 7.141644818560e-08 2.217555550588e-08 1.482558772017e-09 
1.003737828116e-17 6.577295834120e-15 4.543966691475e-13 1.126306215388e-11 1.492428852485e-10 1.237728653460e-09 6.683686385575e-09 2.217555550588e-08 6.339749302908e-08 1.040363151262e-08 
1.188603697594e-21 2.063413580925e-18 3.322018305291e-16 1.820526827079e-14 5.317157573245e-13 1.022782605409e-11 1.430740455373e-10 1.482558772017e-09 1.040363151262e-08 4.931123035772e-08 
