2.575832641393e-09 5.901278007965e-11 6.708788462099e-11 7.195709511376e-11 7.545240242226e-11 7.823124711030e-11 8.061253345476e-11 8.280468438287e-11 8.502933864283e-11 8.807479706393e-11 
5.901278007965e-11 2.645569100149e-09 1.297336689714e-10 1.439361200006e-10 1.541345792334e-10 1.622312326699e-10 1.691697795997e-10 1.755576784034e-10 1.820403510581e-10 1.909157472188e-10 
6.708788462099e-11 1.297336689714e-10 2.702873765476e-09 1.878359594653e-10 2.049238764218e-10 2.184427658329e-10 2.300111759017e-10 2.406618993148e-10 2.514713397276e-10 2.662713248528e-10 
7.195709511376e-11 1.439361200006e-10 1.878359594653e-10 2.758660138582e-09 2.449496267825e-10 2.646802028537e-10 2.814820557453e-10 2.969248951512e-10 3.125983422136e-10 3.340602519655e-10 
7.545240242226e-11 1.541345792334e-10 2.049238764218e-10 2.449496267825e-10 2.816250959280e-09 3.048371074966e-10 3.279110706397e-10 3.489966677756e-10 3.703665993496e-10 3.996367730132e-10 
7.823124711030e-11 1.622312326699e-10 2.184427658329e-10 2.646802028537e-10 3.048371074966e-10 2.878234245344e-09 3.702740074174e-10 3.980793009516e-10 4.260591189481e-10 4.643676163399e-10 
8.061253345476e-11 1.691697795997e-10 2.300111759017e-10 2.814820557453e-10 3.279110706397e-10 3.702740074174e-10 2.947609901350e-09 4.453190920754e-10 4.812831175146e-10 5.301161439234e-10 
8.280468438287e-11 1.755576784034e-10 2.406618993148e-10 2.969248951512e-10 3.489966677756e-10 3.980793009516e-10 4.453190920754e-10 3.030415047648e-09 5.389836275343e-10 6.005808197342e-10 
8.502933864283e-11 1.820403510581e-10 2.514713397276e-10 3.125983422136e-10 3.703665993496e-10 4.260591189481e-10 4.812831175146e-10 5.389836275343e-10 3.141603090608e-09 6.848297661593e-10 
8.807479706393e-11 1.909157472188e-10 2.662713248528e-10 3.340602519655e-10 3.996367730132e-10 4.643676163399e-10 5.301161439234e-10 6.005808197342e-10 6.848297661593e-10 3.359352032582e-09 
