2.544520683351e-09 1.021506667198e-11 1.187125150271e-11 1.287322345903e-11 1.359234018023e-11 1.416402826188e-11 1.465393308454e-11 1.510492799911e-11 1.556261000932e-11 1.618918349440e-11 
1.021506667198e-11 2.558877972230e-09 2.565170230501e-11 2.898895560610e-11 3.138503844575e-11 3.328632666198e-11 3.491570129228e-11 3.641580803148e-11 3.793817599028e-11 4.002250777934e-11 
1.187125150271e-11 2.565170230501e-11 2.572646040392e-09 4.008520654239e-11 4.441435565878e-11 4.783505376525e-11 5.076123631938e-11 5.345539287977e-11 5.618974839721e-11 5.993365878634e-11 
1.287322345903e-11 2.898895560610e-11 4.008520654239e-11 2.587078009374e-09 5.520092721196e-11 6.046208356399e-11 6.493731615185e-11 6.904962989174e-11 7.322347624591e-11 7.893898755661e-11 
1.359234018023e-11 3.138503844575e-11 4.441435565878e-11 5.520092721196e-11 2.602719501688e-09 7.173650666525e-11 7.812310103581e-11 8.395500083913e-11 8.986519862595e-11 9.796073299468e-11 
1.416402826188e-11 3.328632666198e-11 4.783505376525e-11 6.046208356399e-11 7.173650666525e-11 2.620126874344e-09 9.032933198979e-11 9.823402463718e-11 1.061870525386e-10 1.170769051354e-10 
1.465393308454e-11 3.491570129228e-11 5.076123631938e-11 6.493731615185e-11 7.812310103581e-11 9.032933198979e-11 2.640059355766e-09 1.120637810811e-10 1.224862777217e-10 1.366486430611e-10 
1.510492799911e-11 3.641580803148e-11 5.345539287977e-11 6.904962989174e-11 8.395500083913e-11 9.823402463718e-11 1.120637810811e-10 2.664192269258e-09 1.394965792880e-10 1.576356842895e-10 
1.556261000932e-11 3.793817599028e-11 5.618974839721e-11 7.322347624591e-11 8.986519862595e-11 1.061870525386e-10 1.224862777217e-10 1.394965792880e-10 2.696753558119e-09 1.824732066183e-10 
1.618918349440e-11 4.002250777934e-11 5.993365878634e-11 7.893898755661e-11 9.796073299468e-11 1.170769051354e-10 1.366486430611e-10 1.576356842895e-10 1.824732066183e-10 2.760040988689e-09 
