2.559355752660e-09 3.388054083939e-11 3.883599260122e-11 4.182691275049e-11 4.397383542564e-11 4.568067115524e-11 4.714332014009e-11 4.848979778972e-11 4.985623997318e-11 5.172687412011e-11 
3.388054083939e-11 2.602209641434e-09 7.820676323451e-11 8.731714616601e-11 9.385945357378e-11 9.905304403613e-11 1.035037869089e-10 1.076013324437e-10 1.117596729762e-10 1.174529049310e-10 
3.883599260122e-11 7.820676323451e-11 2.639217204321e-09 1.160760491113e-10 1.272663402678e-10 1.361180680564e-10 1.436924135556e-10 1.506659694587e-10 1.577434570870e-10 1.674338492286e-10 
4.182691275049e-11 8.731714616601e-11 1.160760491113e-10 2.675935361423e-09 1.538644056948e-10 1.669356011670e-10 1.780658738493e-10 1.882960774689e-10 1.986790939346e-10 2.128968205136e-10 
4.397383542564e-11 9.385945357378e-11 1.272663402678e-10 1.538644056948e-10 2.714220762664e-09 1.937895616085e-10 2.091765404446e-10 2.232391948810e-10 2.374922388785e-10 2.570144647773e-10 
4.568067115524e-11 9.905304403613e-11 1.361180680564e-10 1.669356011670e-10 1.937895616085e-10 2.755630694457e-09 2.375687035895e-10 2.561743142021e-10 2.749039874843e-10 3.005489546401e-10 
4.714332014009e-11 1.035037869089e-10 1.436924135556e-10 1.780658738493e-10 2.091765404446e-10 2.375687035895e-10 2.802062954423e-09 2.878012812139e-10 3.118980754252e-10 3.446424961342e-10 
4.848979778972e-11 1.076013324437e-10 1.506659694587e-10 1.882960774689e-10 2.232391948810e-10 2.561743142021e-10 2.878012812139e-10 2.857402711799e-09 3.503527557736e-10 3.916791247999e-10 
4.985623997318e-11 1.117596729762e-10 1.577434570870e-10 1.986790939346e-10 2.374922388785e-10 2.749039874843e-10 3.118980754252e-10 3.503527557736e-10 2.931307442135e-09 4.473628197612e-10 
5.172687412011e-11 1.174529049310e-10 1.674338492286e-10 2.128968205136e-10 2.570144647773e-10 3.005489546401e-10 3.446424961342e-10 3.916791247999e-10 4.473628197612e-10 3.074299243928e-09 
