2.553644112169e-09 2.492225859056e-11 2.868436763530e-11 3.095639310882e-11 3.258723367450e-11 3.388376715031e-11 3.499481552742e-11 3.601761897296e-11 3.705558781180e-11 3.847655901711e-11 
2.492225859056e-11 2.586200918886e-09 5.896703627647e-11 6.606029988195e-11 7.115405005438e-11 7.519737069830e-11 7.866238239260e-11 8.185243536377e-11 8.508982051351e-11 8.952218779288e-11 
2.868436763530e-11 5.896703627647e-11 2.615132732874e-09 8.875161105824e-11 9.758350429075e-11 1.045683134337e-10 1.105448672732e-10 1.160474042674e-10 1.216319639035e-10 1.292783010690e-10 
3.095639310882e-11 6.606029988195e-11 8.875161105824e-11 2.644219743205e-09 1.188062551420e-10 1.292155048198e-10 1.380777355889e-10 1.462230590341e-10 1.544900896403e-10 1.658104070228e-10 
3.258723367450e-11 7.115405005438e-11 9.758350429075e-11 1.188062551420e-10 2.674804072016e-09 1.507904051279e-10 1.631219129670e-10 1.743909958013e-10 1.858126916824e-10 2.014569519624e-10 
3.388376715031e-11 7.519737069830e-11 1.045683134337e-10 1.292155048198e-10 1.507904051279e-10 2.708069831190e-09 1.860245417927e-10 2.009994299227e-10 2.160750166473e-10 2.367169846447e-10 
3.499481552742e-11 7.866238239260e-11 1.105448672732e-10 1.380777355889e-10 1.631219129670e-10 1.860245417927e-10 2.745497658422e-09 2.265630846934e-10 2.460151860835e-10 2.724513869451e-10 
3.601761897296e-11 8.185243536377e-11 1.160474042674e-10 1.462230590341e-10 1.743909958013e-10 2.009994299227e-10 2.265630846934e-10 2.790191005352e-09 2.771101375840e-10 3.105323153859e-10 
3.705558781180e-11 8.508982051351e-11 1.216319639035e-10 1.544900896403e-10 1.858126916824e-10 2.160750166473e-10 2.460151860835e-10 2.771101375840e-10 2.849871158622e-09 3.554781033957e-10 
3.847655901711e-11 8.952218779288e-11 1.292783010690e-10 1.658104070228e-10 2.014569519624e-10 2.367169846447e-10 2.724513869451e-10 3.105323153859e-10 3.554781033957e-10 2.965092414809e-09 
