9.655039001759e-08 3.031273546888e-08 5.918272930781e-09 7.637675451764e-10 6.932976241227e-11 4.102916052557e-12 1.360814358465e-13 1.903309530778e-15 6.115236676531e-18 7.116611273864e-22 
3.031273546888e-08 1.007904117098e-07 4.176702769083e-08 1.257650566220e-08 2.358070071262e-09 2.779033556727e-10 1.858494525830e-11 5.465754720314e-13 3.993237826916e-15 1.229853413803e-18 
5.918272930781e-09 4.176702769083e-08 8.927311550393e-08 3.960983389063e-08 1.432808980124e-08 3.056794275852e-09 3.616421297587e-10 1.927272788265e-11 2.750305312907e-13 1.970015044566e-16 
7.637675451764e-10 1.257650566220e-08 3.960983389063e-08 7.962508326543e-08 3.497094644735e-08 1.337164785979e-08 2.757676766224e-09 2.575593066719e-10 6.795471559175e-12 1.073440969142e-14 
6.932976241227e-11 2.358070071262e-09 1.432808980124e-08 3.497094644735e-08 7.179775446574e-08 2.989263144565e-08 1.094972733634e-08 1.827390359226e-09 8.969314825217e-11 3.115191821633e-13 
4.102916052557e-12 2.779033556727e-10 3.056794275852e-09 1.337164785979e-08 2.989263144565e-08 6.517566022221e-08 2.472940117943e-08 7.698779747217e-09 7.397335118322e-10 5.949387523249e-12 
1.360814358465e-13 1.858494525830e-11 3.616421297587e-10 2.757676766224e-09 1.094972733634e-08 2.472940117943e-08 5.946107877634e-08 1.928223283854e-08 3.959836166605e-09 8.252873019004e-11 
1.903309530778e-15 5.465754720314e-13 1.927272788265e-11 2.575593066719e-10 1.827390359226e-09 7.698779747217e-09 1.928223283854e-08 5.390962689562e-08 1.296213423711e-08 8.460222122796e-10 
6.115236676531e-18 3.993237826916e-15 2.750305312907e-13 6.795471559175e-12 8.969314825217e-11 7.397335118322e-10 3.959836166605e-09 1.296213423711e-08 4.840461205651e-08 5.839969021247e-09 
7.116611273864e-22 1.229853413803e-18 1.970015044566e-16 1.073440969142e-14 3.115191821633e-13 5.949387523249e-12 8.252873019004e-11 8.460222122796e-10 5.839969021247e-09 3.970025312942e-08 
