7.515238162443e-08 2.169351638392e-08 4.331032652175e-09 5.682094788871e-10 5.224004418707e-11 3.122463430017e-12 1.043388595893e-13 1.469283366738e-15 4.736061014843e-18 5.516153104374e-22 
2.169351638392e-08 8.112912811864e-08 3.094755704916e-08 9.438570852733e-09 1.788358478207e-09 2.124280848383e-10 1.430056444775e-11 4.227329672679e-13 3.093466878434e-15 9.528145858677e-19 
4.331032652175e-09 3.094755704916e-08 7.395630896312e-08 2.996232652903e-08 1.092249705386e-08 2.344901475641e-09 2.790011091328e-10 1.491904374336e-11 2.131171065114e-13 1.524920316573e-16 
5.682094788871e-10 9.438570852733e-09 2.996232652903e-08 6.736356304623e-08 2.677987023603e-08 1.029300233793e-08 2.131767393274e-09 1.994679273144e-10 5.267041191262e-12 8.298317990295e-15 
5.224004418707e-11 1.788358478207e-09 1.092249705386e-08 2.677987023603e-08 6.173410218999e-08 2.308290773522e-08 8.475515650005e-09 1.415678070132e-09 6.952647753427e-11 2.403995369719e-13 
3.122463430017e-12 2.124280848383e-10 2.344901475641e-09 1.029300233793e-08 2.308290773522e-08 5.681424381095e-08 1.915352704690e-08 5.966371887842e-09 5.732214719070e-10 4.580871319144e-12 
1.043388595893e-13 1.430056444775e-11 2.790011091328e-10 2.131767393274e-09 8.475515650005e-09 1.915352704690e-08 5.242476748192e-08 1.494692418757e-08 3.064196300167e-09 6.336644258541e-11 
1.469283366738e-15 4.227329672679e-13 1.491904374336e-11 1.994679273144e-10 1.415678070132e-09 5.966371887842e-09 1.494692418757e-08 4.811115733976e-08 9.995213823947e-09 6.472458608201e-10 
4.736061014843e-18 3.093466878434e-15 2.131171065114e-13 5.267041191262e-12 6.952647753427e-11 5.732214719070e-10 3.064196300167e-09 9.995213823947e-09 4.368901657217e-08 4.443578546187e-09 
5.516153104374e-22 9.528145858677e-19 1.524920316573e-16 8.298317990295e-15 2.403995369719e-13 4.580871319144e-12 6.336644258541e-11 6.472458608201e-10 4.443578546187e-09 3.683000633354e-08 
