2.8836639877019000e-07 9.7544221974425112e-08 1.7987115943286255e-08 2.2542601719922035e-09 2.0195605607519989e-10 1.1946124981578819e-11 3.9963953857259364e-13 5.7059341792408942e-15 1.9041536017531163e-17 2.3729165083968000e-21 
9.7544221974425112e-08 2.5062807410210910e-07 1.2404723378541233e-07 3.6749973039233808e-08 6.8599706762689563e-09 8.1249871266269158e-10 5.5048388955154862e-11 1.6606059759120812e-12 1.2600547900381445e-14 4.1583374880415049e-18 
1.7987115943286255e-08 1.2404723378541233e-07 2.0693515560752628e-07 1.1523664145175327e-07 4.1775274034556393e-08 8.9885753562694597e-09 1.0817561887227126e-09 5.9281529038628855e-11 8.7887781874972064e-13 6.7509890916881076e-16 
2.2542601719922035e-09 3.6749973039233808e-08 1.1523664145175327e-07 1.7800746882282355e-07 1.0250618537627177e-07 3.9659982945913549e-08 8.3477455871834515e-09 8.0219837714742537e-10 2.2007880337895617e-11 3.7283629195274770e-14 
2.0195605607519989e-10 6.8599706762689563e-09 4.1775274034556393e-08 1.0250618537627177e-07 1.5717918016035149e-07 8.9818280634831925e-08 3.3633599350663954e-08 5.7723872741972627e-09 2.9497534403744264e-10 1.0971313681197136e-12 
1.1946124981578819e-11 8.1249871266269158e-10 8.9885753562694597e-09 3.9659982945913549e-08 8.9818280634831925e-08 1.4127237360759542e-07 7.7296368052103952e-08 2.4747943805287212e-08 2.4790670467117413e-09 2.1274727935580841e-11 
3.9963953857259364e-13 5.5048388955154862e-11 1.0817561887227126e-09 8.3477455871834515e-09 3.3633599350663954e-08 7.7296368052103952e-08 1.2803480739803336e-07 6.3451435882640406e-08 1.3592620973131180e-08 3.0065015904250647e-10 
5.7059341792408942e-15 1.6606059759120812e-12 5.9281529038628855e-11 8.0219837714742537e-10 5.7723872741972627e-09 2.4747943805287212e-08 6.3451435882640406e-08 1.1552815996503914e-07 4.5874418373144369e-08 3.1647001125230935e-09 
1.9041536017531163e-17 1.2600547900381445e-14 8.7887781874972064e-13 2.2007880337895617e-11 2.9497534403744264e-10 2.4790670467117413e-09 1.3592620973131180e-08 4.5874418373144369e-08 1.0270500706376971e-07 2.2826295791297253e-08 
2.3729165083968000e-21 4.1583374880415049e-18 6.7509890916881076e-16 3.7283629195274770e-14 1.0971313681197136e-12 2.1274727935580841e-11 3.0065015904250647e-10 3.1647001125230935e-09 2.2826295791297253e-08 7.6608744262940870e-08 
