9.974161721911e-08 3.155612817355e-08 6.143753223973e-09 7.913715006067e-10 7.171730974863e-11 4.240500369089e-12 1.405793772079e-13 1.963285335087e-15 6.317330000860e-18 7.337400342824e-22 
3.155612817355e-08 1.035910113362e-07 4.329462678234e-08 1.301725212847e-08 2.437565146696e-09 2.871865216180e-10 1.918236517423e-11 5.639881809848e-13 4.124976016487e-15 1.268519316066e-18 
6.143753223973e-09 4.329462678234e-08 9.142835329419e-08 4.095450083828e-08 1.480799488156e-08 3.157364543116e-09 3.730905611281e-10 1.989928355503e-11 2.839501393905e-13 2.033647745160e-16 
7.913715006067e-10 1.301725212847e-08 4.095450083828e-08 8.134823067071e-08 3.613285350308e-08 1.380054450876e-08 2.845230113250e-09 2.660450030560e-10 7.011157034299e-12 1.109349070835e-14 
7.171730974863e-11 2.437565146696e-09 1.480799488156e-08 3.613285350308e-08 7.320459599569e-08 3.083682584063e-08 1.130477248703e-08 1.887467345609e-09 9.249384592888e-11 3.223142422302e-13 
4.240500369089e-12 2.871865216180e-10 3.157364543116e-09 1.380054450876e-08 3.083682584063e-08 6.636618609969e-08 2.554589694279e-08 7.946063537937e-09 7.628764173186e-10 6.161275038844e-12 
1.405793772079e-13 1.918236517423e-11 3.730905611281e-10 2.845230113250e-09 1.130477248703e-08 2.554589694279e-08 6.047493782704e-08 1.988394346946e-08 4.088595096922e-09 8.549567305748e-11 
1.963285335087e-15 5.639881809848e-13 1.989928355503e-11 2.660450030560e-10 1.887467345609e-09 7.946063537937e-09 1.988394346946e-08 5.472859700656e-08 1.341398068154e-08 8.757472484138e-10 
6.317330000860e-18 4.124976016487e-15 2.839501393905e-13 7.011157034299e-12 9.249384592888e-11 7.628764173186e-10 4.088595096922e-09 1.341398068154e-08 4.912173812743e-08 6.036013127394e-09 
7.337400342824e-22 1.268519316066e-18 2.033647745160e-16 1.109349070835e-14 3.223142422302e-13 6.161275038844e-12 8.549567305748e-11 8.757472484138e-10 6.036013127394e-09 4.013188440197e-08 
