3.6695313417976763e-07 1.2457764251722658e-07 2.3045220199717292e-08 2.9101681658244982e-09 2.6327316108481721e-10 1.5745986919229843e-11 5.3326530131273394e-13 7.7214738434482961e-15 2.6213945262212767e-17 3.3376069450367872e-21 
1.2457764251722658e-07 3.1289392317156285e-07 1.5977072609985652e-07 4.7745926320527656e-08 9.0035365387276602e-09 1.0783661016735353e-09 7.3960364356634888e-11 2.2614959623631332e-12 1.7442760908588260e-14 5.8683217959956271e-18 
2.3045220199717292e-08 1.5977072609985652e-07 2.6008557694692628e-07 1.5080925330033316e-07 5.5203604370342268e-08 1.2005559747102776e-08 1.4619478094967510e-09 8.1177712208964972e-11 1.2222106395574402e-12 9.5601951394010285e-16 
2.9101681658244982e-09 4.7745926320527656e-08 1.5080925330033316e-07 2.2586016204201965e-07 1.3647499452750159e-07 5.3330149158048632e-08 1.1348963725293379e-08 1.1044654098485637e-09 3.0730239142347847e-11 5.3000384226932773e-14 
2.6327316108481721e-10 9.0035365387276602e-09 5.5203604370342268e-08 1.3647499452750159e-07 2.0134557261646371e-07 1.2167453228451575e-07 4.6028271898531198e-08 7.9930971225117687e-09 4.1353735234273528e-10 1.5662105232828774e-12 
1.5745986919229843e-11 1.0783661016735353e-09 1.2005559747102776e-08 5.3330149158048632e-08 1.2167453228451575e-07 1.8264219413643831e-07 1.0658219866372387e-07 3.4478338312380352e-08 3.4913942563726826e-09 3.0509733378426420e-11 
5.3326530131273394e-13 7.3960364356634888e-11 1.4619478094967510e-09 1.1348963725293379e-08 4.6028271898531198e-08 1.0658219866372387e-07 1.6700115476393658e-07 8.8965949118515173e-08 1.9261014886583623e-08 4.3321142584667363e-10 
7.7214738434482961e-15 2.2614959623631332e-12 8.1177712208964972e-11 1.1044654098485637e-09 7.9930971225117687e-09 3.4478338312380352e-08 8.8965949118515173e-08 1.5160083986109696e-07 6.5584232328603713e-08 4.5796466622630760e-09 
2.6213945262212767e-17 1.7442760908588260e-14 1.2222106395574402e-12 3.0730239142347847e-11 4.1353735234273528e-10 3.4913942563726826e-09 1.9261014886583623e-08 6.5584232328603713e-08 1.3576109737212791e-07 3.3140903934788020e-08 
3.3376069450367872e-21 5.8683217959956271e-18 9.5601951394010285e-16 5.3000384226932773e-14 1.5662105232828774e-12 3.0509733378426420e-11 4.3321142584667363e-10 4.5796466622630760e-09 3.3140903934788020e-08 9.9265183361752192e-08 
