6.323971307349e-08 1.663429549649e-08 3.377420544096e-09 4.491676687280e-10 4.172742535421e-11 2.516300667019e-12 8.480058400385e-14 1.199998599426e-15 3.899357436966e-18 4.544648984815e-22 
1.663429549649e-08 6.935940611583e-08 2.437839270185e-08 7.516041252936e-09 1.436259648240e-09 1.720806836870e-10 1.165259215240e-11 3.462182065237e-13 2.550859995699e-15 7.851860285159e-19 
3.377420544096e-09 2.437839270185e-08 6.458658234788e-08 2.400820537023e-08 8.819378334629e-09 1.906333684307e-09 2.277802737296e-10 1.225268713815e-11 1.757852914975e-13 1.257546981060e-16 
4.491676687280e-10 7.516041252936e-09 2.400820537023e-08 5.978623530993e-08 2.173618230550e-08 8.389555792574e-09 1.744574802640e-09 1.642040675594e-10 4.342933652143e-12 6.850607445743e-15 
4.172742535421e-11 1.436259648240e-09 8.819378334629e-09 2.173618230550e-08 5.551895273838e-08 1.886133785783e-08 6.958484353825e-09 1.167203463449e-09 5.730019143123e-11 1.986818425126e-13 
2.516300667019e-12 1.720806836870e-10 1.906333684307e-09 8.389555792574e-09 1.886133785783e-08 5.167105696334e-08 1.577635219568e-08 4.920509051318e-09 4.723607846011e-10 3.788708246134e-12 
8.480058400385e-14 1.165259215240e-11 2.277802737296e-10 1.744574802640e-09 6.958484353825e-09 1.577635219568e-08 4.818091013941e-08 1.231811637558e-08 2.527494374934e-09 5.238801863691e-11 
1.199998599426e-15 3.462182065237e-13 1.225268713815e-11 1.642040675594e-10 1.167203463449e-09 4.920509051318e-09 1.231811637558e-08 4.461547239112e-08 8.261490206154e-09 5.335529593620e-10 
3.899357436966e-18 2.550859995699e-15 1.757852914975e-13 4.342933652143e-12 5.730019143123e-11 4.723607846011e-10 2.527494374934e-09 8.261490206154e-09 4.098787946491e-08 3.638602145698e-09 
4.544648984815e-22 7.851860285159e-19 1.257546981060e-16 6.850607445743e-15 1.986818425126e-13 3.788708246134e-12 5.238801863691e-11 5.335529593620e-10 3.638602145698e-09 3.522322478184e-08 
