6.2508484607900248e-08 1.6334040123998469e-08 3.3209901363582967e-09 4.4210551029086456e-10 4.1096630151965853e-11 2.4809544640420331e-12 8.3547335037620159e-14 1.1840414718539160e-15 3.8454750311559104e-18 4.4858084140812645e-22 
1.6334040123998469e-08 6.8662080245175151e-08 2.3991317674225247e-08 7.4002085960365513e-09 1.4156395785381424e-09 1.6960071905543480e-10 1.1484872007980708e-11 3.4182784702916073e-13 2.5131865610118781e-15 7.7562623526343679e-19 
3.3209901363582967e-09 2.3991317674225247e-08 6.4022510816894098e-08 2.3656064238600718e-08 8.6946435588006086e-09 1.8783419252691205e-09 2.2469609978617452e-10 1.2093232371388371e-11 1.7313508033237089e-13 1.2426800152001894e-16 
4.4210551029086456e-10 7.4002085960365513e-09 2.3656064238600718e-08 5.9341075870628634e-08 2.1418874289120139e-08 8.2696770555971650e-09 1.7221530811950160e-09 1.6193232227720563e-10 4.2789304975705820e-12 6.7687660641525895e-15 
4.1096630151965853e-11 1.4156395785381424e-09 8.6946435588006086e-09 2.1418874289120139e-08 5.5123171386950837e-08 1.8612495205461662e-08 6.8683458614468480e-09 1.1500392650520169e-09 5.6504538307652304e-11 1.9619331872012228e-13 
2.4809544640420331e-12 1.6960071905543480e-10 1.8783419252691205e-09 8.2696770555971650e-09 1.8612495205461662e-08 5.1371110592531846e-08 1.5553886700922664e-08 4.8470350409938394e-09 4.6633578658573967e-10 3.7377380322497650e-12 
8.3547335037620159e-14 1.1484872007980708e-11 2.2469609978617452e-10 1.7221530811950160e-09 6.8683458614468480e-09 1.5553886700922664e-08 4.7880981795279195e-08 1.2147802629547741e-08 2.4971144577731168e-09 5.1628193650703061e-11 
1.1840414718539160e-15 3.4182784702916073e-13 1.2093232371388371e-11 1.6193232227720563e-10 1.1500392650520169e-09 4.8470350409938394e-09 1.2147802629547741e-08 4.4415783947894003e-08 8.1551286534179613e-09 5.2557083956380501e-10 
3.8454750311559104e-18 2.5131865610118781e-15 1.7313508033237089e-13 4.2789304975705820e-12 5.6504538307652304e-11 4.6633578658573967e-10 2.4971144577731168e-09 8.1551286534179613e-09 4.0800020097349346e-08 3.5913171597351088e-09 
4.4858084140812645e-22 7.7562623526343679e-19 1.2426800152001894e-16 6.7687660641525895e-15 1.9619331872012228e-13 3.7377380322497650e-12 5.1628193650703061e-11 5.2557083956380501e-10 3.5913171597351088e-09 3.5137222076608562e-08 
