3.1098552619992342e-07 1.0524180237522148e-07 1.9409432806184602e-08 2.4364862149844895e-09 2.1883105490644487e-10 1.2985123172812977e-11 4.3593931273132498e-13 6.2496375744894090e-15 2.0949406612237365e-17 2.6260237842724534e-21 
1.0524180237522148e-07 2.6817725780947451e-07 1.3400368321249487e-07 3.9784537538714877e-08 7.4474366083052389e-09 8.8492686661488688e-10 6.0168395809280910e-11 1.8220275487852488e-12 1.3881555871384313e-14 4.6077749933463120e-18 
1.9409432806184602e-08 1.3400368321249487e-07 2.2162171138411786e-07 1.2500187411546821e-07 4.5441959028116651e-08 9.8077562166572579e-09 1.1843776474575167e-09 6.5135881314315205e-11 9.6934156156211136e-13 7.4915701826063208e-16 
2.4364862149844895e-09 3.9784537538714877e-08 1.2500187411546821e-07 1.9108450772755768e-07 1.1174477693652909e-07 4.3359275919094622e-08 9.1548772803652474e-09 8.8259184140832253e-10 2.4299793736671954e-11 4.1442464433488360e-14 
2.1883105490644487e-10 7.4474366083052389e-09 4.5441959028116651e-08 1.1174477693652909e-07 1.6914087579451366e-07 9.8405560230252811e-08 3.6949371837933601e-08 6.3597512142982922e-09 3.2608729049690040e-10 1.2216831981818083e-12 
1.2985123172812977e-11 8.8492686661488688e-10 9.8077562166572579e-09 4.3359275919094622e-08 9.8405560230252811e-08 1.5235858875642227e-07 8.5073827720435237e-08 2.7308505452256663e-08 2.7449384851305936e-09 2.3731085942207461e-11 
4.3593931273132498e-13 6.0168395809280910e-11 1.1843776474575167e-09 9.1548772803652474e-09 3.6949371837933601e-08 8.5073827720435237e-08 1.3830429618567453e-07 7.0146450338508223e-08 1.5087976127904177e-08 3.3583856966960953e-10 
6.2496375744894090e-15 1.8220275487852488e-12 6.5135881314315205e-11 8.8259184140832253e-10 6.3597512142982922e-09 2.7308505452256663e-08 7.0146450338508223e-08 1.2502308439611605e-07 5.1108033494362638e-08 3.5377021827813043e-09 
2.0949406612237365e-17 1.3881555871384313e-14 9.6934156156211136e-13 2.4299793736671954e-11 3.2608729049690040e-10 2.7449384851305936e-09 1.5087976127904177e-08 5.1108033494362638e-08 1.1144555410378817e-07 2.5559220536439824e-08 
2.6260237842724534e-21 4.6077749933463120e-18 7.4915701826063208e-16 4.1442464433488360e-14 1.2216831981818083e-12 2.3731085942207461e-11 3.3583856966960953e-10 3.5377021827813043e-09 2.5559220536439824e-08 8.2787026656098831e-08 
