1.1329171631309430e-07 3.6761928958137252e-08 7.0823339569544994e-09 9.0561424746728417e-10 8.1635828148750801e-11 4.8105809339918499e-12 1.5889559834052718e-13 2.2177616190665055e-15 7.1284963558251351e-18 8.3094623032193904e-22 
3.6761928958137252e-08 1.1525362116569461e-07 4.9635530207505434e-08 1.4840134037074532e-08 2.7686950617985385e-09 3.2509003772361569e-10 2.1665504858026023e-11 6.3717558452730240e-13 4.6515924135014955e-15 1.4388449055423476e-18 
7.0823339569544994e-09 4.9635530207505434e-08 1.0033272951447439e-07 4.6557734963984123e-08 1.6785390009135597e-08 3.5685562508081302e-09 4.2142318908559078e-10 2.2471184518840104e-11 3.2023755167091348e-13 2.3094517883970903e-16 
9.0561424746728417e-10 1.4840134037074532e-08 4.6557734963984123e-08 8.8473274527485945e-08 4.0866540447767011e-08 1.5586856819681753e-08 3.2143114515362794e-09 3.0021177573012166e-10 7.9142256543864013e-12 1.2607739141082509e-14 
8.1635828148750801e-11 2.7686950617985385e-09 1.6785390009135597e-08 4.0866540447767011e-08 7.9031404467266014e-08 3.4834787275242690e-08 1.2766742620027950e-08 2.1286772157767348e-09 1.0457377307274085e-10 3.6646524731523259e-13 
4.8105809339918499e-12 3.2509003772361569e-10 3.5685562508081302e-09 1.5586856819681753e-08 3.4834787275242690e-08 7.1309745986773858e-08 2.8820479392967006e-08 8.9649950110875715e-09 8.6437255335186361e-10 7.0072228926376448e-12 
1.5889559834052718e-13 2.1665504858026023e-11 4.2142318908559078e-10 3.2143114515362794e-09 1.2766742620027950e-08 2.8820479392967006e-08 6.4600679290778084e-08 2.2482853572739035e-08 4.6427869059697746e-09 9.7292640631450596e-11 
2.2177616190665055e-15 6.3717558452730240e-13 2.2471184518840104e-11 3.0021177573012166e-10 2.1286772157767348e-09 8.9649950110875715e-09 2.2482853572739035e-08 5.8299340594257021e-08 1.5252304339632449e-08 9.9880119382004232e-10 
7.1284963558251351e-18 4.6515924135014955e-15 3.2023755167091348e-13 7.9142256543864013e-12 1.0457377307274085e-10 8.6437255335186361e-10 4.6427869059697746e-09 1.5252304339632449e-08 5.2032882629578218e-08 6.9327451798995010e-09 
8.3094623032193904e-22 1.4388449055423476e-18 2.3094517883970903e-16 1.2607739141082509e-14 3.6646524731523259e-13 7.0072228926376448e-12 9.7292640631450596e-11 9.9880119382004232e-10 6.9327451798995010e-09 4.2039634181685431e-08 
