2.715367617749e-09 2.612112664029e-10 2.917636672799e-10 3.101827131778e-10 3.234033998332e-10 3.339138820787e-10 3.429206741836e-10 3.512120680493e-10 3.596263506988e-10 3.711445260632e-10 
2.612112664029e-10 2.978576621961e-09 5.229775609650e-10 5.751014768101e-10 6.125105834330e-10 6.421958467503e-10 6.676348769748e-10 6.910555407490e-10 7.148236362671e-10 7.473634714078e-10 
2.917636672799e-10 5.229775609650e-10 3.188896654440e-09 7.375692882307e-10 8.011873499531e-10 8.514318587224e-10 8.944041369606e-10 9.339685270672e-10 9.741234661334e-10 1.029101653054e-09 
3.101827131778e-10 5.751014768101e-10 7.375692882307e-10 3.398502864642e-09 9.547740075500e-10 1.030263685641e-09 1.094420764024e-09 1.153351507558e-09 1.213163270454e-09 1.295066416925e-09 
3.234033998332e-10 6.125105834330e-10 8.011873499531e-10 9.547740075500e-10 3.622278507092e-09 1.191223920154e-09 1.282715162674e-09 1.366102581805e-09 1.450559566068e-09 1.566253332448e-09 
3.339138820787e-10 6.421958467503e-10 8.514318587224e-10 1.030263685641e-09 1.191223920154e-09 3.872936453397e-09 1.460463135315e-09 1.574868147788e-09 1.689573475939e-09 1.846595265064e-09 
3.429206741836e-10 6.676348769748e-10 8.944041369606e-10 1.094420764024e-09 1.282715162674e-09 1.460463135315e-09 4.165093563112e-09 1.781847861574e-09 1.934797429684e-09 2.141611382423e-09 
3.512120680493e-10 6.910555407490e-10 9.339685270672e-10 1.153351507558e-09 1.366102581805e-09 1.574868147788e-09 1.781847861574e-09 4.528625780881e-09 2.199768558930e-09 2.468770860539e-09 
3.596263506988e-10 7.148236362671e-10 9.741234661334e-10 1.213163270454e-09 1.450559566068e-09 1.689573475939e-09 1.934797429684e-09 2.199768558930e-09 5.041776905415e-09 2.879817119027e-09 
3.711445260632e-10 7.473634714078e-10 1.029101653054e-09 1.295066416925e-09 1.566253332448e-09 1.846595265064e-09 2.141611382423e-09 2.468770860539e-09 2.879817119027e-09 6.115867684629e-09 
