2.541981757533e-09 5.990028587517e-12 6.990115302349e-12 7.595718024830e-12 8.030318576696e-12 8.375811954190e-12 8.671880944150e-12 8.944434231088e-12 9.221027225240e-12 9.599685826630e-12 
5.990028587517e-12 2.550658147904e-09 1.544165551656e-11 1.752274611728e-11 1.901664694246e-11 2.020173212610e-11 2.121733404827e-11 2.215237144621e-11 2.310128088895e-11 2.440046345685e-11 
6.990115302349e-12 1.544165551656e-11 2.559293864475e-09 2.458495029401e-11 2.734610188417e-11 2.952624862186e-11 3.139082644077e-11 3.310757488714e-11 3.484994876174e-11 3.723561977769e-11 
7.595718024830e-12 1.752274611728e-11 2.458495029401e-11 2.568565133816e-09 3.437560444356e-11 3.779436384165e-11 4.070036027304e-11 4.337013020648e-11 4.607986850341e-11 4.979050919686e-11 
8.030318576696e-12 1.901664694246e-11 2.734610188417e-11 3.437560444356e-11 2.578807665614e-09 4.528226881256e-11 4.950083632005e-11 5.335000100543e-11 5.725030180137e-11 6.259294066258e-11 
8.375811954190e-12 2.020173212610e-11 2.952624862186e-11 3.779436384165e-11 4.528226881256e-11 2.590391795350e-09 5.773074499829e-11 6.302345776547e-11 6.834479245433e-11 7.563108797223e-11 
8.671880944150e-12 2.121733404827e-11 3.139082644077e-11 4.070036027304e-11 4.950083632005e-11 5.773074499829e-11 2.603833953871e-09 7.246691278608e-11 7.952742998000e-11 8.911578095382e-11 
8.944434231088e-12 2.215237144621e-11 3.310757488714e-11 4.337013020648e-11 5.335000100543e-11 6.302345776547e-11 7.246691278608e-11 2.620309610878e-09 9.128295332085e-11 1.036924522767e-10 
9.221027225240e-12 2.310128088895e-11 3.484994876174e-11 4.607986850341e-11 5.725030180137e-11 6.834479245433e-11 7.952742998000e-11 9.128295332085e-11 2.642787554391e-09 1.210603691069e-10 
9.599685826630e-12 2.440046345685e-11 3.723561977769e-11 4.979050919686e-11 6.259294066258e-11 7.563108797223e-11 8.911578095382e-11 1.036924522767e-10 1.210603691069e-10 2.686985220635e-09 
