2.543682649184e-09 8.826686128699e-12 1.027018284211e-11 1.114371710147e-11 1.177063721866e-11 1.226902602568e-11 1.269611640060e-11 1.308928416123e-11 1.348827931616e-11 1.403450522764e-11 
8.826686128699e-12 2.556198841736e-09 2.233654883944e-11 2.527308555027e-11 2.738138695358e-11 2.905419494415e-11 3.048776120434e-11 3.180759345576e-11 3.314700466639e-11 3.498082850288e-11 
1.027018284211e-11 2.233654883944e-11 2.568334281583e-09 3.509498619126e-11 3.892923083876e-11 4.195825646810e-11 4.454924430927e-11 4.693478624634e-11 4.935591530842e-11 5.267092662149e-11 
1.114371710147e-11 2.527308555027e-11 3.509498619126e-11 2.581142241515e-09 4.854057919255e-11 5.322446485782e-11 5.720798468462e-11 6.086824294457e-11 6.458325923268e-11 6.967043894261e-11 
1.177063721866e-11 2.738138695358e-11 3.892923083876e-11 4.854057919255e-11 2.595096714664e-09 6.332215367192e-11 6.903369546153e-11 7.424801711524e-11 7.953215897162e-11 8.677016128323e-11 
1.226902602568e-11 2.905419494415e-11 4.195825646810e-11 5.322446485782e-11 6.332215367192e-11 2.610695678273e-09 8.001040383840e-11 8.710504722770e-11 9.424201170342e-11 1.040143447339e-10 
1.269611640060e-11 3.048776120434e-11 4.454924430927e-11 5.720798468462e-11 6.903369546153e-11 8.001040383840e-11 2.628619074215e-09 9.958195825235e-11 1.089662778390e-10 1.217156955318e-10 
1.308928416123e-11 3.180759345576e-11 4.693478624634e-11 6.086824294457e-11 7.424801711524e-11 8.710504722770e-11 9.958195825235e-11 2.650391288260e-09 1.243616174634e-10 1.407342511936e-10 
1.348827931616e-11 3.314700466639e-11 4.935591530842e-11 6.458325923268e-11 7.953215897162e-11 9.424201170342e-11 1.089662778390e-10 1.243616174634e-10 2.679844369795e-09 1.632725153529e-10 
1.403450522764e-11 3.498082850288e-11 5.267092662149e-11 6.967043894261e-11 8.677016128323e-11 1.040143447339e-10 1.217156955318e-10 1.407342511936e-10 1.632725153529e-10 2.737261138299e-09 
