2.568706759590e-09 4.824334051461e-11 5.501415387945e-11 5.909819336258e-11 6.202983931028e-11 6.436054871737e-11 6.635780648153e-11 6.819642253808e-11 7.006228939717e-11 7.261657488263e-11 
4.824334051461e-11 2.627209145986e-09 1.079969724900e-10 1.200945891560e-10 1.287819027200e-10 1.356787023570e-10 1.415889913166e-10 1.470302162458e-10 1.525521388632e-10 1.601121367419e-10 
5.501415387945e-11 1.079969724900e-10 2.676134304256e-09 1.577532811381e-10 1.724081566375e-10 1.840017352155e-10 1.939224651312e-10 2.030562068922e-10 2.123260105849e-10 2.250178874196e-10 
5.909819336258e-11 1.200945891560e-10 1.577532811381e-10 2.724051442573e-09 2.068857403846e-10 2.238633131657e-10 2.383209181570e-10 2.516093695670e-10 2.650962130621e-10 2.835638151567e-10 
6.202983931028e-11 1.287819027200e-10 1.724081566375e-10 2.068857403846e-10 2.773650513108e-09 2.584963513059e-10 2.783834316879e-10 2.965585178488e-10 3.149792289601e-10 3.402095234252e-10 
6.436054871737e-11 1.356787023570e-10 1.840017352155e-10 2.238633131657e-10 2.584963513059e-10 2.827090943407e-09 3.149338870305e-10 3.389194200112e-10 3.630608933960e-10 3.961143109517e-10 
6.635780648153e-11 1.415889913166e-10 1.939224651312e-10 2.383209181570e-10 2.783834316879e-10 3.149338870305e-10 2.886920947906e-09 3.796402113897e-10 4.106649727273e-10 4.528057529410e-10 
6.819642253808e-11 1.470302162458e-10 2.030562068922e-10 2.516093695670e-10 2.965585178488e-10 3.389194200112e-10 3.796402113897e-10 2.958235081563e-09 4.602493220030e-10 5.133679489403e-10 
7.006228939717e-11 1.525521388632e-10 2.123260105849e-10 2.650962130621e-10 3.149792289601e-10 3.630608933960e-10 4.106649727273e-10 4.602493220030e-10 3.053669104512e-09 5.854138640728e-10 
7.261657488263e-11 1.601121367419e-10 2.250178874196e-10 2.835638151567e-10 3.402095234252e-10 3.961143109517e-10 4.528057529410e-10 5.133679489403e-10 5.854138640728e-10 3.239453687030e-09 
