2.771673630362e-09 3.432923842552e-10 3.834652229242e-10 4.076959761022e-10 4.250874336512e-10 4.389136028743e-10 4.507617457211e-10 4.616688124697e-10 4.727375537234e-10 4.878944642986e-10 
3.432923842552e-10 3.117875197937e-09 6.904288419971e-10 7.604426467512e-10 8.106942876823e-10 8.505670350673e-10 8.847361151144e-10 9.161942695035e-10 9.481191566787e-10 9.918365934511e-10 
3.834652229242e-10 6.904288419971e-10 3.401591898091e-09 9.820047435867e-10 1.068905400745e-09 1.137521283800e-09 1.196195947525e-09 1.250216336575e-09 1.305043596267e-09 1.380125252993e-09 
4.076959761022e-10 7.604426467512e-10 9.820047435867e-10 3.689272949193e-09 1.281791722535e-09 1.386128228811e-09 1.474749106353e-09 1.556133912597e-09 1.638737618645e-09 1.751871033228e-09 
4.250874336512e-10 8.106942876823e-10 1.068905400745e-09 1.281791722535e-09 3.999784712425e-09 1.610783757696e-09 1.738024947833e-09 1.853922596826e-09 1.971304464378e-09 2.132131381260e-09 
4.389136028743e-10 8.505670350673e-10 1.137521283800e-09 1.386128228811e-09 1.610783757696e-09 4.349558232097e-09 1.987613207516e-09 2.147855705280e-09 2.308500599723e-09 2.528467365737e-09 
4.507617457211e-10 8.847361151144e-10 1.196195947525e-09 1.474749106353e-09 1.738024947833e-09 1.987613207516e-09 4.760914741157e-09 2.442371586840e-09 2.659250474107e-09 2.952784339424e-09 
4.616688124697e-10 9.161942695035e-10 1.250216336575e-09 1.556133912597e-09 1.853922596826e-09 2.147855705280e-09 2.442371586840e-09 5.278731314136e-09 3.040522974818e-09 3.427831144489e-09 
4.727375537234e-10 9.481191566787e-10 1.305043596267e-09 1.638737618645e-09 1.971304464378e-09 2.308500599723e-09 2.659250474107e-09 3.040522974818e-09 6.013300675932e-09 4.016982311936e-09 
4.878944642986e-10 9.918365934511e-10 1.380125252993e-09 1.751871033228e-09 2.132131381260e-09 2.528467365737e-09 2.952784339424e-09 3.427831144489e-09 4.016982311936e-09 7.538933644587e-09 
