2.545544297095e-09 1.189600920029e-11 1.380513150723e-11 1.495979605168e-11 1.578851875876e-11 1.644734390584e-11 1.701191736980e-11 1.753164809741e-11 1.805908275037e-11 1.878133567525e-11 
1.189600920029e-11 2.562089802874e-09 2.961181200457e-11 3.341981803192e-11 3.615403715898e-11 3.832378549804e-11 4.018321153561e-11 4.189510474880e-11 4.363239295754e-11 4.601143195305e-11 
1.380513150723e-11 2.961181200457e-11 2.577771458582e-09 4.600180660464e-11 5.090816193714e-11 5.478560343064e-11 5.810265490219e-11 6.115666590005e-11 6.425622014940e-11 6.850082818856e-11 
1.495979605168e-11 3.341981803192e-11 4.600180660464e-11 2.594092821999e-09 6.305567331180e-11 6.898576184899e-11 7.403101391615e-11 7.866733379384e-11 8.337297782429e-11 8.981756043814e-11 
1.578851875876e-11 3.615403715898e-11 5.090816193714e-11 6.305567331180e-11 2.611684549221e-09 8.161526495778e-11 8.878145849517e-11 9.532624856560e-11 1.019590629982e-10 1.110453997417e-10 
1.644734390584e-11 3.832378549804e-11 5.478560343064e-11 6.898576184899e-11 8.161526495778e-11 2.631177763289e-09 1.024021973940e-10 1.112385898343e-10 1.201306034805e-10 1.323074407882e-10 
1.701191736980e-11 4.018321153561e-11 5.810265490219e-11 7.403101391615e-11 8.878145849517e-11 1.024021973940e-10 2.653418642377e-09 1.266191118667e-10 1.382355987714e-10 1.540230264350e-10 
1.753164809741e-11 4.189510474880e-11 6.115666590005e-11 7.866733379384e-11 9.532624856560e-11 1.112385898343e-10 1.266191118667e-10 2.680266438888e-09 1.571063647233e-10 1.772712514371e-10 
1.805908275037e-11 4.363239295754e-11 6.425622014940e-11 8.337297782429e-11 1.019590629982e-10 1.201306034805e-10 1.382355987714e-10 1.571063647233e-10 2.716395139610e-09 2.047349036702e-10 
1.878133567525e-11 4.601143195305e-11 6.850082818856e-11 8.981756043814e-11 1.110453997417e-10 1.323074407882e-10 1.540230264350e-10 1.772712514371e-10 2.047349036702e-10 2.786460198903e-09 
