4.2889945595648935e-08 1.9900411650257017e-08 1.4629690308037457e-08 1.1480007836696053e-08 9.2183531913033112e-09 7.4215681695142791e-09 5.8858347294807211e-09 4.4806663029026819e-09 3.0744366034107330e-09 1.2027484402230979e-09 
1.9900411650257017e-08 1.2466478060129710e-08 7.3573815078302027e-09 5.8212176637366803e-09 4.7184508576063123e-09 3.8423996692847777e-09 3.0934862227156339e-09 2.4080693698078528e-09 1.7220877429837954e-09 8.1108519291572554e-10 
1.4629690308037457e-08 7.3573815078302027e-09 8.0210245084914150e-09 4.3621601241632247e-09 3.5579887932308085e-09 2.9191695905186100e-09 2.3729947196156621e-09 1.8730384399461357e-09 1.3726440981230401e-09 7.0917764120069532e-10 
1.1480007836696053e-08 5.8212176637366803e-09 4.3621601241632247e-09 6.0287446843691438e-09 2.8645520576955452e-09 2.3674849594476613e-09 1.9424469852738896e-09 1.5533121247301209e-09 1.1638188757404862e-09 6.4827139146969653e-10 
9.2183531913033112e-09 4.7184508576063123e-09 3.5579887932308085e-09 2.8645520576955452e-09 4.9055373600853615e-09 1.9718446037706667e-09 1.6338070626875821e-09 1.3242515712225719e-09 1.0144055781200784e-09 6.0509990248705177e-10 
7.4215681695142791e-09 3.8423996692847777e-09 2.9191695905186100e-09 2.3674849594476613e-09 1.9718446037706667e-09 4.1960770532811829e-09 1.3887274332359413e-09 1.1423855389648116e-09 8.9579046087928425e-10 5.7088238096006754e-10 
5.8858347294807211e-09 3.0934862227156339e-09 2.3729947196156621e-09 1.9424469852738896e-09 1.6338070626875821e-09 1.3887274332359413e-09 3.7175070956153085e-09 9.8678132609566523e-10 7.9419399572171264e-10 5.4134486212121954e-10 
4.4806663029026819e-09 2.4080693698078528e-09 1.8730384399461357e-09 1.5533121247301209e-09 1.3242515712225719e-09 1.1423855389648116e-09 9.8678132609566523e-10 3.3826675546331729e-09 7.0115593826165574e-10 5.1399385988095530e-10 
3.0744366034107330e-09 1.7220877429837954e-09 1.3726440981230401e-09 1.1638188757404862e-09 1.0144055781200784e-09 8.9579046087928425e-10 7.9419399572171264e-10 7.0115593826165574e-10 3.1468138846983029e-09 4.8694777702422188e-10 
1.2027484402230979e-09 8.1108519291572554e-10 7.0917764120069532e-10 6.4827139146969653e-10 6.0509990248705177e-10 5.7088238096006754e-10 5.4134486212121954e-10 5.1399385988095530e-10 4.8694777702422188e-10 2.9942114656617854e-09 
