7.7605131433565962e-08 3.7227908119603962e-08 2.7474899234583803e-08 2.1646184885295391e-08 1.7460928459526432e-08 1.4135691844053079e-08 1.1292798371883604e-08 8.6902653177928193e-09 6.0840586765069239e-09 2.6226491868935726e-09 
3.7227908119603962e-08 2.1187112027096477e-08 1.3859039217083805e-08 1.0996592217802953e-08 8.9416565828279617e-09 7.3090326196295187e-09 5.9129689314243803e-09 4.6345850666320874e-09 3.3541539408403818e-09 1.6567603705191664e-09 
2.7474899234583803e-08 1.3859039217083805e-08 1.2887102761283988e-08 8.2506403759112268e-09 6.7446814467253809e-09 5.5482360386109979e-09 4.5250291631568505e-09 3.5878918124329984e-09 2.6491246252402760e-09 1.4063251169316802e-09 
2.1646184885295391e-08 1.0996592217802953e-08 8.2506403759112268e-09 9.1480477055036799e-09 5.4317287734827037e-09 4.4959369358177534e-09 3.6955366092496610e-09 2.9623288856354939e-09 2.2277468353967658e-09 1.2566203147241986e-09 
1.7460928459526432e-08 8.9416565828279617e-09 6.7446814467253809e-09 5.4317287734827037e-09 7.0280858364853455e-09 3.7410747687352588e-09 3.1006833650779445e-09 2.5139087830998304e-09 1.9259594626659435e-09 1.1499448299511528e-09 
1.4135691844053079e-08 7.3090326196295187e-09 5.5482360386109979e-09 4.4959369358177534e-09 3.7410747687352588e-09 5.6798752919680814e-09 2.6282066801936294e-09 2.1577598925152961e-09 1.6862704508912184e-09 1.0652603842009765e-09 
1.1292798371883604e-08 5.9129689314243803e-09 4.5250291631568505e-09 3.6955366092496610e-09 3.1006833650779445e-09 2.6282066801936294e-09 4.7623279807039577e-09 1.8529568508511703e-09 1.4809476277830481e-09 9.9233070548754104e-10 
8.6902653177928193e-09 4.6345850666320874e-09 3.5878918124329984e-09 2.9623288856354939e-09 2.5139087830998304e-09 2.1577598925152961e-09 1.8529568508511703e-09 4.1119302349859497e-09 1.2927320800124736e-09 9.2490535562279292e-10 
6.0840586765069239e-09 3.3541539408403818e-09 2.6491246252402760e-09 2.2277468353967658e-09 1.9259594626659435e-09 1.6862704508912184e-09 1.4809476277830481e-09 1.2927320800124736e-09 3.6429270594363547e-09 8.5762648979924796e-10 
2.6226491868935726e-09 1.6567603705191664e-09 1.4063251169316802e-09 1.2566203147241986e-09 1.1499448299511528e-09 1.0652603842009765e-09 9.9233070548754104e-10 9.2490535562279292e-10 8.5762648979924796e-10 3.3144716495166380e-09 
