5.7795706752880102e-08 2.7333555679927295e-08 2.0136554414110041e-08 1.5835559514606448e-08 1.2747219431522232e-08 1.0293567093117720e-08 8.1960828553270417e-09 6.2763551158505153e-09 4.3544159624827956e-09 1.7992948555737520e-09 
2.7333555679927295e-08 1.6205929079433824e-08 1.0144561109954846e-08 8.0392321834695561e-09 6.5278464495476262e-09 5.3271167285066551e-09 4.3004892969897856e-09 3.3606153867663713e-09 2.4195331928808498e-09 1.1709674657957359e-09 
2.0136554414110041e-08 1.0144561109954846e-08 1.0106987832074148e-08 6.0290081843724786e-09 4.9239681853430947e-09 4.0460867264029068e-09 3.2954061559854991e-09 2.6080329878593406e-09 1.9197085963152033e-09 1.0078236301470148e-09 
1.5835559514606448e-08 8.0392321834695561e-09 6.0290081843724786e-09 7.3661672757209751e-09 3.9655119352041018e-09 3.2805511035254936e-09 2.6947592403415568e-09 2.1582749245453986e-09 1.6209979188157083e-09 9.1031142324501698e-10 
1.2747219431522232e-08 6.5278464495476262e-09 4.9239681853430947e-09 3.9655119352041018e-09 5.8162982653016747e-09 2.7314679425121308e-09 2.2640956437650921e-09 1.8359609414781918e-09 1.4071605484444229e-09 8.4097842612246811e-10 
1.0293567093117720e-08 5.3271167285066551e-09 4.0460867264029068e-09 3.2805511035254936e-09 2.7314679425121308e-09 4.8337797236528215e-09 1.9220712983555812e-09 1.5800077112853323e-09 1.2373583622308185e-09 7.8597350717955942e-10 
8.1960828553270417e-09 4.3004892969897856e-09 3.2954061559854991e-09 2.6947592403415568e-09 2.2640956437650921e-09 1.9220712983555812e-09 4.1678641806217418e-09 1.3609801569787678e-09 1.0919081855719196e-09 7.3855804580494482e-10 
6.2763551158505153e-09 3.3606153867663713e-09 2.6080329878593406e-09 2.1582749245453986e-09 1.8359609414781918e-09 1.5800077112853323e-09 1.3609801569787678e-09 3.6986685725852211e-09 9.5863424595620054e-10 6.9469389978758540e-10 
4.3544159624827956e-09 2.4195331928808498e-09 1.9197085963152033e-09 1.6209979188157083e-09 1.4071605484444229e-09 1.2373583622308185e-09 1.0919081855719196e-09 9.5863424595620054e-10 3.3639449532538657e-09 6.5108051072217715e-10 
1.7992948555737520e-09 1.1709674657957359e-09 1.0078236301470148e-09 9.1031142324501698e-10 8.4097842612246811e-10 7.8597350717955942e-10 7.3855804580494482e-10 6.9469389978758540e-10 6.5108051072217715e-10 3.1376596850585990e-09 
