1.7308623340134165e-08 7.2135673807936209e-09 5.2663185720760291e-09 4.1028709375780052e-09 3.2675086406866225e-09 2.6039977293778040e-09 2.0372310761272176e-09 1.5193031226119359e-09 1.0020293408595104e-09 3.1135860551510640e-10 
7.2135673807936209e-09 6.1059090388569592e-09 2.6276370516131913e-09 2.0661136837394315e-09 1.6630633246307386e-09 1.3429574623420944e-09 1.0694745418826924e-09 8.1950551021726545e-10 5.6989103739867451e-10 2.3755725056658016e-10 
5.2663185720760291e-09 2.6276370516131913e-09 4.4858875399524168e-09 1.5409660129253686e-09 1.2492828127665291e-09 1.0176401022152131e-09 8.1971333243034050e-10 6.3877772322016927e-10 4.5811880364502958e-10 2.1809932647606241e-10 
4.1028709375780052e-09 2.0661136837394315e-09 1.5409660129253686e-09 3.7656720478248352e-09 1.0020594648057451e-09 8.2326512093838457e-10 6.7047382397949016e-10 5.3078089621112710e-10 3.9131991194088766e-10 2.0645390093634353e-10 
3.2675086406866225e-09 1.6630633246307386e-09 1.2492828127665291e-09 1.0020594648057451e-09 3.3632218313661818e-09 6.8392460742495647e-10 5.6354815537209648e-10 4.5346849884807435e-10 3.4359367362166567e-10 1.9834006838670254e-10 
2.6039977293778040e-09 1.3429574623420944e-09 1.0176401022152131e-09 8.2326512093838457e-10 6.8392460742495647e-10 3.1117719162537261e-09 4.7868658269643405e-10 3.9212425986708034e-10 3.0573738250752754e-10 1.9194438578144725e-10 
2.0372310761272176e-09 1.0694745418826924e-09 8.1971333243034050e-10 6.7047382397949016e-10 5.6354815537209648e-10 4.7868658269643405e-10 2.9445976514996032e-09 3.3967685525595838e-10 2.7332868947444695e-10 1.8637483991487779e-10 
1.5193031226119359e-09 8.1950551021726545e-10 6.3877772322016927e-10 5.3078089621112710e-10 4.5346849884807435e-10 3.9212425986708034e-10 3.3967685525595838e-10 2.8301756585647274e-09 2.4372611189232960e-10 1.8118792533876079e-10 
1.0020293408595104e-09 5.6989103739867451e-10 4.5811880364502958e-10 3.9131991194088766e-10 3.4359367362166567e-10 3.0573738250752754e-10 2.7332868947444695e-10 2.4372611189232960e-10 2.7528732370810109e-09 1.7626362517757359e-10 
3.1135860551510640e-10 2.3755725056658016e-10 2.1809932647606241e-10 2.0645390093634353e-10 1.9834006838670254e-10 1.9194438578144725e-10 1.8637483991487779e-10 1.8118792533876079e-10 1.7626362517757359e-10 2.7103489214320242e-09 
