2.0115685963647787e-08 8.5968106028331846e-09 6.2826290488679917e-09 4.8999082697324967e-09 3.9070789784856570e-09 3.1184570383595185e-09 2.4447475536310043e-09 1.8289463674490334e-09 1.2136670670912322e-09 3.9246088531494371e-10 
8.5968106028331846e-09 6.7962326709653391e-09 3.1393512731565998e-09 2.4710948333823587e-09 1.9914196079123308e-09 1.6104380385160463e-09 1.2849097063813820e-09 9.8729768529359041e-10 6.8997395721989787e-10 2.9423644347190406e-10 
6.2826290488679917e-09 3.1393512731565998e-09 4.8675178997721741e-09 1.8448612154859069e-09 1.4973810923549596e-09 1.2214119970841890e-09 9.8558415542948936e-10 7.6994765891423480e-10 5.5453850814205919e-10 2.6841167004378929e-10 
4.8999082697324967e-09 2.4710948333823587e-09 1.8448612154859069e-09 4.0091634824503092e-09 1.2022023557009776e-09 9.8897040580215136e-10 8.0672943189817861e-10 6.4006928819458317e-10 4.7360215620194511e-10 2.5296474347461817e-10 
3.9070789784856570e-09 1.9914196079123308e-09 1.4973810923549596e-09 1.2022023557009776e-09 3.5289619055574142e-09 8.2233371833867052e-10 6.7857824719073407e-10 5.4708558283815850e-10 4.1576709253532033e-10 2.4216694940918631e-10 
3.1184570383595185e-09 1.6104380385160463e-09 1.2214119970841890e-09 9.8897040580215136e-10 8.2233371833867052e-10 3.2285002655231611e-09 5.7686279993598323e-10 4.7329984878326505e-10 3.6988710577598612e-10 2.3364644281733465e-10 
2.4447475536310043e-09 1.2849097063813820e-09 9.8558415542948936e-10 8.0672943189817861e-10 6.7857824719073407e-10 5.7686279993598323e-10 3.0283516244336761e-09 4.1020647225051811e-10 3.3060496083281779e-10 2.2624042124056412e-10 
1.8289463674490334e-09 9.8729768529359041e-10 7.6994765891423480e-10 6.4006928819458317e-10 5.4708558283815850e-10 4.7329984878326505e-10 4.1020647225051811e-10 2.8909481229549895e-09 2.9470746402022151e-10 2.1935163027081177e-10 
1.2136670670912322e-09 6.8997395721989787e-10 5.5453850814205919e-10 4.7360215620194511e-10 4.1576709253532033e-10 3.6988710577598612e-10 3.3060496083281779e-10 2.9470746402022151e-10 2.7975730803174657e-09 2.1274802872994273e-10 
3.9246088531494371e-10 2.9423644347190406e-10 2.6841167004378929e-10 2.5296474347461817e-10 2.4216694940918631e-10 2.3364644281733465e-10 2.2624042124056412e-10 2.1935163027081177e-10 2.1274802872994273e-10 2.7449270219298512e-09 
