3.6919178590707739e-08 1.6927687252547824e-08 1.2429742504284925e-08 9.7419126095411536e-09 7.8118801245248172e-09 6.2785841307982297e-09 4.9681659047646862e-09 3.7693656112971725e-09 2.5699765168931560e-09 9.7272186224093334e-10 
1.6927687252547824e-08 1.0972323223259805e-08 6.2443941292546257e-09 4.9360371273670015e-09 3.9968126573533693e-09 3.2507014452632739e-09 2.6129226554830764e-09 2.0293235980768254e-09 1.4454191856632485e-09 6.6964004233769063e-10 
1.2429742504284925e-08 6.2443941292546257e-09 7.1882733820696640e-09 3.6968947591144425e-09 3.0129494180142102e-09 2.4696529898621081e-09 2.0051860202656046e-09 1.5801023340476890e-09 1.1547851952002264e-09 5.9066497831070473e-10 
9.7419126095411536e-09 4.9360371273670015e-09 3.6968947591144425e-09 5.4949107490564907e-09 2.4250536244084177e-09 2.0029410127015217e-09 1.6420254761934723e-09 1.3116599007197838e-09 9.8110738170889357e-10 5.4346435313500092e-10 
7.8118801245248172e-09 3.9968126573533693e-09 3.0129494180142102e-09 2.4250536244084177e-09 4.5417764866813765e-09 1.6682629416667119e-09 1.3817192816973144e-09 1.1193701613694814e-09 8.5687711191822335e-10 5.1007738893456502e-10 
6.2785841307982297e-09 3.2507014452632739e-09 2.4696529898621081e-09 2.0029410127015217e-09 1.6682629416667119e-09 3.9409301370507179e-09 1.1750357420621441e-09 9.6671400167466406e-10 7.5826765777524700e-10 4.8363177762941729e-10 
4.9681659047646862e-09 2.6129226554830764e-09 2.0051860202656046e-09 1.6420254761934723e-09 1.3817192816973144e-09 1.1750357420621441e-09 3.5366810894581354e-09 8.3611365089238265e-10 6.7381023605476818e-10 4.6078076750635672e-10 
3.7693656112971725e-09 2.0293235980768254e-09 1.5801023340476890e-09 1.3116599007197838e-09 1.1193701613694814e-09 9.6671400167466406e-10 8.3611365089238265e-10 3.2549410304231763e-09 5.9649520531976817e-10 4.3960747274610257e-10 
2.5699765168931560e-09 1.4454191856632485e-09 1.1547851952002264e-09 9.8110738170889357e-10 8.5687711191822335e-10 7.5826765777524700e-10 6.7381023605476818e-10 5.9649520531976817e-10 3.0579148503173008e-09 4.1875376720666765e-10 
9.7272186224093334e-10 6.6964004233769063e-10 5.9066497831070473e-10 5.4346435313500092e-10 5.1007738893456502e-10 4.8363177762941729e-10 4.6078076750635672e-10 4.3960747274610257e-10 4.1875376720666765e-10 2.9337102663000339e-09 
