2.620140995844e-09 1.241336325365e-10 1.395851870492e-10 1.488954833234e-10 1.555787496656e-10 1.608921003616e-10 1.654452994664e-10 1.696368704029e-10 1.738906134618e-10 1.797155794278e-10 
1.241336325365e-10 2.753344910106e-09 2.564612634497e-10 2.825037673453e-10 3.012003916726e-10 3.160426315702e-10 3.287618589120e-10 3.404717653255e-10 3.523554765596e-10 3.686291398881e-10 
1.395851870492e-10 2.564612634497e-10 2.857878673238e-09 3.618949391689e-10 3.928675750309e-10 4.173606868801e-10 4.383165917156e-10 4.576101473354e-10 4.771914951627e-10 5.040069675559e-10 
1.488954833234e-10 2.825037673453e-10 3.618949391689e-10 2.958886873765e-09 4.652930840732e-10 5.010452132869e-10 5.314695746417e-10 5.594261718869e-10 5.878006097272e-10 6.266613613529e-10 
1.555787496656e-10 3.012003916726e-10 3.928675750309e-10 4.652930840732e-10 3.063493653256e-09 5.743943135720e-10 6.164727921326e-10 6.548836084421e-10 6.938019086470e-10 7.471190124431e-10 
1.608921003616e-10 3.160426315702e-10 4.173606868801e-10 5.010452132869e-10 5.743943135720e-10 3.177141361760e-09 6.949859980741e-10 7.462273087275e-10 7.977035926481e-10 8.681865054505e-10 
1.654452994664e-10 3.287618589120e-10 4.383165917156e-10 5.314695746417e-10 6.164727921326e-10 6.949859980741e-10 3.306122090750e-09 8.354393844254e-10 9.025317367389e-10 9.934594801345e-10 
1.696368704029e-10 3.404717653255e-10 4.576101473354e-10 5.594261718869e-10 6.548836084421e-10 7.462273087275e-10 8.354393844254e-10 3.462880046697e-09 1.014051550241e-09 1.130286340907e-09 
1.738906134618e-10 3.523554765596e-10 4.771914951627e-10 5.878006097272e-10 6.938019086470e-10 7.977035926481e-10 9.025317367389e-10 1.014051550241e-09 3.678471683230e-09 1.298264897317e-09 
1.797155794278e-10 3.686291398881e-10 5.040069675559e-10 6.266613613529e-10 7.471190124431e-10 8.681865054505e-10 9.934594801345e-10 1.130286340907e-09 1.298264897317e-09 4.115557544527e-09 
