2.545978949646e-09 1.260275525594e-11 1.461580814954e-11 1.583319503341e-11 1.670694535682e-11 1.740157177299e-11 1.799682802181e-11 1.854480842101e-11 1.910091687705e-11 1.986244854338e-11 
1.260275525594e-11 2.563423385168e-09 3.124930509059e-11 3.524831558663e-11 3.811971532147e-11 4.039838362516e-11 4.235116326335e-11 4.414901442205e-11 4.597355313091e-11 4.847211814526e-11 
1.461580814954e-11 3.124930509059e-11 2.579880342319e-09 4.843018059063e-11 5.356935000982e-11 5.763100198023e-11 6.110573730869e-11 6.430494876222e-11 6.755189739016e-11 7.199843152022e-11 
1.583319503341e-11 3.524831558663e-11 4.843018059063e-11 2.596963257934e-09 6.626362009561e-11 7.246252586853e-11 7.773682822400e-11 8.258373376277e-11 8.750315919803e-11 9.424064289171e-11 
1.670694535682e-11 3.811971532147e-11 5.356935000982e-11 6.626362009561e-11 2.615338241222e-09 8.563562838357e-11 9.311426880934e-11 9.994479092786e-11 1.068673521793e-10 1.163507647592e-10 
1.740157177299e-11 4.039838362516e-11 5.763100198023e-11 7.246252586853e-11 8.563562838357e-11 2.635667407919e-09 1.073003432617e-10 1.165093893829e-10 1.257770327938e-10 1.384684491278e-10 
1.799682802181e-11 4.235116326335e-11 6.110573730869e-11 7.773682822400e-11 9.311426880934e-11 1.073003432617e-10 2.658831063786e-09 1.325101700558e-10 1.446035530903e-10 1.610395641288e-10 
1.854480842101e-11 4.414901442205e-11 6.430494876222e-11 8.258373376277e-11 9.994479092786e-11 1.165093893829e-10 1.325101700558e-10 2.686764317744e-09 1.642146385231e-10 1.851846793209e-10 
1.910091687705e-11 4.597355313091e-11 6.755189739016e-11 8.750315919803e-11 1.068673521793e-10 1.257770327938e-10 1.446035530903e-10 1.642146385231e-10 2.724312232005e-09 2.136999326161e-10 
1.986244854338e-11 4.847211814526e-11 7.199843152022e-11 9.424064289171e-11 1.163507647592e-10 1.384684491278e-10 1.610395641288e-10 1.851846793209e-10 2.136999326161e-10 2.797080267236e-09 
