2.714014312295e-07 9.188565028312e-08 1.696087845420e-08 2.124909441689e-09 1.900680822522e-10 1.122801405594e-11 3.741909785272e-13 5.295662423216e-15 1.751744948725e-17 2.163888794869e-21 
9.188565028312e-08 2.379262529072e-07 1.169507412478e-07 3.460818700866e-08 6.450471790381e-09 7.624095720953e-10 5.132869311091e-11 1.535575319677e-12 1.156557549168e-14 3.787948284188e-18 
1.696087845420e-08 1.169507412478e-07 1.965605018425e-07 1.083933419926e-07 3.924349874285e-08 8.410831458368e-09 1.004863035365e-09 5.466850723622e-11 8.051872315471e-13 6.144187631157e-16 
2.124909441689e-09 3.460818700866e-08 1.083933419926e-07 1.689690618684e-07 9.607200761708e-08 3.696057127485e-08 7.726822010475e-09 7.379854385653e-10 2.012862637758e-11 3.390424503978e-14 
1.900680822522e-10 6.450471790381e-09 3.924349874285e-08 9.607200761708e-08 1.485298336815e-07 8.330988793910e-08 3.102554954087e-08 5.297619304378e-09 2.693452150738e-10 9.967739648649e-13 
1.122801405594e-11 7.624095720953e-10 8.410831458368e-09 3.696057127485e-08 8.330988793910e-08 1.326018452589e-07 7.106305794010e-08 2.265580793198e-08 2.259900472013e-09 1.930541934394e-11 
3.741909785272e-13 5.132869311091e-11 1.004863035365e-09 7.726822010475e-09 3.102554954087e-08 7.106305794010e-08 1.196727005971e-07 5.793482761769e-08 1.236977738298e-08 2.723330799286e-10 
5.295662423216e-15 1.535575319677e-12 5.466850723622e-11 7.379854385653e-10 5.297619304378e-09 2.265580793198e-08 5.793482761769e-08 1.077286607520e-07 4.166007343156e-08 2.859118516825e-09 
1.751744948725e-17 1.156557549168e-14 8.051872315471e-13 2.012862637758e-11 2.693452150738e-10 2.259900472013e-09 1.236977738298e-08 4.166007343156e-08 9.560254333669e-08 2.057595690852e-08 
2.163888794869e-21 3.787948284188e-18 6.144187631157e-16 3.390424503978e-14 9.967739648649e-13 1.930541934394e-11 2.723330799286e-10 2.859118516825e-09 2.057595690852e-08 7.172955905995e-08 
