1.783181874190e-07 6.015513647389e-08 1.125333305722e-08 1.414132823974e-09 1.261654217118e-10 7.400880220693e-12 2.440387613995e-13 3.421522017482e-15 1.111540779192e-17 1.326827548626e-21 
6.015513647389e-08 1.671326000300e-07 7.781790358898e-08 2.300041110741e-08 4.265112182019e-09 4.995129113659e-10 3.331627242100e-11 9.870575812037e-13 7.277299742225e-15 2.311422101515e-18 
1.125333305722e-08 7.781790358898e-08 1.401433636870e-07 7.180285618388e-08 2.581055975291e-08 5.482049643329e-09 6.497568588037e-10 3.492986959111e-11 5.028571039859e-13 3.730694761315e-16 
1.414132823974e-09 2.300041110741e-08 7.180285618388e-08 1.209070172331e-07 6.277654925167e-08 2.397685791001e-08 4.973671512161e-09 4.681427137045e-10 1.248608851051e-11 2.047190314711e-14 
1.261654217118e-10 4.265112182019e-09 2.581055975291e-08 6.277654925167e-08 1.063455889554e-07 5.378036448606e-08 1.983747879420e-08 3.331534869234e-09 1.660017332218e-10 5.979300915752e-13 
7.400880220693e-12 4.995129113659e-10 5.482049643329e-09 2.397685791001e-08 5.378036448606e-08 9.510406188495e-08 4.498155967287e-08 1.410655267183e-08 1.383173623191e-09 1.148742405170e-11 
2.440387613995e-13 3.331627242100e-11 6.497568588037e-10 4.973671512161e-09 1.983747879420e-08 4.498155967287e-08 8.535001573123e-08 3.569927123750e-08 7.503524645150e-09 1.603333565646e-10 
3.421522017482e-15 9.870575812037e-13 3.492986959111e-11 4.681427137045e-10 3.331534869234e-09 1.410655267183e-08 3.569927123750e-08 7.664077675376e-08 2.492057895869e-08 1.658041669700e-09 
1.111540779192e-17 7.277299742225e-15 5.028571039859e-13 1.248608851051e-11 1.660017332218e-10 1.383173623191e-09 7.503524645150e-09 2.492057895869e-08 6.760416252369e-08 1.167137614662e-08 
1.326827548626e-21 2.311422101515e-18 3.730694761315e-16 2.047190314711e-14 5.979300915752e-13 1.148742405170e-11 1.603333565646e-10 1.658041669700e-09 1.167137614662e-08 5.217368086344e-08 
