7.169277175629e-08 2.025153641276e-08 4.061107727204e-09 5.347182612601e-10 4.927961557144e-11 2.954180601712e-12 9.878299107389e-14 1.394527033133e-15 4.501766438817e-18 5.246356194931e-22 
2.025153641276e-08 7.779294718339e-08 2.909949351471e-08 8.896446598817e-09 1.690174975048e-09 2.010966647106e-10 1.354937435493e-11 4.018359298497e-13 2.937441772890e-15 9.072001543567e-19 
4.061107727204e-09 2.909949351471e-08 7.131432540229e-08 2.829463546055e-08 1.033670572002e-08 2.220341283251e-09 2.647116758197e-10 1.418655282953e-11 2.022570985054e-13 1.452947803089e-16 
5.347182612601e-10 8.896446598817e-09 2.829463546055e-08 6.525662809504e-08 2.535423981608e-08 9.754055917080e-09 2.025523768274e-09 1.895828592592e-10 4.999568693102e-12 7.907941704882e-15 
4.927961557144e-11 1.690174975048e-09 1.033670572002e-08 2.535423981608e-08 5.996843559315e-08 2.191425139739e-08 8.059254387507e-09 1.344308932351e-09 6.605414621565e-11 2.289665032175e-13 
2.954180601712e-12 2.010966647106e-10 2.220341283251e-09 9.754055917080e-09 2.191425139739e-08 5.540797995403e-08 1.820026299401e-08 5.662757470244e-09 5.453660615489e-10 4.357099043094e-12 
9.878299107389e-14 1.354937435493e-11 2.647116758197e-10 2.025523768274e-09 8.059254387507e-09 1.820026299401e-08 5.119235650942e-08 1.420139433585e-08 2.918982005909e-09 6.014156614673e-11 
1.394527033133e-15 4.018359298497e-13 1.418655282953e-11 1.895828592592e-10 1.344308932351e-09 5.662757470244e-09 1.420139433585e-08 4.716108589506e-08 9.514247564008e-09 6.130022137610e-10 
4.501766438817e-18 2.937441772890e-15 2.022570985054e-13 4.999568693102e-12 6.605414621565e-11 5.453660615489e-10 2.918982005909e-09 9.514247564008e-09 4.288670547490e-08 4.211837285075e-09 
5.246356194931e-22 9.072001543567e-19 1.452947803089e-16 7.907941704882e-15 2.289665032175e-13 4.357099043094e-12 6.014156614673e-11 6.130022137610e-10 4.211837285075e-09 3.638582188352e-08 
