7.514441114140e-08 2.169213526798e-08 4.331003988030e-09 5.682093814201e-10 5.224004775436e-11 3.122468022351e-12 1.043405654539e-13 1.469399651091e-15 4.736525773678e-18 5.516169049048e-22 
2.169213526798e-08 8.112850423768e-08 3.094753956900e-08 9.438571113079e-09 1.788359636503e-09 2.124296091798e-10 1.430116469210e-11 4.227780473136e-13 3.093677474447e-15 9.528154490829e-19 
4.331003988030e-09 3.094753956900e-08 7.395630945577e-08 2.996233625257e-08 1.092253215478e-08 2.344949418510e-09 2.790211334631e-10 1.492069129754e-11 2.131258675680e-13 1.524920725626e-16 
5.682093814201e-10 9.438571113079e-09 2.996233625257e-08 6.736365256515e-08 2.678020238708e-08 1.029347583654e-08 2.131978390403e-09 1.994869637973e-10 5.267154853010e-12 8.298318580088e-15 
5.224004775436e-11 1.788359636503e-09 1.092253215478e-08 2.678020238708e-08 6.173538344614e-08 2.308484303132e-08 8.476451852421e-09 1.415771950757e-09 6.952710813895e-11 2.403995405867e-13 
3.122468022351e-12 2.124296091798e-10 2.344949418510e-09 1.029347583654e-08 2.308484303132e-08 5.681741494306e-08 1.915523237636e-08 5.966564961182e-09 5.732229358463e-10 4.580871328405e-12 
1.043405654539e-13 1.430116469210e-11 2.790211334631e-10 2.131978390403e-09 8.476451852421e-09 1.915523237636e-08 5.242580441114e-08 1.494705716234e-08 3.064197429991e-09 6.336644259325e-11 
1.469399651091e-15 4.227780473136e-13 1.492069129754e-11 1.994869637973e-10 1.415771950757e-09 5.966564961182e-09 1.494705716234e-08 4.811117644960e-08 9.995214003255e-09 6.472458608214e-10 
4.736525773678e-18 3.093677474447e-15 2.131258675680e-13 5.267154853010e-12 6.952710813895e-11 5.732229358463e-10 3.064197429991e-09 9.995214003255e-09 4.368901657401e-08 4.443578546187e-09 
5.516169049048e-22 9.528154490829e-19 1.524920725626e-16 8.298318580088e-15 2.403995405867e-13 4.580871328405e-12 6.336644259325e-11 6.472458608214e-10 4.443578546187e-09 3.683000633354e-08 
