7.628492925129e-10 1.925836542367e-09 2.634647060254e-09 3.098052183987e-09 3.434160210299e-09 3.701412097038e-09 3.930380016980e-09 4.141154989524e-09 4.355053791378e-09 4.647920848700e-09 
6.023671908682e-11 4.876348876550e-10 1.162522755139e-09 1.803910311095e-09 2.322726362283e-09 2.740498752697e-09 3.097521279591e-09 3.425896175598e-09 3.759110088689e-09 4.215380936868e-09 
3.666154117278e-12 7.586680221778e-11 3.499245349727e-10 8.316121409714e-10 1.369819258079e-09 1.848647801766e-09 2.260668069081e-09 2.638018676000e-09 3.020499947801e-09 3.544201477807e-09 
-1.511654937348e-13 1.429555785084e-12 4.860729260712e-11 2.557351367474e-10 6.529241659597e-10 1.121511449354e-09 1.564448017755e-09 1.973145879988e-09 2.385430125340e-09 2.949347272624e-09 
-6.481437255631e-14 -2.005102434450e-12 -5.430044392499e-12 3.393315331014e-11 2.093174526077e-10 5.481310634225e-10 9.724730220188e-10 1.403256330786e-09 1.838507368671e-09 2.430293435709e-09 
-6.063010423992e-15 -3.784202983432e-13 -3.272757203516e-12 -6.423892538461e-12 2.526220201144e-11 1.690268492535e-10 4.743338951378e-10 8.924209513442e-10 1.350663873840e-09 1.965646022527e-09 
-2.336293036518e-16 -2.997810369158e-14 -5.350846348088e-13 -3.501044966765e-12 -9.249825022938e-12 6.197000428276e-12 1.216530893120e-10 4.234578729414e-10 8.868543216906e-10 1.531977811517e-09 
-3.609518572659e-18 -1.057727463209e-15 -3.815243137679e-14 -5.179619457383e-13 -3.650814364055e-12 -1.415483033887e-11 -2.187198058298e-11 6.004984461986e-11 4.080675168858e-10 1.102191146957e-09 
-1.487911067760e-20 -1.050323997546e-17 -7.800988261991e-16 -2.087250747249e-14 -3.013596614232e-13 -2.761051563746e-12 -1.659318997377e-11 -5.763949280439e-11 -2.996366910238e-11 5.943088527762e-10 
-2.979893321971e-24 -5.719780646716e-21 -1.015450202899e-18 -6.140783409771e-17 -1.985113172214e-15 -4.260107705892e-14 -6.763180894901e-13 -8.187976094272e-12 -6.812308262269e-11 -1.044110336999e-11 
