5.663682192465e-10 1.454660966503e-09 2.004141568111e-09 2.364507062926e-09 2.626000582937e-09 2.833925303902e-09 3.012062980064e-09 3.176046300900e-09 3.342460086784e-09 3.570349208878e-09 
4.730805467543e-11 3.865532011266e-10 9.267597422169e-10 1.442552268950e-09 1.860504237293e-09 2.197142197993e-09 2.484817506395e-09 2.749405305523e-09 3.017891790669e-09 3.385566602739e-09 
2.920751551142e-12 6.096035731770e-11 2.828067540382e-10 6.746221130979e-10 1.113464386896e-09 1.504193225903e-09 1.840439479857e-09 2.148379074974e-09 2.460502894221e-09 2.887899546203e-09 
-1.256862293589e-13 1.102067897726e-12 3.946783289447e-11 2.088189438966e-10 5.342073263666e-10 9.185144410211e-10 1.281870711218e-09 1.617102762765e-09 1.955272364394e-09 2.417842826677e-09 
-5.314011486448e-14 -1.646557962991e-12 -4.481470764242e-12 2.774799097633e-11 1.717621913569e-10 4.502150228213e-10 7.987640821600e-10 1.152417658583e-09 1.509712446914e-09 1.995535029822e-09 
-4.974614314807e-15 -3.108835885488e-13 -2.691015131036e-12 -5.277102691920e-12 2.083484688041e-11 1.390075208757e-10 3.894371541653e-10 7.320171054211e-10 1.107242651661e-09 1.610781071390e-09 
-1.920275553122e-16 -2.463520853590e-14 -4.391342066543e-13 -2.867055164336e-12 -7.547483049814e-12 5.182822816636e-12 9.985075155405e-11 3.467916991648e-10 7.246795239752e-10 1.250154454351e-09 
-2.962377256293e-18 -8.665980646637e-16 -3.122245469338e-14 -4.234643566974e-13 -2.979937297254e-12 -1.150451307185e-11 -1.746539483050e-11 4.990909788390e-11 3.319065950469e-10 8.918167374310e-10 
-1.216835463969e-20 -8.580479464622e-18 -6.361704064431e-16 -1.697638982297e-14 -2.442328956324e-13 -2.227617322956e-12 -1.331827421097e-11 -4.600163803821e-11 -2.285678067236e-11 4.761940156865e-10 
-2.409527688546e-24 -4.611687788333e-21 -8.167231396753e-19 -4.928913938463e-17 -1.590666022866e-15 -3.408275400711e-14 -5.399431092028e-13 -6.506877513558e-12 -5.350494087764e-11 -6.142602203532e-12 
