5.995275190727e-10 1.534725499337e-09 2.111598831669e-09 2.489703386849e-09 2.764044680543e-09 2.982184755437e-09 3.169074715800e-09 3.341114912127e-09 3.515704854765e-09 3.754751334595e-09 
4.954804620889e-11 4.041430459480e-10 9.678763435865e-10 1.505642828158e-09 1.941245350196e-09 2.292076674583e-09 2.591885160714e-09 2.867633282168e-09 3.147444511020e-09 3.530591006707e-09 
3.051179084936e-12 6.356659304163e-11 2.945737846442e-10 7.021988163875e-10 1.158420804693e-09 1.564558139335e-09 1.914068259769e-09 2.234154653771e-09 2.558591170191e-09 3.002816547713e-09 
-1.302501553166e-13 1.163290691540e-12 4.111197955024e-11 2.170505294209e-10 5.548848031828e-10 9.539218061383e-10 1.331161102282e-09 1.679188438769e-09 2.030271271208e-09 2.510478642997e-09 
-5.514291449126e-14 -1.707268853185e-12 -4.645368424628e-12 2.879914329687e-11 1.783371440399e-10 4.674001248756e-10 8.290435569119e-10 1.196015727934e-09 1.566791650134e-09 2.070915065323e-09 
-5.161975470317e-15 -3.227470458691e-13 -2.793644515704e-12 -5.467870969282e-12 2.165730015272e-11 1.441794438383e-10 4.038653108904e-10 7.594412221363e-10 1.148944273498e-09 1.671598416395e-09 
-1.993785960740e-16 -2.556229099731e-14 -4.553908666846e-13 -2.973749940831e-12 -7.848406361639e-12 5.279649446289e-12 1.035790751610e-10 3.602649393642e-10 7.528249622854e-10 1.298758194708e-09 
-3.071898103760e-18 -8.989049991534e-16 -3.241983314052e-14 -4.401662350070e-13 -3.099008950719e-12 -1.195401924374e-11 -1.808260640657e-11 5.185999223501e-11 3.444464420816e-10 9.266647470944e-10 
-1.264550982934e-20 -8.921780622220e-18 -6.613044224292e-16 -1.763528642565e-14 -2.535514006896e-13 -2.312668654824e-12 -1.385208086687e-11 -4.808525033094e-11 -2.440024840295e-11 4.966641902464e-10 
-2.500878364039e-24 -4.788031791483e-21 -8.487283652398e-19 -5.129366060655e-17 -1.658210448589e-15 -3.558996208795e-14 -5.644564537951e-13 -6.799875510998e-12 -5.578372549819e-11 -6.875520540506e-12 
