1.343365108146e-09 3.271062527214e-09 4.413164380352e-09 5.156006529909e-09 5.694425386706e-09 6.122539406426e-09 6.489330898470e-09 6.826979054423e-09 7.169631403427e-09 7.638783283730e-09 
9.442960529454e-11 7.531679548102e-10 1.780883753885e-09 2.752000599594e-09 3.536153238948e-09 4.167491458766e-09 4.707055600030e-09 5.203330270350e-09 5.706918421911e-09 6.396482870537e-09 
5.609841996472e-12 1.147888210763e-10 5.260653583209e-10 1.245994699629e-09 2.049436785876e-09 2.764450234529e-09 3.379838807508e-09 3.943463068070e-09 4.514745675641e-09 5.296955929791e-09 
-2.218727208181e-13 2.205165170582e-12 7.257748468570e-11 3.809313195011e-10 9.731682044512e-10 1.673223084389e-09 2.335805394012e-09 2.947506715483e-09 3.564563987003e-09 4.408537462567e-09 
-9.644782727605e-14 -2.991910312853e-12 -8.190073584520e-12 5.028940495156e-11 3.123876214068e-10 8.205188274886e-10 1.459501626638e-09 2.110075575144e-09 2.767659468554e-09 3.661588424136e-09 
-9.055718401900e-15 -5.670777085946e-13 -4.925062526802e-12 -9.817649181806e-12 3.724636465652e-11 2.535171359158e-10 7.174194748330e-10 1.356996546983e-09 2.059537982142e-09 3.002317382689e-09 
-3.507007483232e-16 -4.519335458913e-14 -8.116665198245e-13 -5.362733533588e-12 -1.445421948931e-11 8.312190419880e-12 1.851691094192e-10 6.518115943133e-10 1.372120940035e-09 2.377194861744e-09 
-5.473404574105e-18 -1.616633814055e-15 -5.871937838863e-14 -8.019885608176e-13 -5.684242774201e-12 -2.218985158485e-11 -3.508929860122e-11 9.039871978055e-11 6.362410431375e-10 1.739172698425e-09 
-2.300283386879e-20 -1.631057837536e-17 -1.215423336061e-15 -3.263331452577e-14 -4.734080515463e-13 -4.369539878417e-12 -2.658244292725e-11 -9.435201482723e-11 -5.614663137245e-11 9.628735525543e-10 
-4.696522485489e-24 -9.062454392701e-21 -1.618247468486e-18 -9.848955069920e-17 -3.206159598255e-15 -6.933055173781e-14 -1.109929687437e-12 -1.356616454477e-11 -1.144769455428e-10 -2.725704023334e-11 
