3.275080936990e-10 8.630512964153e-10 1.202597736709e-09 1.426606973410e-09 1.589309486243e-09 1.718683837098e-09 1.829521939892e-09 1.931552831326e-09 2.035095950248e-09 2.176889324133e-09 
2.980865352364e-11 2.479288552559e-10 6.012620457136e-10 9.421422581216e-10 1.219489468692e-09 1.443038973733e-09 1.634059462500e-09 1.809741535599e-09 1.988011408448e-09 2.232140430716e-09 
1.887965434643e-12 4.015193008152e-11 1.888490695372e-10 4.544742146721e-10 7.539059142898e-10 1.021254638531e-09 1.251404594264e-09 1.462157858007e-09 1.675768209376e-09 1.968267740983e-09 
-8.954861590456e-14 6.486891446715e-13 2.657745753053e-11 1.427766230297e-10 3.679422095196e-10 6.350303075093e-10 8.878583017899e-10 1.121164735975e-09 1.356501694882e-09 1.678404859024e-09 
-3.675350392499e-14 -1.149416809822e-12 -3.209692505737e-12 1.903752434014e-11 1.195601432039e-10 3.145009456600e-10 5.589403208150e-10 8.072205962053e-10 1.058033186862e-09 1.399051726801e-09 
-3.466266269266e-15 -2.176996320094e-13 -1.890422418567e-12 -3.730716455888e-12 1.450381501365e-11 9.741392734003e-11 2.738285320485e-10 5.154421449307e-10 7.798416682834e-10 1.134636468064e-09 
-1.346202477666e-16 -1.729757108916e-14 -3.089895599386e-13 -2.024336561141e-12 -5.357521002753e-12 3.629382400521e-12 7.072405045541e-11 2.449680777244e-10 5.106102044335e-10 8.798622587760e-10 
-2.084042253647e-18 -6.113945161976e-16 -2.206161760803e-14 -2.990532389554e-13 -2.097639292788e-12 -8.043373319216e-12 -1.202783762172e-11 3.533687761648e-11 2.326860304497e-10 6.234960727688e-10 
-8.597103205679e-21 -6.048302714224e-18 -4.469830854482e-16 -1.189124873189e-14 -1.706816600051e-13 -1.554836798527e-12 -9.288204332687e-12 -3.189464449948e-11 -1.419625503111e-11 3.301458903175e-10 
-1.682614862753e-24 -3.219335503487e-21 -5.700297424009e-19 -3.437762364597e-17 -1.107406767481e-15 -2.363860032203e-14 -3.718773828105e-13 -4.427889311818e-12 -3.581688597799e-11 -2.396443415846e-12 
