-9.9320277369345994e-08 2.0201346089485621e-07 2.8017528159871200e-07 3.2672881554802339e-07 3.6004726241308009e-07 3.8650089058493949e-07 4.0916249432528176e-07 4.3002351855423302e-07 4.5119393553709580e-07 4.8018745951323728e-07 
-4.5874517847758670e-07 -1.8177011450673781e-08 9.6211430322475103e-08 1.6618369674818720e-07 2.1636866396017386e-07 2.5570018257647153e-07 2.8916083297930019e-07 3.1992160465637654e-07 3.5113507185224386e-07 3.9388245291830418e-07 
-6.6210637461655509e-07 -1.4488533669583351e-07 -1.4576552041163932e-08 6.6441704509090762e-08 1.2757179695603299e-07 1.7541500493969856e-07 2.1517726069569149e-07 2.5136425102991536e-07 2.8802078703474762e-07 3.3821654896183439e-07 
-8.0938856809722558e-07 -2.4061097770793397e-07 -9.8232747600746920e-08 -1.3515734591865676e-08 5.2180370229848849e-08 1.0651169725121745e-07 1.5162963091346367e-07 1.9176257485947092e-07 2.3201007561171267e-07 2.8704417206243787e-07 
-9.2046405246418682e-07 -3.1782671332153166e-07 -1.6459657201086398e-07 -7.5808664200444629e-08 -1.0975898192000564e-08 4.4549354981191873e-08 9.3769643508892273e-08 1.3771275049229738e-07 1.8069028707695709e-07 2.3891852361301057e-07 
-1.0060463131061950e-06 -3.8219841218465327e-07 -2.2186598970864253e-07 -1.2778195961543311e-07 -6.2328533271328769e-08 -9.6112230288279946e-09 3.9443177630356491e-08 8.6827268692154965e-08 1.3293855423498070e-07 1.9346463505904999e-07 
-1.0717312475598746e-06 -4.3636981319587573e-07 -2.7260054146851287e-07 -1.7517295486705042e-07 -1.0681979884353973e-07 -5.4833989407758497e-08 -9.9529834364180405e-09 3.6433583975841145e-08 8.6450974895332032e-08 1.4975923608537229e-07 
-1.1214331257480427e-06 -4.8268514361414531e-07 -3.1797601580392087e-07 -2.1956033139640718e-07 -1.4929798763888553e-07 -9.5023079666726326e-08 -5.1680481396634799e-08 -1.2365258350019064e-08 3.6446857088002540e-08 1.0580791946599870e-07 
-1.1792484411635078e-06 -5.3378768533757660e-07 -3.6734268717698892e-07 -2.6783214150973397e-07 -1.9640585592543638e-07 -1.3987749126237598e-07 -9.2930320716949540e-08 -5.4592647759053588e-08 -1.8528297018615658e-08 5.4596012740507018e-08 
-1.2588831930509355e-06 -6.0326105168434234e-07 -4.3419499950278587e-07 -3.3311524557074389e-07 -2.6053237413414842e-07 -2.0282647266567383e-07 -1.5343700737075341e-07 -1.0866739379906918e-07 -6.8771530559051199e-08 -1.7612716877570066e-08 
