6.000436219752e-10 1.535970296942e-09 2.113261539511e-09 2.491634388350e-09 2.766169644687e-09 2.984463933328e-09 3.171486032405e-09 3.343647893133e-09 3.518361438555e-09 3.757616318598e-09 
4.958183459945e-11 4.043996352947e-10 9.684594781157e-10 1.506519858925e-09 1.942354152299e-09 2.293371166176e-09 2.593338417254e-09 2.869232629458e-09 3.149192231335e-09 3.532578733509e-09 
3.053067190962e-12 6.360227135012e-11 2.947259383394e-10 7.025385961341e-10 1.158957733963e-09 1.565265598553e-09 1.914921647501e-09 2.235141799579e-09 2.559714053717e-09 3.004156636824e-09 
-1.302841927989e-13 1.164507970722e-12 4.113239495599e-11 2.171428287093e-10 5.551025498387e-10 9.542783897608e-10 1.331644695464e-09 1.679788464776e-09 2.030988972359e-09 2.511383590106e-09 
-5.516327380909e-14 -1.707828994576e-12 -4.646329683601e-12 2.881136434100e-11 1.783990885625e-10 4.675486325149e-10 8.292926423796e-10 1.196363314432e-09 1.567238361251e-09 2.071518482997e-09 
-5.163729389695e-15 -3.228469532120e-13 -2.794411684696e-12 -5.468842027043e-12 2.166523003094e-11 1.442202648964e-10 4.039679280864e-10 7.596213705047e-10 1.149206202584e-09 1.671987794310e-09 
-1.994375178012e-16 -2.556910091192e-14 -4.555005929424e-13 -2.974378199206e-12 -7.849630891514e-12 5.282739051237e-12 1.036036866030e-10 3.603363488288e-10 7.529599446919e-10 1.298992982758e-09 
-3.072643585678e-18 -8.991019385734e-16 -3.242631389037e-14 -4.402457973631e-13 -3.099500611706e-12 -1.195555069268e-11 -1.808349058546e-11 5.187156965462e-11 3.444956222556e-10 9.267885418138e-10 
-1.264787305976e-20 -8.923286975553e-18 -6.614061361572e-16 -1.763775324235e-14 -2.535834072510e-13 -2.312927630635e-12 -1.385340596538e-11 -4.808868342225e-11 -2.439744671115e-11 4.967110579456e-10 
-2.501203860360e-24 -4.788610556420e-21 -8.488245569894e-19 -5.129909899243e-17 -1.658373568683e-15 -3.559315556244e-14 -5.645011609422e-13 -6.800322219673e-12 -5.578647110913e-11 -6.874355453142e-12 
