-4.9982008222999681e-10 5.7999517717317095e-10 8.6068819024965754e-10 1.0278649728401757e-09 1.1474320079929487e-09 1.2423293376806451e-09 1.3236165817502864e-09 1.3984444837949583e-09 1.4743821404023500e-09 1.5783809387630163e-09 
-2.0217344367469436e-09 -1.0101722985033760e-10 3.9738632462918302e-10 7.0265149704504234e-10 9.2170361508948854e-10 1.0932873076795605e-09 1.2392012524114178e-09 1.3733297408831765e-09 1.5094310114960878e-09 1.6958239719523989e-09 
-3.0194042585424454e-09 -6.6622944920780470e-10 -7.3627450000646167e-11 2.9474324833865950e-10 5.7296411051165697e-10 7.9078602956258484e-10 9.7174406895766757e-10 1.1363868759008848e-09 1.3031563543144708e-09 1.5315216861028233e-09 
-3.7526489203868616e-09 -1.1180098119721393e-09 -4.5843699653261210e-10 -6.6197057594773869e-11 2.3792113268883021e-10 4.8961651921112231e-10 6.9869680807018953e-10 8.8463174540841277e-10 1.0710630581697314e-09 1.3259791764988804e-09 
-4.3124513549256942e-09 -1.4904091671929794e-09 -7.7276897114747546e-10 -3.5694961571186738e-10 -5.3502286459415787e-11 2.0636415553415982e-10 4.3687351125361107e-10 6.4272364658233420e-10 8.4400526253600676e-10 1.1166774805784578e-09 
-4.7479384807254096e-09 -1.8045200130087187e-09 -1.0480184731530982e-09 -6.0405547700196484e-10 -2.9522817370842883e-10 -4.6609552269491645e-11 1.8474150622539170e-10 4.0834275190405671e-10 6.2596302131660972e-10 9.1154708048545901e-10 
-5.0832404226934987e-09 -2.0700911674916946e-09 -1.2934257572070278e-09 -8.3136758835275967e-10 -5.0717740895151749e-10 -2.6063860872641674e-10 -4.7870556204222734e-11 1.7205660427013767e-10 4.0930748103320266e-10 7.0957584003445209e-10 
-5.3343561772756688e-09 -2.2961346936962483e-09 -1.5126912740807081e-09 -1.0445730500341898e-09 -7.1036152589521993e-10 -4.5218750985330819e-10 -2.4602969951915131e-10 -5.9072144292949044e-11 1.7308851318018442e-10 5.0304385123233217e-10 
-5.6145562359165835e-09 -2.5414384405955108e-09 -1.7489733959250164e-09 -1.2751914628569384e-09 -9.3512193330662915e-10 -6.6598237672637127e-10 -4.4245943010600132e-10 -2.5993458769699256e-10 -8.8235407877133948e-11 2.5993354138768120e-10 
-6.0102389801282173e-09 -2.8805233402169243e-09 -2.0734598814911931e-09 -1.5909397375834257e-09 -1.2444539534310815e-09 -9.6898568567200535e-10 -7.3321654286994839e-10 -5.1949253496632377e-10 -3.2895894226356072e-10 -8.4676529595025683e-11 
