2.441654282704e-10 6.506571212450e-10 9.113301334903e-10 1.083824273248e-09 1.209175225599e-09 1.308850658231e-09 1.394243962055e-09 1.472851760262e-09 1.552624619013e-09 1.661866710376e-09 
2.306924478622e-11 1.935999736453e-10 4.723729684983e-10 7.428951640244e-10 9.635511179579e-10 1.141491161709e-09 1.293530156671e-09 1.433356994437e-09 1.575243003802e-09 1.769546675123e-09 
1.478599029811e-12 3.178524327472e-11 1.506577758507e-10 3.645307145851e-10 6.067621394601e-10 8.234174054238e-10 1.009976833123e-09 1.180806792711e-09 1.353948029561e-09 1.591032076032e-09 
-7.427225611839e-14 4.617022831835e-13 2.125380879532e-11 1.156371861100e-10 2.995142240342e-10 5.181900881982e-10 7.254889722645e-10 9.168329743401e-10 1.109828805039e-09 1.373812054668e-09 
-3.005519695224e-14 -9.453596901041e-13 -2.675389273879e-12 1.546080981127e-11 9.790931082068e-11 2.584533474259e-10 4.603516535511e-10 6.655799398703e-10 8.729033000391e-10 1.154781673365e-09 
-2.843621641701e-15 -1.790532758499e-13 -1.560892682687e-12 -3.119984957376e-12 1.184522358539e-11 8.048387817818e-11 2.268901892881e-10 4.274959755257e-10 6.471285280306e-10 9.418485214727e-10 
-1.108869360461e-16 -1.430438750794e-14 -2.563566047649e-13 -1.683358426139e-12 -4.459998953944e-12 2.997350134857e-12 5.868089853452e-11 2.035348664085e-10 4.248011722772e-10 7.323196406120e-10 
-1.729017071518e-18 -5.080123156102e-16 -1.833513972636e-14 -2.485925697664e-13 -1.745612567373e-12 -6.714259902904e-12 -1.011691373997e-11 2.942863404950e-11 1.943098966372e-10 5.199317940994e-10 
-7.145358312740e-21 -5.030466418956e-18 -3.722827445266e-16 -9.919734336781e-15 -1.425443275113e-13 -1.298304358235e-12 -7.735318959644e-12 -2.640135037781e-11 -1.138301574795e-11 2.740859403146e-10 
-1.405570808396e-24 -2.687587488714e-21 -4.752424543916e-19 -2.861000280196e-17 -9.197785707861e-16 -1.959529615523e-14 -3.078117501162e-13 -3.664589683062e-12 -2.965272775990e-11 -1.138084567495e-12 
