-1.5002288657855649e-09 2.5066495602844810e-09 3.5466539774000405e-09 4.1658898564643564e-09 4.6090254879576829e-09 4.9608600795657394e-09 5.2622626322520405e-09 5.5397175053120120e-09 5.8212873642220648e-09 6.2069056335428094e-09 
-6.1908082941029541e-09 -2.1774857465533626e-10 1.3340014404598222e-09 2.2824462319995508e-09 2.9622643919752808e-09 3.4952608472797831e-09 3.9488514341992730e-09 4.3658744112206542e-09 4.7890374053314572e-09 5.3685665581542902e-09 
-8.6649559310312946e-09 -1.8785178981310772e-09 -1.6781820777421249e-10 8.9608116633880019e-10 1.6977545370823303e-09 2.3249571264538164e-09 2.8465139308195551e-09 3.3213191039124534e-09 3.8023089589661034e-09 4.4609557123608917e-09 
-1.0404812892035557e-08 -3.0870213789709607e-09 -1.2552414008954908e-09 -1.6463765576992140e-10 6.8093832877590766e-10 1.3796704476078340e-09 1.9599293388632130e-09 2.4762526795071914e-09 2.9940912572285142e-09 3.7021738488737777e-09 
-1.1781480458218489e-08 -4.0685029976843992e-09 -2.1073849754186603e-09 -9.7082005949706284e-10 -1.4085914370733845e-10 5.6954928104161298e-10 1.1992601191517670e-09 1.7617502010828333e-09 2.3119146646856144e-09 3.0571816438344659e-09 
-1.2972063676776675e-08 -4.9323405809952683e-09 -2.8660224427752837e-09 -1.6532753190595868e-09 -8.0947241705789912e-10 -1.3041657486022343e-10 5.0095086195099710e-10 1.1114637676457367e-09 1.7061937047951439e-09 2.4863953285463327e-09 
-1.4080441696864575e-08 -5.7394602209931710e-09 -3.5894838081281210e-09 -2.3102983109373196e-09 -1.4124953477779044e-09 -7.2964228632400196e-10 -1.4132964902418453e-10 4.6598060008549187e-10 1.1229735294817787e-09 1.9551244051806954e-09 
-1.5224373595453982e-08 -6.5607294372902663e-09 -4.3266976439469711e-09 -2.9918008381646979e-09 -2.0385665060977042e-09 -1.3016827589740838e-09 -7.1311317696504955e-10 -1.8178742975785668e-10 4.7718328354091032e-10 1.4204789801326819e-09 
-1.6950298573175021e-08 -7.6822190830481535e-09 -5.2922586584125063e-09 -3.8633981994382608e-09 -2.8377659509337382e-09 -2.0258344129257443e-09 -1.3505947037069068e-09 -7.9805467981568091e-10 -2.8434784517683583e-10 7.6138725459576549e-10 
-2.0726784705561314e-08 -9.9576139889018881e-09 -7.1805547597559901e-09 -5.5202305102800615e-09 -4.3279922575997243e-09 -3.3801122777664035e-09 -2.5687097450303996e-09 -1.8319264825367046e-09 -1.1683329547589483e-09 -3.3307139136052559e-10 
