3.751950549591e-06 1.581761545706e-06 3.161054390373e-07 4.362227185752e-08 4.234337854714e-09 2.637259343790e-10 9.045118372154e-12 1.296412180910e-13 4.269801805733e-16 5.171234378450e-20 
1.581761545706e-06 3.872803845409e-06 2.339068853863e-06 7.521215938576e-07 1.489210365362e-07 1.823814566562e-08 1.250882641423e-09 3.759886660390e-11 2.808165202601e-13 9.020174365383e-17 
3.161054390373e-07 2.339068853863e-06 3.646540637079e-06 2.468450541453e-06 9.284602515240e-07 2.035071550346e-07 2.457895855258e-08 1.336165023179e-09 1.947457292262e-11 1.458186983574e-14 
4.362227185752e-08 7.521215938576e-07 2.468450541453e-06 3.343830412521e-06 2.312700803831e-06 9.012787176528e-07 1.891913179729e-07 1.798463579234e-08 4.849023833777e-10 8.019473320309e-13 
4.234337854714e-09 1.489210365362e-07 9.284602515240e-07 2.312700803831e-06 2.958079276478e-06 2.039432878622e-06 7.584859600127e-07 1.285833762594e-07 6.460634731247e-09 2.349564574912e-11 
2.637259343790e-10 1.823814566562e-08 2.035071550346e-07 9.012787176528e-07 2.039432878622e-06 2.582294888045e-06 1.730168841440e-06 5.469944486851e-07 5.393726416390e-08 4.533558744888e-10 
9.045118372154e-12 1.250882641423e-09 2.457895855258e-08 1.891913179729e-07 7.584859600127e-07 1.730168841440e-06 2.240823128605e-06 1.389431634013e-06 2.934442782442e-07 6.366699708076e-09 
1.296412180910e-13 3.759886660390e-11 1.336165023179e-09 1.798463579234e-08 1.285833762594e-07 5.469944486851e-07 1.389431634013e-06 1.919640186594e-06 9.808173963406e-07 6.642293849735e-08 
4.269801805733e-16 2.808165202601e-13 1.947457292262e-11 4.849023833777e-10 6.460634731247e-09 5.393726416390e-08 2.934442782442e-07 9.808173963406e-07 1.599242057915e-06 4.728285453478e-07 
5.171234378450e-20 9.020174365383e-17 1.458186983574e-14 8.019473320309e-13 2.349564574912e-11 4.533558744888e-10 6.366699708076e-09 6.642293849735e-08 4.728285453478e-07 1.008110103058e-06 
