2.233944111850e-07 7.561198481596e-08 1.401218679042e-08 1.754552574894e-09 1.564972505168e-10 9.200680034897e-12 3.047172391479e-13 4.301230246889e-15 1.412156883428e-17 1.700174343530e-21 
7.561198481596e-08 2.014067714553e-07 9.660931500200e-08 2.852560929644e-08 5.296686909052e-09 6.224349918317e-10 4.172668260397e-11 1.245620106548e-12 9.273103367058e-15 2.964985573586e-18 
1.401218679042e-08 9.660931500200e-08 1.670307911623e-07 8.911653209204e-08 3.211378090320e-08 6.848062952741e-09 8.162585528756e-10 4.423216567000e-11 6.420933520517e-13 4.792889584905e-16 
1.754552574894e-09 2.852560929644e-08 8.911653209204e-08 1.434897717857e-07 7.831751899506e-08 3.004237845667e-08 6.269940562387e-09 5.947401877111e-10 1.596675018792e-11 2.636004067555e-14 
1.564972505168e-10 5.296686909052e-09 3.211378090320e-08 7.831751899506e-08 1.260342599903e-07 6.765169020579e-08 2.511065701763e-08 4.245494443924e-09 2.125264069127e-10 7.724049107152e-13 
9.200680034897e-12 6.224349918317e-10 6.848062952741e-09 3.004237845667e-08 6.765169020579e-08 1.127854275825e-07 5.719558924660e-08 1.802430652271e-08 1.773240218804e-09 1.490786777177e-11 
3.047172391479e-13 4.172668260397e-11 8.162585528756e-10 6.269940562387e-09 2.511065701763e-08 5.719558924660e-08 1.011629564887e-07 4.570519090825e-08 9.645439026150e-09 2.094668919277e-10 
4.301230246889e-15 1.245620106548e-12 4.423216567000e-11 5.947401877111e-10 4.245494443924e-09 1.802430652271e-08 4.570519090825e-08 9.037819171956e-08 3.224719852613e-08 2.187576522020e-09 
1.412156883428e-17 9.273103367058e-15 6.420933520517e-13 1.596675018792e-11 2.125264069127e-10 1.773240218804e-09 9.645439026150e-09 3.224719852613e-08 7.991714483439e-08 1.561072329236e-08 
1.700174343530e-21 2.964985573586e-18 4.792889584905e-16 2.636004067555e-14 7.724049107152e-13 1.490786777177e-11 2.094668919277e-10 2.187576522020e-09 1.561072329236e-08 6.084096660715e-08 
