1.191852705013e-07 3.896552238606e-08 7.478758892217e-09 9.539748211250e-10 8.590033982368e-11 5.055830254089e-12 1.669229070225e-13 2.332100254044e-15 7.486995610662e-18 8.772282216221e-22 
3.896552238606e-08 1.201781768222e-07 5.231690044835e-08 1.561895493568e-08 2.911445109359e-09 3.414853191387e-10 2.277556784814e-11 6.696502391897e-13 4.889734225889e-15 1.518613935057e-18 
7.478758892217e-09 5.231690044835e-08 1.041274665807e-07 4.897365114344e-08 1.763706647357e-08 3.749306462834e-09 4.431152626786e-10 2.360427524698e-11 3.370946282443e-13 2.435867068609e-16 
9.539748211250e-10 1.561895493568e-08 4.897365114344e-08 9.154086126929e-08 4.292757914663e-08 1.638602951832e-08 3.378708570453e-09 3.153616073643e-10 8.342319106371e-12 1.328668742724e-14 
8.590033982368e-11 2.911445109359e-09 1.763706647357e-08 4.292757914663e-08 8.163037168178e-08 3.662658338197e-08 1.341133793134e-08 2.238071225150e-09 1.103436213081e-10 3.859259171963e-13 
5.055830254089e-12 3.414853191387e-10 3.749306462834e-09 1.638602951832e-08 3.662658338197e-08 7.349271157450e-08 3.027807159556e-08 9.442739197496e-09 9.123359335691e-10 7.378097514363e-12 
1.669229070225e-13 2.277556784814e-11 4.431152626786e-10 3.378708570453e-09 1.341133793134e-08 3.027807159556e-08 6.651465847741e-08 2.372399145404e-08 4.896287243333e-09 1.025478895548e-10 
2.332100254044e-15 6.696502391897e-13 2.360427524698e-11 3.153616073643e-10 2.238071225150e-09 9.442739197496e-09 2.372399145404e-08 5.995692385994e-08 1.606396224132e-08 1.056111006139e-09 
7.486995610662e-18 4.889734225889e-15 3.370946282443e-13 8.342319106371e-12 1.103436213081e-10 9.123359335691e-10 4.896287243333e-09 1.606396224132e-08 5.335996547849e-08 7.363899737359e-09 
8.772282216221e-22 1.518613935057e-18 2.435867068609e-16 1.328668742724e-14 3.859259171963e-13 7.378097514363e-12 1.025478895548e-10 1.056111006139e-09 7.363899737359e-09 4.290602937767e-08 
