1.694662003340e-07 5.706822103300e-08 1.070457043502e-08 1.347112288875e-09 1.202349880780e-10 7.051167047363e-12 2.326608522208e-13 3.252630074475e-15 1.056776785826e-17 1.252759986128e-21 
5.706822103300e-08 1.603080960468e-07 7.410244362067e-08 2.192037751548e-08 4.063539362837e-09 4.761497722594e-10 3.172793688979e-11 9.375856954297e-13 6.920441536439e-15 2.179409685170e-18 
1.070457043502e-08 7.410244362067e-08 1.348843314685e-07 6.841585871184e-08 2.459526482205e-08 5.225331139182e-09 6.179211457042e-10 3.318844575814e-11 4.777975395488e-13 3.516052006622e-16 
1.347112288875e-09 2.192037751548e-08 6.841585871184e-08 1.165328105982e-07 5.984573671971e-08 2.282969616304e-08 4.725392599327e-09 4.450464733657e-10 1.184257330729e-11 1.930051529819e-14 
1.202349880780e-10 4.063539362837e-09 2.459526482205e-08 5.984573671971e-08 1.026350535241e-07 5.111926710997e-08 1.884737849925e-08 3.167454283255e-09 1.570682850504e-10 5.642309352239e-13 
7.051167047363e-12 4.761497722594e-10 5.225331139182e-09 2.282969616304e-08 5.111926710997e-08 9.175607980603e-08 4.276848415271e-08 1.339292494136e-08 1.305559892500e-09 1.085357269893e-11 
2.326608522208e-13 3.172793688979e-11 6.179211457042e-10 4.725392599327e-09 1.884737849925e-08 4.276848415271e-08 8.249998377619e-08 3.377384826354e-08 7.073978341274e-09 1.516708781300e-10 
3.252630074475e-15 9.375856954297e-13 3.318844575814e-11 4.450464733657e-10 3.167454283255e-09 1.339292494136e-08 3.377384826354e-08 7.387765711589e-08 2.352626345237e-08 1.568528588792e-09 
1.056776785826e-17 6.920441536439e-15 4.777975395488e-13 1.184257330729e-11 1.570682850504e-10 1.305559892500e-09 7.073978341274e-09 2.352626345237e-08 6.547456900872e-08 1.099915625366e-08 
1.252759986128e-21 2.179409685170e-18 3.516052006622e-16 1.930051529819e-14 5.642309352239e-13 1.085357269893e-11 1.516708781300e-10 1.568528588792e-09 1.099915625366e-08 5.065687578619e-08 
