1.3336510574584431e-07 4.4240335200582585e-08 8.4236906676619188e-09 1.0690347413236342e-09 9.5892204757080206e-11 5.6327213255589930e-12 1.8572553355466771e-13 2.5915408885059307e-15 8.3441797164595334e-18 9.7868293924893842e-22 
4.4240335200582585e-08 1.3192888571898846e-07 5.8696679151197214e-08 1.7457020358606124e-08 3.2453331135047022e-09 3.8021340135264614e-10 2.5315997020795937e-11 7.4485491672402709e-13 5.4505708173218594e-15 1.6968596464588875e-18 
8.4236906676619188e-09 5.8696679151197214e-08 1.1310703650634103e-07 5.4617679158843334e-08 1.9645153293229453e-08 4.1710079730721599e-09 4.9244601061457648e-10 2.6283952944380401e-11 3.7566733658221785e-13 2.7269771516681336e-16 
1.0690347413236342e-09 1.7457020358606124e-08 5.4617679158843334e-08 9.8760922366982373e-08 4.7778344993570451e-08 1.8213081683544906e-08 3.7571019598185788e-09 3.5142765278422431e-10 9.2957412227086960e-12 1.4905919640494303e-14 
9.5892204757080206e-11 3.2453331135047022e-09 1.9645153293229453e-08 4.7778344993570451e-08 8.7596629449844949e-08 4.0708595337562426e-08 1.4931878823894259e-08 2.4945810880705805e-09 1.2300639897761721e-10 4.3385277381792705e-13 
5.6327213255589930e-12 3.8021340135264614e-10 4.1710079730721599e-09 1.8213081683544906e-08 4.0708595337562426e-08 7.8608747282990235e-08 3.3745718477983941e-08 1.0522550977232577e-08 1.0185272753394858e-09 8.3089148936079331e-12 
1.8572553355466771e-13 2.5315997020795937e-11 4.9244601061457648e-10 3.7571019598185788e-09 1.4931878823894259e-08 3.3745718477983941e-08 7.0898547684186631e-08 2.6447257099807601e-08 5.4830464473007783e-09 1.1561167872431150e-10 
2.5915408885059307e-15 7.4485491672402709e-13 2.6283952944380401e-11 3.5142765278422431e-10 2.4945810880705805e-09 1.0522550977232577e-08 2.6447257099807601e-08 6.3711244644677801e-08 1.8066494867018914e-08 1.1908664069420748e-09 
8.3441797164595334e-18 5.4505708173218594e-15 3.7566733658221785e-13 9.2957412227086960e-12 1.2300639897761721e-10 1.0185272753394858e-09 5.4830464473007783e-09 1.8066494867018914e-08 5.6563935150038286e-08 8.3151842241115500e-09 
9.7868293924893842e-22 1.6968596464588875e-18 2.7269771516681336e-16 1.4905919640494303e-14 4.3385277381792705e-13 8.3089148936079331e-12 1.1561167872431150e-10 1.1908664069420748e-09 8.3151842241115500e-09 4.4976912972204212e-08 
