2.549195389235e-09 1.782138833307e-11 2.059352178090e-11 2.226880210215e-11 2.347125146323e-11 2.442719784268e-11 2.524638337149e-11 2.600050234990e-11 2.676579954026e-11 2.781377239413e-11 
1.782138833307e-11 2.573201779269e-09 4.320864026276e-11 4.857574695453e-11 5.242977303662e-11 5.548865891048e-11 5.811004065972e-11 6.052341241938e-11 6.297258256731e-11 6.632646657353e-11 
2.059352178090e-11 4.320864026276e-11 2.595190515337e-09 6.600136851471e-11 7.278834622512e-11 7.815433651241e-11 8.274537589294e-11 8.697230305638e-11 9.126223544445e-11 9.713696552638e-11 
2.226880210215e-11 4.857574695453e-11 6.600136851471e-11 2.617642066471e-09 8.931362744707e-11 9.740133155110e-11 1.042851976582e-10 1.106117741779e-10 1.170328912523e-10 1.258268296062e-10 
2.347125146323e-11 5.242977303662e-11 7.278834622512e-11 8.931362744707e-11 2.641502675470e-09 1.143598389303e-10 1.240221382410e-10 1.328500269865e-10 1.417972171341e-10 1.540537970677e-10 
2.442719784268e-11 5.548865891048e-11 7.815433651241e-11 9.740133155110e-11 1.143598389303e-10 2.667657291415e-09 1.421382627968e-10 1.539453562656e-10 1.658305761342e-10 1.821061417261e-10 
2.524638337149e-11 5.811004065972e-11 8.274537589294e-11 1.042851976582e-10 1.240221382410e-10 1.421382627968e-10 2.697247164912e-09 1.742533800595e-10 1.896637157905e-10 2.106098440224e-10 
2.600050234990e-11 6.052341241938e-11 8.697230305638e-11 1.106117741779e-10 1.328500269865e-10 1.539453562656e-10 1.742533800595e-10 2.732723149474e-09 2.144328118568e-10 2.410165709927e-10 
2.676579954026e-11 6.297258256731e-11 9.126223544445e-11 1.170328912523e-10 1.417972171341e-10 1.658305761342e-10 1.896637157905e-10 2.144328118568e-10 2.780199017854e-09 2.768761447938e-10 
2.781377239413e-11 6.632646657353e-11 9.713696552638e-11 1.258268296062e-10 1.540537970677e-10 1.821061417261e-10 2.106098440224e-10 2.410165709927e-10 2.768761447938e-10 2.871908049111e-09 
