1.3998956643884797e-07 6.8443643301664050e-08 5.0655243212737910e-08 4.0023700453101560e-08 3.2390109925190013e-08 2.6324932949439754e-08 2.1138657784952786e-08 1.6389410361395011e-08 1.1631931856547302e-08 5.3221390128065203e-09 
6.8443643301664050e-08 3.6913653595416285e-08 2.5592032325652992e-08 2.0342546349667770e-08 1.6573924753839235e-08 1.3579636246702073e-08 1.1018782361761523e-08 8.6730379811066404e-09 6.3225783651004189e-09 3.2102374723191390e-09 
5.0655243212737910e-08 2.5592032325652992e-08 2.1668468865393197e-08 1.5267715357788967e-08 1.2495209727971454e-08 1.0292375697402441e-08 8.4081895548906110e-09 6.6819243389196094e-09 4.9518476643808887e-09 2.6636022900555566e-09 
4.0023700453101560e-08 2.0342546349667770e-08 1.5267715357788967e-08 1.4773068799269078e-08 1.0057473467847494e-08 8.3276307037635063e-09 6.8478258506224330e-09 5.4917840224683358e-09 4.1324800856507145e-09 2.3367539133473614e-09 
3.2390109925190013e-08 1.6573924753839235e-08 1.2495209727971454e-08 1.0057473467847494e-08 1.0846501278562368e-08 6.9179391529115864e-09 5.7285185808921526e-09 4.6383022263041891e-09 3.5452426364585803e-09 2.1032053339865878e-09 
2.6324932949439754e-08 1.3579636246702073e-08 1.0292375697402441e-08 8.3276307037635063e-09 6.9179391529115864e-09 8.3363963830545533e-09 4.8393271285416251e-09 3.9602923713642183e-09 3.0787038702561942e-09 1.9176567846003483e-09 
2.1138657784952786e-08 1.1018782361761523e-08 8.4081895548906110e-09 6.8478258506224330e-09 5.7285185808921526e-09 4.8393271285416251e-09 6.6167231607397632e-09 3.3799472878951598e-09 2.6790431889814386e-09 1.7580538028063859e-09 
1.6389410361395011e-08 8.6730379811066404e-09 6.6819243389196094e-09 5.4917840224683358e-09 4.6383022263041891e-09 3.9602923713642183e-09 3.3799472878951598e-09 5.3860390942530530e-09 2.3124754095919624e-09 1.6106191409448879e-09 
1.1631931856547302e-08 6.3225783651004189e-09 4.9518476643808887e-09 4.1324800856507145e-09 3.5452426364585803e-09 3.0787038702561942e-09 2.6790431889814386e-09 2.3124754095919624e-09 4.4836831878557410e-09 1.4629040556694054e-09 
5.3221390128065203e-09 3.2102374723191390e-09 2.6636022900555566e-09 2.3367539133473614e-09 2.1032053339865878e-09 1.9176567846003483e-09 1.7580538028063859e-09 1.6106191409448879e-09 1.4629040556694054e-09 3.8180204683397131e-09 
