2.8590171303407855e-08 1.2790119122080192e-08 9.3725471078081616e-09 7.3304189076827415e-09 5.8640641507221777e-09 4.6992028083112119e-09 3.7038310311270814e-09 2.7935427269958982e-09 1.8832442448628460e-09 6.6977573004519088e-10 
1.2790119122080192e-08 8.8953880770797989e-09 4.6986827316469833e-09 3.7078194251537108e-09 2.9965381370704874e-09 2.4315433921437437e-09 1.9486651187045262e-09 1.5069593450117472e-09 1.0652630789789851e-09 4.7794320850362462e-10 
9.3725471078081616e-09 4.6986827316469833e-09 6.0322547539211240e-09 2.7737824765446633e-09 2.2570309773186943e-09 1.8465788753334240e-09 1.4957408737836635e-09 1.1747644695495204e-09 8.5380167598470362e-10 4.2780300863652074e-10 
7.3304189076827415e-09 3.7078194251537108e-09 2.7737824765446633e-09 4.7541442433565837e-09 1.8151691350834563e-09 1.4970521918835216e-09 1.2251014262438394e-09 9.7626056694868453e-10 7.2743864241688481e-10 3.9783238463981804e-10 
5.8640641507221777e-09 2.9965381370704874e-09 2.2570309773186943e-09 1.8151691350834563e-09 4.0366854013242688e-09 1.2464402020107174e-09 1.0311470259552579e-09 8.3410545260798066e-10 6.3709451462221356e-10 3.7672303757588390e-10 
4.6992028083112119e-09 2.4315433921437437e-09 1.8465788753334240e-09 1.4970521918835216e-09 1.2464402020107174e-09 3.5858979119891967e-09 8.7717061539756351e-10 7.2127194335600253e-10 5.6540111508417414e-10 3.6002492611995254e-10 
3.7038310311270814e-09 1.9486651187045262e-09 1.4957408737836635e-09 1.2251014262438394e-09 1.0311470259552579e-09 8.7717061539756351e-10 3.2839318046584848e-09 6.2475950913820416e-10 5.0400437095736276e-10 3.4556728747617176e-10 
2.7935427269958982e-09 1.5069593450117472e-09 1.1747644695495204e-09 9.7626056694868453e-10 8.3410545260798066e-10 7.2127194335600253e-10 6.2475950913820416e-10 3.0748567702692636e-09 4.4783764645288286e-10 3.3215334905503866e-10 
1.8832442448628460e-09 1.0652630789789851e-09 8.5380167598470362e-10 7.2743864241688481e-10 6.3709451462221356e-10 5.6540111508417414e-10 5.0400437095736276e-10 4.4783764645288286e-10 2.9304352090856069e-09 3.1905731607604825e-10 
6.6977573004519088e-10 4.7794320850362462e-10 4.2780300863652074e-10 3.9783238463981804e-10 3.7672303757588390e-10 3.6002492611995254e-10 3.4556728747617176e-10 3.3215334905503866e-10 3.1905731607604825e-10 2.8435040970462807e-09 
