2.3246063054963159e-08 1.0143290138165333e-08 7.4209073577619379e-09 5.7942464871980719e-09 4.6262424829711676e-09 3.6984394613123766e-09 2.9057479473743438e-09 2.1810301534343392e-09 1.4566489883266020e-09 4.9026521088312198e-10 
1.0143290138165333e-08 7.5694909145383039e-09 3.7132976641669260e-09 2.9259339993985140e-09 2.3607510370469237e-09 1.9118352516906968e-09 1.5282209072666336e-09 1.1774233544289170e-09 8.2681865798126083e-10 3.6032734705505930e-10 
7.4209073577619379e-09 3.7132976641669260e-09 5.2959798665515988e-09 2.1863829151484916e-09 1.7764979844888760e-09 1.4509515287469209e-09 1.1727284269864220e-09 9.1826659561147983e-10 6.6395973238816172e-10 3.2625532762183485e-10 
5.7942464871980719e-09 2.9259339993985140e-09 2.1863829151484916e-09 4.2829705470900745e-09 1.4274128279726063e-09 1.1755726973292306e-09 9.6031217869199476e-10 7.6340799932408129e-10 5.6663853855959465e-10 3.0588316025224847e-10 
4.6262424829711676e-09 2.3607510370469237e-09 1.7764979844888760e-09 1.4274128279726063e-09 3.7154977619218385e-09 9.7814367533112539e-10 8.0810287486699124e-10 6.5252887540642731e-10 4.9708167333814971e-10 2.9159507642711061e-10 
3.6984394613123766e-09 1.9118352516906968e-09 1.4509515287469209e-09 1.1755726973292306e-09 9.7814367533112539e-10 3.3598508152444705e-09 6.8728215391901785e-10 5.6453370786987561e-10 4.4189558409976463e-10 2.8030821483581566e-10 
2.9057479473743438e-09 1.5282209072666336e-09 1.1727284269864220e-09 9.6031217869199476e-10 8.0810287486699124e-10 6.8728215391901785e-10 3.1224208211898158e-09 4.8928016495447529e-10 3.9464112730543063e-10 2.7051501808500405e-10 
2.1810301534343392e-09 1.1774233544289170e-09 9.1826659561147983e-10 7.6340799932408129e-10 6.5252887540642731e-10 5.6453370786987561e-10 4.8928016495447529e-10 2.9588731875602015e-09 3.5143841149415121e-10 2.6141620385167165e-10 
1.4566489883266020e-09 8.2681865798126083e-10 6.6395973238816172e-10 5.6663853855959465e-10 4.9708167333814971e-10 4.4189558409976463e-10 3.9464112730543063e-10 3.5143841149415121e-10 2.8470040177856548e-09 2.5261925577665031e-10 
4.9026521088312198e-10 3.6032734705505930e-10 3.2625532762183485e-10 3.0588316025224847e-10 2.9159507642711061e-10 2.8030821483581566e-10 2.7051501808500405e-10 2.6141620385167165e-10 2.5261925577665031e-10 2.7822224471567936e-09 
