1.872921194662e-10 5.037448675455e-10 7.085452351832e-10 8.444147698388e-10 9.431965454167e-10 1.021746029899e-09 1.089039700124e-09 1.150985985720e-09 1.213850336446e-09 1.299924161789e-09 
1.823458701230e-11 1.541705778039e-10 3.781479765948e-10 5.966412706583e-10 7.752857520575e-10 9.194080080163e-10 1.042547065301e-09 1.155792320001e-09 1.270704826287e-09 1.428055137531e-09 
1.180075904966e-12 2.559891323778e-11 1.221972724360e-10 2.972770134433e-10 4.964019005964e-10 6.747989838723e-10 8.284782173625e-10 9.691923026883e-10 1.111806174885e-09 1.307074659375e-09 
-6.267934412173e-14 3.285161958238e-13 1.730893713551e-11 9.519505675183e-11 2.476001830681e-10 4.294942814594e-10 6.022161532150e-10 7.616671301670e-10 9.224865762045e-10 1.142442298887e-09 
-2.494486126936e-14 -7.876670851200e-13 -2.261472042230e-12 1.270012345398e-11 8.141104317123e-11 2.159421725808e-10 3.854735303381e-10 5.579239999306e-10 7.321707703453e-10 9.690501711814e-10 
-2.366099520657e-15 -1.497248884852e-13 -1.313031268538e-12 -2.657048003189e-12 9.872415266183e-12 6.760784948013e-11 1.909316947038e-10 3.603133568523e-10 5.459598981241e-10 7.950177483754e-10 
-9.298362835197e-17 -1.204003119670e-14 -2.161432331419e-13 -1.421411702068e-12 -3.785628356016e-12 2.399401352234e-12 4.935497718647e-11 1.722966083732e-10 3.602948053034e-10 6.214757957447e-10 
-1.457533898130e-18 -4.287020821401e-16 -1.550472697007e-14 -2.108701970911e-13 -1.486189607940e-12 -5.733290174291e-12 -8.629694478544e-12 2.514819759111e-11 1.652676441277e-10 4.419881866229e-10 
-6.055267374975e-21 -4.276108141571e-18 -3.170334954820e-16 -8.450778759487e-15 -1.213269717317e-13 -1.103098259779e-12 -6.563096450790e-12 -2.245179082941e-11 -9.970600971387e-12 2.331640080568e-10 
-1.195108361570e-24 -2.282376452330e-21 -4.032973771386e-19 -2.427876685050e-17 -7.811930121572e-16 -1.667053801606e-14 -2.624275922951e-13 -3.127091132415e-12 -2.515446825462e-11 -4.006589497577e-13 
