9.954115333851e-10 2.471963425551e-09 3.359813679317e-09 3.938759277192e-09 4.358518155831e-09 4.692282292508e-09 4.978236672424e-09 5.241470416556e-09 5.508605473089e-09 5.874361864923e-09 
7.449798058243e-11 5.984993655552e-10 1.420592810600e-09 2.199298044514e-09 2.828468516829e-09 3.335034717900e-09 3.767952827973e-09 4.166136662041e-09 4.570188540544e-09 5.123457873670e-09 
4.478842872565e-12 9.210762844201e-11 4.232089665957e-10 1.003441237220e-09 1.650929214786e-09 2.226902779166e-09 2.722523594272e-09 3.176447646491e-09 3.636544003215e-09 4.266517261887e-09 
-1.798155003650e-13 1.771316845973e-12 5.856782868396e-11 3.072475166223e-10 7.841318636052e-10 1.346906907149e-09 1.878968538307e-09 2.369997628105e-09 2.865336830192e-09 3.542846931676e-09 
-7.774226097197e-14 -2.406684459774e-12 -6.539317167685e-12 4.066710471074e-11 2.512782257248e-10 6.582928613626e-10 1.168664653639e-09 1.687396597909e-09 2.211584698432e-09 2.924247475537e-09 
-7.282259303181e-15 -4.548682227084e-13 -3.936688938184e-12 -7.759381981224e-12 3.014023598824e-11 2.028457042115e-10 5.712275344396e-10 1.077111606030e-09 1.632064421060e-09 2.376860756037e-09 
-2.808550755555e-16 -3.606913820873e-14 -6.452736001613e-13 -4.240328754484e-12 -1.130702631230e-11 7.091333759663e-12 1.468774037284e-10 5.134824067885e-10 1.078070274622e-09 1.865238165369e-09 
-4.351825382991e-18 -1.279755091507e-15 -4.630309176553e-14 -6.301401829971e-13 -4.450942555755e-12 -1.731625631897e-11 -2.719579996087e-11 7.147209879667e-11 4.981201778615e-10 1.354934903573e-09 
-1.808990464367e-20 -1.279039168162e-17 -9.513041602539e-16 -2.550722513961e-14 -3.695513910470e-13 -3.404087587571e-12 -2.061565162693e-11 -7.230342519197e-11 -3.890449892798e-11 7.401871448611e-10 
-3.663247820030e-24 -7.057996937847e-21 -1.257669608904e-18 -7.632096717423e-17 -2.474747489092e-15 -5.323385763338e-14 -8.461449453706e-13 -1.023955578109e-11 -8.522261592944e-11 -1.633161869674e-11 
