2.858617892318e-09 6.633382514961e-09 8.809498254773e-09 1.022062500158e-08 1.124319787190e-08 1.205628934389e-08 1.275291611424e-08 1.339419249534e-08 1.404497355894e-08 1.493615828945e-08 
1.744740770457e-10 1.383702593791e-09 3.268394032681e-09 5.053258845755e-09 6.497763312499e-09 7.661622544014e-09 8.656301834823e-09 9.571140849977e-09 1.049945545020e-08 1.177072137652e-08 
1.023990987349e-11 2.098569076992e-10 9.661609836589e-10 2.302318958465e-09 3.806072638263e-09 5.150715184259e-09 6.309501993209e-09 7.370753113588e-09 8.446333987599e-09 9.919126140150e-09 
-4.306224574324e-13 3.440668275088e-12 1.325885464859e-10 7.123383859603e-10 1.842872345824e-09 3.194788009192e-09 4.482502657039e-09 5.673075834250e-09 6.873868500220e-09 8.516156702270e-09 
-1.840102445809e-13 -5.807560652674e-12 -1.680003922907e-11 9.312356208666e-11 6.019963341025e-10 1.607316835890e-09 2.888097068356e-09 4.200889911293e-09 5.529425362879e-09 7.334795180319e-09 
-1.752596644398e-14 -1.115141246071e-12 -9.882715753948e-12 -2.083589179342e-11 7.027942175790e-11 5.052535204619e-10 1.457628990350e-09 2.790889276051e-09 4.266490758560e-09 6.246497063786e-09 
-6.956780608178e-16 -9.119216948637e-14 -1.664273186101e-12 -1.121733309230e-11 -3.145133881704e-11 1.136962563594e-11 3.777582134081e-10 1.376663549046e-09 2.951437252383e-09 5.159368681916e-09 
-1.121414173915e-17 -3.364535447241e-15 -1.239926292284e-13 -1.720414382198e-12 -1.243755948211e-11 -5.001509715381e-11 -8.540292456013e-11 1.817750549279e-10 1.416134820101e-09 3.955617688224e-09 
-4.911562388319e-20 -3.536465803751e-17 -2.673721396969e-15 -7.283125428498e-14 -1.072466702275e-12 -1.005875902599e-11 -6.227898727833e-11 -2.260093251923e-10 -1.542009115091e-10 2.276155218632e-09 
-1.072677867491e-23 -2.090142071143e-20 -3.763272691831e-18 -2.307388490768e-16 -7.563961514358e-15 -1.647680829909e-13 -2.662040031116e-12 -3.300599053992e-11 -2.861345889689e-10 -9.257564971789e-11 
