5.661578510014e-10 1.454124180178e-09 2.003404361033e-09 2.363638554076e-09 2.625036682672e-09 2.832885490937e-09 3.010958110423e-09 3.174881520177e-09 3.341234378583e-09 3.569002864372e-09 
4.728944206663e-11 3.864084441988e-10 9.264221118189e-10 1.442034627100e-09 1.859841008587e-09 2.196360773032e-09 2.483934619556e-09 2.748428994769e-09 3.016820553297e-09 3.384330075307e-09 
2.919228784456e-12 6.093336813115e-11 2.826949933349e-10 6.743750590242e-10 1.113071603618e-09 1.503669079450e-09 1.839799976333e-09 2.147633072183e-09 2.459648702016e-09 2.886867075485e-09 
-1.257594878450e-13 1.098918755713e-12 3.944265387537e-11 2.087288085469e-10 5.340094683654e-10 9.181922191682e-10 1.281427575113e-09 1.616545135194e-09 1.954598110825e-09 2.416983618121e-09 
-5.313933880152e-14 -1.646730750676e-12 -4.485070215556e-12 2.772474872017e-11 1.716847800901e-10 4.500460420783e-10 7.984821827418e-10 1.152017449155e-09 1.509188976790e-09 1.994821626974e-09 
-4.974315842145e-15 -3.108820270007e-13 -2.691317757057e-12 -5.280968155227e-12 2.081390568698e-11 1.389399982414e-10 3.892857101604e-10 7.317540456863e-10 1.106851792369e-09 1.610195428105e-09 
-1.920156334736e-16 -2.463455032404e-14 -4.391440717982e-13 -2.867393170193e-12 -7.550756408024e-12 5.165532151527e-12 9.979171288297e-11 3.466488904254e-10 7.244128060793e-10 1.249688153741e-09 
-2.962211094511e-18 -8.665671097995e-16 -3.122203482383e-14 -4.234713945611e-13 -2.980134792703e-12 -1.150655624393e-11 -1.747791872103e-11 4.985776186826e-11 3.317590235222e-10 8.914690922927e-10 
-1.216774608589e-20 -8.580144160666e-18 -6.361518531146e-16 -1.697607719071e-14 -2.442316435002e-13 -2.227649339479e-12 -1.331894762284e-11 -4.600862319412e-11 -2.290254681534e-11 4.759775781531e-10 
-2.409396466972e-24 -4.611454410077e-21 -8.166845499996e-19 -4.928700535233e-17 -1.590604937389e-15 -3.408166131171e-14 -5.399305807444e-13 -6.506819318144e-12 -5.350634035911e-11 -6.211134117516e-12 
