z(iz=00)            wb(ip=00)           h(ip=01)           wm(ip=02)            ns(ip=03) 
1.4940000000e+00        0.022445000000000007        0.67        0.14336070400000003        0.96
   k(h/Mpc)      Pk/s8^2(Mpc/h)^3 
7.0300170591e-06 4.9395124631e+01
7.5146531344e-06 5.2659678823e+01
8.0326990428e-06 5.6139987616e+01
8.5864585344e-06 5.9850311787e+01
9.1783931566e-06 6.3805847369e+01
9.8111349871e-06 6.8022799829e+01
1.0487496183e-05 7.2518436017e+01
1.1210484445e-05 7.7311174515e+01
1.1983313925e-05 8.2420644621e+01
1.2809421605e-05 8.7867780331e+01
1.3692479115e-05 9.3674882756e+01
1.4636413653e-05 9.9865741384e+01
1.5645420717e-05 1.0646570000e+02
1.6723986846e-05 1.1350178674e+02
1.7876907805e-05 1.2100281260e+02
1.9109307686e-05 1.2899947418e+02
2.0426668925e-05 1.3752452537e+02
2.1834845029e-05 1.4661283479e+02
2.3340098778e-05 1.5630160598e+02
2.4949120416e-05 1.6663046555e+02
2.6669067665e-05 1.7764168936e+02
2.8507582101e-05 1.8938027388e+02
3.0472841900e-05 2.0189423752e+02
3.2573581848e-05 2.1523470884e+02
3.4819146094e-05 2.2945621986e+02
3.7219513615e-05 2.4461682181e+02
3.9785358240e-05 2.6077841537e+02
4.2528085032e-05 2.7800692614e+02
4.5459892135e-05 2.9637263515e+02
4.8593814427e-05 3.1595038894e+02
5.1943781728e-05 3.3681989470e+02
5.5524687923e-05 3.5906607621e+02
5.9352456446e-05 3.8277939877e+02
6.3444102125e-05 4.0805616354e+02
6.7817825766e-05 4.3499899529e+02
7.2493057814e-05 4.6371700607e+02
7.7490592958e-05 4.9432650906e+02
8.2832651970e-05 5.2695127272e+02
8.8542976300e-05 5.6172296624e+02
9.4646966318e-05 5.9878185854e+02
1.0117175407e-04 6.3827710632e+02
1.0814634879e-04 6.8036747316e+02
1.1560175335e-04 7.2522185958e+02
1.2357112428e-04 7.7302008444e+02
1.3208988821e-04 8.2395339216e+02
1.4119592379e-04 8.7822534211e+02
1.5092969989e-04 9.3605242522e+02
1.6133450845e-04 9.9766523161e+02
1.7245661002e-04 1.0633090850e+03
1.8434545200e-04 1.1332450953e+03
1.9705388695e-04 1.2077511922e+03
2.1063841996e-04 1.2871233076e+03
2.2515944147e-04 1.3716764452e+03
2.4068150378e-04 1.4617459743e+03
2.5727364118e-04 1.5576891340e+03
2.7500960277e-04 1.6598859856e+03
2.9396824539e-04 1.7687412357e+03
3.1423388282e-04 1.8846857371e+03
3.3589659142e-04 2.0081776669e+03
3.5905267578e-04 2.1397045343e+03
3.8380510523e-04 2.2797849159e+03
4.1026389226e-04 2.4289697480e+03
4.3854673277e-04 2.5878449651e+03
4.6877932618e-04 2.7570321754e+03
5.0109607400e-04 2.9371912877e+03
5.3564074915e-04 3.1290227439e+03
5.7256681612e-04 3.3332675605e+03
6.1203847872e-04 3.5507111075e+03
6.5423129126e-04 3.7821840814e+03
6.9933279883e-04 4.0285632077e+03
7.4754346861e-04 4.2907730004e+03
7.9907773761e-04 4.5697874739e+03
8.5416465299e-04 4.8666288253e+03
9.1304921079e-04 5.1823689000e+03
9.7599311266e-04 5.5181262734e+03
1.0432762792e-03 5.8750658738e+03
1.1151977815e-03 6.2543936175e+03
1.1920774123e-03 6.6573521720e+03
1.2742570834e-03 7.0852130092e+03
1.3621019898e-03 7.5392639664e+03
1.4560027048e-03 8.0207977647e+03
1.5563768102e-03 8.5310935823e+03
1.6636705259e-03 9.0713936300e+03
1.7783609219e-03 9.6428772604e+03
1.9009577809e-03 1.0246627722e+04
2.0320063923e-03 1.0883598162e+04
2.1720889490e-03 1.1554566181e+04
2.3218288552e-03 1.2260099209e+04
2.4818913080e-03 1.3000500706e+04
2.6529883035e-03 1.3775778623e+04
2.8358804993e-03 1.4585602937e+04
3.0313807074e-03 1.5429277519e+04
3.2403585501e-03 1.6305725279e+04
3.4637427889e-03 1.7213472413e+04
3.7025266793e-03 1.8150653952e+04
3.9577721618e-03 1.9115020029e+04
4.2306133546e-03 2.0103942301e+04
4.5222640038e-03 2.1114433195e+04
4.8340205103e-03 2.2143142786e+04
5.1672691479e-03 2.3186361705e+04
5.5234907195e-03 2.4240004156e+04
5.9042698704e-03 2.5299593184e+04
6.3112992793e-03 2.6360218487e+04
6.7463885061e-03 2.7416497010e+04
7.2114723735e-03 2.8462520365e+04
7.7086174861e-03 2.9491787030e+04
8.2400357351e-03 3.0497136772e+04
8.8080884889e-03 3.1470650405e+04
9.4153014943e-03 3.2403553540e+04
1.0064374656e-02 3.3286090332e+04
1.0758194141e-02 3.4107385285e+04
1.1499843560e-02 3.4855299505e+04
1.2292621657e-02 3.5516315784e+04
1.3140052557e-02 3.6075488393e+04
1.4045902528e-02 3.6516556841e+04
1.5014201403e-02 3.6822335906e+04
1.6049252823e-02 3.6975519860e+04
1.7155658454e-02 3.6960037837e+04
1.8338337541e-02 3.6762975947e+04
1.9602548331e-02 3.6376888485e+04
2.0953910425e-02 3.5802029768e+04
2.2398434579e-02 3.5047794426e+04
2.3942541331e-02 3.4132669381e+04
2.5593094528e-02 3.3082364435e+04
2.7357434854e-02 3.1926472523e+04
2.9243405908e-02 3.0694614010e+04
3.1259391457e-02 2.9413164766e+04
3.3414356411e-02 2.8103331380e+04
3.5717882216e-02 2.6780727341e+04
3.8180205971e-02 2.5456085087e+04
4.0812276304e-02 2.4136534509e+04
4.3625798076e-02 2.2826965895e+04
4.6448644251e-02 2.1607824411e+04
4.9271490425e-02 2.0474318172e+04
5.2094336599e-02 1.9418404425e+04
5.4917182773e-02 1.8433172834e+04
5.7740028948e-02 1.7512641328e+04
6.0562875122e-02 1.6651566457e+04
6.3385717571e-02 1.5845298081e+04
6.6208563745e-02 1.5089667381e+04
6.9031409919e-02 1.4380903178e+04
7.1854256094e-02 1.3715573687e+04
7.4677102268e-02 1.3090542756e+04
7.7499948442e-02 1.2502931580e+04
8.0322794616e-02 1.1950093590e+04
8.3145640791e-02 1.1429592244e+04
8.5968486965e-02 1.0939180222e+04
8.8791333139e-02 1.0476783909e+04
9.1614179313e-02 1.0040489044e+04
9.5231682062e-02 9.5167174512e+03
9.8849177361e-02 9.0295149742e+03
1.0246667266e-01 8.5758011169e+03
1.0608417541e-01 8.1527876150e+03
1.0970167071e-01 7.7579512247e+03
1.1331916600e-01 7.3890020536e+03
1.1693666875e-01 7.0438626793e+03
1.2055416405e-01 6.7206487374e+03
1.2417165935e-01 6.4176455538e+03
1.2778915465e-01 6.1332939001e+03
1.3140666485e-01 5.8661728388e+03
1.3502416015e-01 5.6149902960e+03
1.3864165545e-01 5.3785641434e+03
1.4225915074e-01 5.1558156367e+03
1.4587664604e-01 4.9457583780e+03
1.4949414134e-01 4.7474894702e+03
1.5311165154e-01 4.5601808114e+03
1.5672914684e-01 4.3830750201e+03
1.6034664214e-01 4.2154744089e+03
1.6396413743e-01 4.0567383744e+03
1.6758163273e-01 3.9062774470e+03
1.7119912803e-01 3.7635486430e+03
1.7481663823e-01 3.6280507492e+03
1.7843413353e-01 3.4993227659e+03
1.8205162883e-01 3.3769371604e+03
1.8566912413e-01 3.2604990714e+03
1.8928661942e-01 3.1496429728e+03
1.9290411472e-01 3.0440301663e+03
1.9652162492e-01 2.9433461188e+03
2.0013912022e-01 2.8473000523e+03
2.0375661552e-01 2.7556205930e+03
2.0737411082e-01 2.6680557659e+03
2.1099160612e-01 2.5843710388e+03
2.1460910142e-01 2.5043479237e+03
2.1822661161e-01 2.4277824029e+03
2.2184410691e-01 2.3544850208e+03
2.2546160221e-01 2.2842779354e+03
2.2907909751e-01 2.2169952328e+03
2.3269659281e-01 2.1524817261e+03
2.3631410301e-01 2.0905918995e+03
2.3993159831e-01 2.0311901818e+03
2.4354909360e-01 1.9741487447e+03
2.4716658890e-01 1.9193479114e+03
2.5078409910e-01 1.8666751179e+03
2.5440159440e-01 1.8160252507e+03
2.5801908970e-01 1.7672988649e+03
2.6163658500e-01 1.7204026198e+03
2.6525408030e-01 1.6752486524e+03
2.6887157559e-01 1.6317542013e+03
2.7248907089e-01 1.5898412617e+03
2.7610656619e-01 1.5494362678e+03
2.7972406149e-01 1.5104697968e+03
2.8334155679e-01 1.4728762967e+03
2.8695905209e-01 1.4365938352e+03
2.9057657719e-01 1.4015635819e+03
2.9419407249e-01 1.3677307362e+03
2.9781156778e-01 1.3350425963e+03
3.0142906308e-01 1.3034495369e+03
3.0504655838e-01 1.2729045425e+03
3.0866405368e-01 1.2433630476e+03
3.1228154898e-01 1.2147827867e+03
3.1589904427e-01 1.1871236554e+03
3.1951653957e-01 1.1603475815e+03
3.2313403487e-01 1.1344184039e+03
3.2675153017e-01 1.1093017605e+03
3.3036902547e-01 1.0849649835e+03
3.3398655057e-01 1.0613768099e+03
3.3760404587e-01 1.0385080612e+03
3.4122154117e-01 1.0163303926e+03
3.4483903647e-01 9.9481699622e+02
3.4845653176e-01 9.7394232883e+02
3.5207402706e-01 9.5368204203e+02
3.5569152236e-01 9.3401291659e+02
3.5930901766e-01 9.1491280096e+02
3.6292651296e-01 8.9636055379e+02
3.6654400825e-01 8.7833598979e+02
3.7016150355e-01 8.6081982886e+02
3.7377902865e-01 8.4379351032e+02
3.7739652395e-01 8.2723970502e+02
3.8101401925e-01 8.1114143173e+02
3.8463151455e-01 7.9548258267e+02
3.8824900985e-01 7.8024774379e+02
3.9186650515e-01 7.6542215968e+02
3.9548400044e-01 7.5099170053e+02
3.9910149574e-01 7.3694283098e+02
4.0271899104e-01 7.2326258062e+02
4.0633648634e-01 7.0993851636e+02
4.0995398164e-01 6.9695871625e+02
4.1357147694e-01 6.8431174469e+02
4.1718900204e-01 6.7198652894e+02
4.2080649733e-01 6.5997274052e+02
4.2442399263e-01 6.4826016523e+02
4.2804148793e-01 6.3683909216e+02
4.3165898323e-01 6.2570019222e+02
4.3527647853e-01 6.1483450037e+02
4.3889397383e-01 6.0423339901e+02
4.4251146913e-01 5.9388860205e+02
4.4612896442e-01 5.8379213997e+02
4.4974645972e-01 5.7393634550e+02
4.5336395502e-01 5.6431384021e+02
4.5698148012e-01 5.5491744514e+02
4.6059897542e-01 5.4574047644e+02
4.6421647072e-01 5.3677626946e+02
4.6783396602e-01 5.2801847918e+02
4.7145146131e-01 5.1946099153e+02
4.7506895661e-01 5.1109791344e+02
4.7868645191e-01 5.0292356345e+02
4.8230394721e-01 4.9493246275e+02
4.8592144251e-01 4.8711932668e+02
4.8953893781e-01 4.7947905660e+02
4.9315643311e-01 4.7200673220e+02
4.9677392840e-01 4.6469760412e+02
5.0039142370e-01 4.5754708698e+02
5.0400894880e-01 4.5055069567e+02
5.0762641430e-01 4.4370432410e+02
5.1124393940e-01 4.3700361432e+02
5.1486140490e-01 4.3044479399e+02
5.1847893000e-01 4.2402378732e+02
5.2209645510e-01 4.1773697210e+02
5.2571392059e-01 4.1158084059e+02
5.2933144569e-01 4.0555170031e+02
5.3294891119e-01 3.9964637428e+02
5.3656643629e-01 3.9386140169e+02
5.4018390179e-01 3.8819381233e+02
5.4380142689e-01 3.8264035983e+02
5.4741889238e-01 3.7719826516e+02
5.5103641748e-01 3.7186448069e+02
5.5465388298e-01 3.6663640426e+02
5.5827140808e-01 3.6151117257e+02
5.6188893318e-01 3.5648626532e+02
5.6550639868e-01 3.5155923627e+02
5.6912392378e-01 3.4672747420e+02
5.7274138927e-01 3.4198876443e+02
5.7635891437e-01 3.3734064905e+02
5.7997637987e-01 3.3278104915e+02
6.2793356180e-01 2.7973942311e+02
7.6695966721e-01 1.7950809423e+02
9.3676644564e-01 1.1417863699e+02
1.1441689730e+00 7.2031913566e+01
1.3974907398e+00 4.5096658978e+01
1.7069003582e+00 2.8032512236e+01
2.0848126411e+00 1.7309559249e+01
2.5463953018e+00 1.0622104206e+01
3.1101737022e+00 6.4806749555e+00
3.7987737656e+00 3.9326936265e+00
4.6398367882e+00 2.3745628999e+00
5.6671080589e+00 1.4271114845e+00
