2.544229148884e-09 9.731688310101e-12 1.131378983035e-11 1.227102428523e-11 1.295802561218e-11 1.350417966353e-11 1.397220170090e-11 1.440304994480e-11 1.484028406248e-11 1.543885849807e-11 
9.731688310101e-12 2.557945211466e-09 2.449782170278e-11 2.769579162017e-11 2.999183429225e-11 3.181368899513e-11 3.337498586328e-11 3.481241134074e-11 3.627115974116e-11 3.826836895022e-11 
1.131378983035e-11 2.449782170278e-11 2.571146091726e-09 3.834980827155e-11 4.250714093561e-11 4.579184143684e-11 4.860163392906e-11 5.118862161244e-11 5.381419674602e-11 5.740913075771e-11 
1.227102428523e-11 2.769579162017e-11 3.834980827155e-11 2.585014686269e-09 5.288628747592e-11 5.794724477207e-11 6.225191448460e-11 6.620740069608e-11 7.022205645101e-11 7.571953222768e-11 
1.295802561218e-11 2.999183429225e-11 4.250714093561e-11 5.288628747592e-11 2.600071529472e-09 6.881442199319e-11 7.496708585452e-11 8.058494559446e-11 8.627815581815e-11 9.407642029826e-11 
1.350417966353e-11 3.181368899513e-11 4.579184143684e-11 5.794724477207e-11 6.881442199319e-11 2.616852740778e-09 8.674766284101e-11 9.437181205111e-11 1.020421715791e-10 1.125448454239e-10 
1.397220170090e-11 3.337498586328e-11 4.860163392906e-11 6.225191448460e-11 7.496708585452e-11 8.674766284101e-11 2.636089686931e-09 1.077339152810e-10 1.177969961954e-10 1.314700459123e-10 
1.440304994480e-11 3.481241134074e-11 5.118862161244e-11 6.620740069608e-11 8.058494559446e-11 9.437181205111e-11 1.077339152810e-10 2.659406042124e-09 1.342477665519e-10 1.517745806448e-10 
1.484028406248e-11 3.627115974116e-11 5.381419674602e-11 7.022205645101e-11 8.627815581815e-11 1.020421715791e-10 1.177969961954e-10 1.342477665519e-10 2.690889851070e-09 1.758181813081e-10 
1.543885849807e-11 3.826836895022e-11 5.740913075771e-11 7.571953222768e-11 9.407642029826e-11 1.125448454239e-10 1.314700459123e-10 1.517745806448e-10 1.758181813081e-10 2.752143551794e-09 
