2.551613575869e-09 2.169164682794e-11 2.500724470556e-11 2.701015938383e-11 2.844780721116e-11 2.959074244712e-11 3.057016413539e-11 3.147179147763e-11 3.238678228511e-11 3.363938889562e-11 
2.169164682794e-11 2.580315019449e-09 5.184547412387e-11 5.816624011881e-11 6.270513636586e-11 6.630784343342e-11 6.939526163072e-11 7.223767806419e-11 7.512225294024e-11 7.907155128882e-11 
2.500724470556e-11 5.184547412387e-11 2.606143879451e-09 7.851094967413e-11 8.643105801850e-11 9.269410052294e-11 9.805290807846e-11 1.029866812658e-10 1.079939794250e-10 1.148498826024e-10 
2.701015938383e-11 5.816624011881e-11 7.851094967413e-11 2.632275703546e-09 1.055655616877e-10 1.149423218830e-10 1.229245177442e-10 1.302607907461e-10 1.377066711886e-10 1.479024878780e-10 
2.844780721116e-11 6.270513636586e-11 8.643105801850e-11 1.055655616877e-10 2.659872192280e-09 1.344683811926e-10 1.456135708684e-10 1.557979485903e-10 1.661201413539e-10 1.802583160985e-10 
2.959074244712e-11 6.630784343342e-11 9.269410052294e-11 1.149423218830e-10 1.344683811926e-10 2.689978038454e-09 1.663890990849e-10 1.799572781780e-10 1.936158932808e-10 2.123175609469e-10 
3.057016413539e-11 6.939526163072e-11 9.805290807846e-11 1.229245177442e-10 1.456135708684e-10 1.663890990849e-10 2.723924312606e-09 2.031865101125e-10 2.208413456600e-10 2.448362771242e-10 
3.147179147763e-11 7.223767806419e-11 1.029866812658e-10 1.302607907461e-10 1.557979485903e-10 1.799572781780e-10 2.031865101125e-10 2.764515354731e-09 2.491102801653e-10 2.794907236764e-10 
3.238678228511e-11 7.512225294024e-11 1.079939794250e-10 1.377066711886e-10 1.661201413539e-10 1.936158932808e-10 2.208413456600e-10 2.491102801653e-10 2.818752857590e-09 3.203937409855e-10 
3.363938889562e-11 7.907155128882e-11 1.148498826024e-10 1.479024878780e-10 1.802583160985e-10 2.123175609469e-10 2.448362771242e-10 2.794907236764e-10 3.203937409855e-10 2.923439308081e-09 
