2.541051110982e-09 4.433746205878e-12 5.186665272137e-12 5.642796552740e-12 5.970113111447e-12 6.230315977662e-12 6.453296370460e-12 6.658566373257e-12 6.866878840676e-12 7.152061726664e-12 
4.433746205878e-12 2.547585873559e-09 1.159517670568e-11 1.318552180780e-11 1.432695978352e-11 1.523230067175e-11 1.600816937864e-11 1.672249665305e-11 1.744742238984e-11 1.843994436222e-11 
5.186665272137e-12 1.159517670568e-11 2.554203629441e-09 1.863607470124e-11 2.076954580081e-11 2.245339565143e-11 2.389332167361e-11 2.521909462082e-11 2.656466729005e-11 2.840704167548e-11 
5.642796552740e-12 1.318552180780e-11 1.863607470124e-11 2.561394285691e-09 2.626246994563e-11 2.893033322896e-11 3.119698394791e-11 3.327911582529e-11 3.539243812704e-11 3.828639098596e-11 
5.970113111447e-12 1.432695978352e-11 2.076954580081e-11 2.626246994563e-11 2.569421278147e-09 3.484377462698e-11 3.816537051080e-11 4.119472156106e-11 4.426401583280e-11 4.846845060553e-11 
6.230315977662e-12 1.523230067175e-11 2.245339565143e-11 2.893033322896e-11 3.484377462698e-11 2.578580892677e-09 4.472145036448e-11 4.892167604602e-11 5.314234649723e-11 5.892156654416e-11 
6.453296370460e-12 1.600816937864e-11 2.389332167361e-11 3.119698394791e-11 3.816537051080e-11 4.472145036448e-11 2.589294691135e-09 5.650369477984e-11 6.214417932192e-11 6.980122697410e-11 
6.658566373257e-12 1.672249665305e-11 2.521909462082e-11 3.327911582529e-11 4.119472156106e-11 4.892167604602e-11 5.650369477984e-11 2.602521693413e-09 7.165229496350e-11 8.162575671586e-11 
6.866878840676e-12 1.744742238984e-11 2.656466729005e-11 3.539243812704e-11 4.426401583280e-11 5.314234649723e-11 6.214417932192e-11 7.165229496350e-11 2.620703600543e-09 9.579043884933e-11 
7.152061726664e-12 1.843994436222e-11 2.840704167548e-11 3.828639098596e-11 4.846845060553e-11 5.892156654416e-11 6.980122697410e-11 8.162575671586e-11 9.579043884933e-11 2.656727802160e-09 
