2.872911491097e-09 4.941283764264e-10 5.531894072366e-10 5.888349556614e-10 6.144173870022e-10 6.347551198009e-10 6.521833314273e-10 6.682272588736e-10 6.845089784497e-10 7.067969163496e-10 
4.941283764264e-10 3.382283093439e-09 1.011734395604e-09 1.117878572814e-09 1.194047266123e-09 1.254476829755e-09 1.306263687114e-09 1.353942175556e-09 1.402327995407e-09 1.468571573482e-09 
5.531894072366e-10 1.011734395604e-09 3.814694254765e-09 1.459396758785e-09 1.593448613401e-09 1.699286032249e-09 1.789795087286e-09 1.873126045366e-09 1.957701160752e-09 2.073498678451e-09 
5.888349556614e-10 1.117878572814e-09 1.459396758785e-09 4.260859138600e-09 1.927472731613e-09 2.090938431782e-09 2.229805820798e-09 2.357344435369e-09 2.486789363042e-09 2.664047607875e-09 
6.144173870022e-10 1.194047266123e-09 1.593448613401e-09 1.927472731613e-09 4.749707778695e-09 2.447609693246e-09 2.648785915408e-09 2.832087432914e-09 3.017730215809e-09 3.272041911028e-09 
6.347551198009e-10 1.254476829755e-09 1.699286032249e-09 2.090938431782e-09 2.447609693246e-09 5.303334316751e-09 3.043674184712e-09 3.296749332243e-09 3.550439381503e-09 3.897737122561e-09 
6.521833314273e-10 1.306263687114e-09 1.789795087286e-09 2.229805820798e-09 2.648785915408e-09 3.043674184712e-09 5.951053428832e-09 3.757438949565e-09 4.097181398566e-09 4.556603688853e-09 
6.682272588736e-10 1.353942175556e-09 1.873126045366e-09 2.357344435369e-09 2.832087432914e-09 3.296749332243e-09 3.757438949565e-09 6.760604264296e-09 4.690076308477e-09 5.291002383239e-09 
6.845089784497e-10 1.402327995407e-09 1.957701160752e-09 2.486789363042e-09 3.017730215809e-09 3.550439381503e-09 4.097181398566e-09 4.690076308477e-09 7.908040205693e-09 6.213708786676e-09 
7.067969163496e-10 1.468571573482e-09 2.073498678451e-09 2.664047607875e-09 3.272041911028e-09 3.897737122561e-09 4.556603688853e-09 5.291002383239e-09 6.213708786676e-09 1.031025268726e-08 
