2.545964909771e-09 1.257941704431e-11 1.458885965794e-11 1.580406753408e-11 1.667625121755e-11 1.736962865067e-11 1.796381098318e-11 1.851079863140e-11 1.906589350474e-11 1.982581659833e-11 
1.257941704431e-11 2.563377905617e-09 3.119281063613e-11 3.518491663743e-11 3.805137566891e-11 4.032611470520e-11 4.227551417520e-11 4.407023959629e-11 4.589158672278e-11 4.838523095556e-11 
1.458885965794e-11 3.119281063613e-11 2.579806409541e-09 4.834441550236e-11 5.347505359610e-11 5.752998428239e-11 6.099894830763e-11 6.419281970386e-11 6.743431396885e-11 7.187254774751e-11 
1.580406753408e-11 3.518491663743e-11 4.834441550236e-11 2.596860812439e-09 6.614851320712e-11 7.233745724737e-11 7.760329583625e-11 8.244238741864e-11 8.735382729977e-11 9.407926864686e-11 
1.667625121755e-11 3.805137566891e-11 5.347505359610e-11 6.614851320712e-11 2.615206051372e-09 8.548953496490e-11 9.295646409834e-11 9.977629496948e-11 1.066879459605e-10 1.161550185733e-10 
1.736962865067e-11 4.032611470520e-11 5.752998428239e-11 7.233745724737e-11 8.548953496490e-11 2.635503177033e-09 1.071205182462e-10 1.163155211975e-10 1.255690026755e-10 1.382393221760e-10 
1.796381098318e-11 4.227551417520e-11 6.099894830763e-11 7.760329583625e-11 9.295646409834e-11 1.071205182462e-10 2.658631300698e-09 1.322921592788e-10 1.443676420379e-10 1.607773985171e-10 
1.851079863140e-11 4.407023959629e-11 6.419281970386e-11 8.244238741864e-11 9.977629496948e-11 1.163155211975e-10 1.322921592788e-10 2.686522752467e-09 1.639499121421e-10 1.848881080409e-10 
1.906589350474e-11 4.589158672278e-11 6.743431396885e-11 8.735382729977e-11 1.066879459605e-10 1.255690026755e-10 1.443676420379e-10 1.639499121421e-10 2.724015696342e-09 2.133628685325e-10 
1.982581659833e-11 4.838523095556e-11 7.187254774751e-11 9.407926864686e-11 1.161550185733e-10 1.382393221760e-10 1.607773985171e-10 1.848881080409e-10 2.133628685325e-10 2.796676402430e-09 
