5.7273870032637760e-08 1.4032639173043727e-08 2.8789261307447318e-09 3.8617566314101691e-10 3.6127538981780155e-11 2.1930111631011422e-12 7.4214522973484776e-14 1.0564597909106709e-15 3.4456040535995463e-18 4.0339414546651022e-22 
1.4032639173043727e-08 6.3222195072202625e-08 2.0915583015907166e-08 6.4923120454987202e-09 1.2488268666873652e-09 1.5034826940155894e-10 1.0225228322681829e-11 3.0551574696944739e-13 2.2542858171941753e-15 6.9769787690001456e-19 
2.8789261307447318e-09 2.0915583015907166e-08 5.9600566104024010e-08 2.0838661606450520e-08 7.6938497414182975e-09 1.6690286802863996e-09 2.0040499225990691e-10 1.0822911346045279e-11 1.5542757640852742e-13 1.1180094281956572e-16 
3.8617566314101691e-10 6.4923120454987202e-09 2.0838661606450520e-08 5.5739309521995955e-08 1.9010254914288542e-08 7.3645656635832542e-09 1.5385008109197170e-09 1.4509290203793977e-10 3.8439312972448715e-12 6.0899806673225575e-15 
3.6127538981780155e-11 1.2488268666873652e-09 7.6938497414182975e-09 1.9010254914288542e-08 5.2164509410313543e-08 1.6611641778634234e-08 6.1459724582108458e-09 1.0316090604384029e-09 5.0790554045380114e-11 1.7650539327692260e-13 
2.1930111631011422e-12 1.5034826940155894e-10 1.6690286802863996e-09 7.3645656635832542e-09 1.6611641778634234e-08 4.8925292885987288e-08 1.3940794317210184e-08 4.3526351739884302e-09 4.1939272145976249e-10 3.3619628523799468e-12 
7.4214522973484776e-14 1.0225228322681829e-11 2.0040499225990691e-10 1.5385008109197170e-09 6.1459724582108458e-09 1.3940794317210184e-08 4.5867840855250185e-08 1.0919585461379122e-08 2.2465040146732676e-09 4.6420676041275727e-11 
1.0564597909106709e-15 3.0551574696944739e-13 1.0822911346045279e-11 1.4509290203793977e-10 1.0316090604384029e-09 4.3526351739884302e-09 1.0919585461379122e-08 4.2787470690428343e-08 7.3360938063426336e-09 4.7227062185857199e-10 
3.4456040535995463e-18 2.2542858171941753e-15 1.5542757640852742e-13 3.8439312972448715e-12 5.0790554045380114e-11 4.1939272145976249e-10 2.2465040146732676e-09 7.3360938063426336e-09 3.9526462814092803e-08 3.2232965710488531e-09 
4.0339414546651022e-22 6.9769787690001456e-19 1.1180094281956572e-16 6.0899806673225575e-15 1.7650539327692260e-13 3.3619628523799468e-12 4.6420676041275727e-11 4.7227062185857199e-10 3.2232965710488531e-09 3.4407231983570578e-08 
