9.8625964234915060e-08 3.1152654568434417e-08 6.0709516563571036e-09 7.8241142628074383e-10 7.0921713292286272e-11 4.1958412632776834e-12 1.3896939172358952e-13 1.9427826745376189e-15 6.2446548400016820e-18 7.2561566808057531e-22 
3.1152654568434417e-08 1.0268660505071694e-07 4.2801980417883819e-08 1.2870921038313970e-08 2.4115684166341890e-09 2.8402246495798143e-10 1.8966533084461615e-11 5.5830282340819256e-13 4.0731987647849165e-15 1.2552481186763462e-18 
6.0709516563571036e-09 4.2801980417883819e-08 9.0715265780732777e-08 4.0510679779698346e-08 1.4649853380558311e-08 3.1214091737517741e-09 3.6912471144432337e-10 1.9688819210917578e-11 2.8027639567631930e-13 2.0125907262982593e-16 
7.8241142628074383e-10 1.2870921038313970e-08 4.0510679779698346e-08 8.0784969659018260e-08 3.5726423490318631e-08 1.3646276944542540e-08 2.8162585581940225e-09 2.6298078112303703e-10 6.9223004273344042e-12 1.0973301842378859e-14 
7.0921713292286272e-11 2.4115684166341890e-09 1.4649853380558311e-08 3.5726423490318631e-08 7.2695176036314413e-08 3.0516684328911039e-08 1.1186079566737096e-08 1.8638872540293343e-09 9.1391710239305819e-11 3.1848339215067311e-13 
4.1958412632776834e-12 2.8402246495798143e-10 3.1214091737517741e-09 1.3646276944542540e-08 3.0516684328911039e-08 6.5974084385578417e-08 2.5244105191085155e-08 7.8441470270684130e-09 7.5451649218810228e-10 6.0787736975255543e-12 
1.3896939172358952e-13 1.8966533084461615e-11 3.6912471144432337e-10 2.8162585581940225e-09 1.1186079566737096e-08 2.5244105191085155e-08 6.0059560689487150e-08 1.9648169514961319e-08 4.0451039430736321e-09 8.4207209629967724e-11 
1.9427826745376189e-15 5.5830282340819256e-13 1.9688819210917578e-11 2.6298078112303703e-10 1.8638872540293343e-09 7.8441470270684130e-09 1.9648169514961319e-08 5.4448330268694301e-08 1.3247254258101243e-08 8.6172230779755330e-10 
6.2446548400016820e-18 4.0731987647849165e-15 2.8027639567631930e-13 6.9223004273344042e-12 9.1391710239305819e-11 7.5451649218810228e-10 4.0451039430736321e-09 1.3247254258101243e-08 4.8797931005291546e-08 5.9517667350133636e-09 
7.2561566808057531e-22 1.2552481186763462e-18 2.0125907262982593e-16 1.0973301842378859e-14 3.1848339215067311e-13 6.0787736975255543e-12 8.4207209629967724e-11 8.6172230779755330e-10 5.9517667350133636e-09 3.9973749253177394e-08 
