4.0304517103040378e-07 1.3735526251960564e-07 2.5497491901215032e-08 3.2345085301370081e-09 2.9401928979555593e-10 1.7673443305671993e-11 6.0167103668690993e-13 8.7629744277596032e-15 2.9897821266757668e-17 3.8434315278861250e-21 
1.3735526251960564e-07 3.4294792152916934e-07 1.7735263784900422e-07 5.3236263424744396e-08 1.0086301128143348e-08 1.2139814447657957e-09 8.3684002750838962e-11 2.5727327608920433e-12 1.9912730964777071e-14 6.7706951328778200e-18 
2.5497491901215032e-08 1.7735263784900422e-07 2.8657393496316559e-07 1.6872379598190864e-07 6.2029754307605681e-08 1.3550963449505749e-08 1.6582160646731601e-09 9.2488352034907617e-11 1.3971977990087182e-12 1.1040969202432826e-15 
3.2345085301370081e-09 5.3236263424744396e-08 1.6872379598190864e-07 2.5015400986438938e-07 1.5383987680634692e-07 6.0362811588100175e-08 1.2902423554878439e-08 1.2596760943832295e-09 3.5203226431349867e-11 6.1207119757947270e-14 
2.9401928979555593e-10 1.0086301128143348e-08 6.2029754307605681e-08 1.5383987680634692e-07 2.2404121793540896e-07 1.3814301133192207e-07 5.2433448884564568e-08 9.1267323963368012e-09 4.7502514855041413e-10 1.8069440167057781e-12 
1.7673443305671993e-11 1.2139814447657957e-09 1.3550963449505749e-08 6.0362811588100175e-08 1.3814301133192207e-07 2.0404902537675609e-07 1.2159159787976464e-07 3.9451296807093122e-08 4.0225850205914313e-09 3.5140601129995116e-11 
6.0167103668690993e-13 8.3684002750838962e-11 1.6582160646731601e-09 1.2902423554878439e-08 5.2433448884564568e-08 1.2159159787976464e-07 1.8687266440270118e-07 1.0220881147141264e-07 2.2235638234610013e-08 4.9816555528198514e-10 
8.7629744277596032e-15 2.5727327608920433e-12 9.2488352034907617e-11 1.2596760943832295e-09 9.1267323963368012e-09 3.9451296807093122e-08 1.0220881147141264e-07 1.7058934105020088e-07 7.5614515886386224e-08 5.2719750205238477e-09 
2.9897821266757668e-17 1.9912730964777071e-14 1.3971977990087182e-12 3.5203226431349867e-11 4.7502514855041413e-10 4.0225850205914313e-09 2.2235638234610013e-08 7.5614515886386224e-08 1.5195487540352960e-07 3.8553308211337606e-08 
3.8434315278861250e-21 6.7706951328778200e-18 1.1040969202432826e-15 6.1207119757947270e-14 1.8069440167057781e-12 3.5140601129995116e-11 4.9816555528198514e-10 5.2719750205238477e-09 3.8553308211337606e-08 1.1155888136653238e-07 
