2.5121954729218883e-07 8.5000017708862037e-08 1.5698645146851091e-08 1.9645320330582474e-09 1.7544997798833644e-10 1.0331735572641935e-11 3.4360739110459173e-13 4.8707219535011036e-15 1.6096042787279090e-17 1.9771801072574062e-21 
8.5000017708862037e-08 2.2232680422920527e-07 1.0816672484960653e-07 3.1963859860229832e-08 5.9437504721357163e-09 7.0042043641503856e-10 4.7166825457678399e-11 1.4125867107929553e-12 1.0615669296695732e-14 3.4573074529604560e-18 
1.5698645146851091e-08 1.0816672484960653e-07 1.8373129253477821e-07 9.9963073697775862e-08 3.6087223537932525e-08 7.7245902947128201e-09 9.2404536740186859e-10 5.0268661932733519e-11 7.3824669955066202e-13 5.6018379320646603e-16 
1.9645320330582474e-09 3.1963859860229832e-08 9.9963073697775862e-08 1.5770132671980972e-07 8.8231510122007580e-08 3.3966835907994609e-08 7.1076968198705955e-09 6.7806290248933629e-10 1.8434374660568481e-11 3.0878247603039358e-14 
1.7544997798833644e-10 5.9437504721357163e-09 3.6087223537932525e-08 8.8231510122007580e-08 1.3875951352896812e-07 7.6626178631791709e-08 2.8530244456193578e-08 4.8620266715140555e-09 2.4636826153681814e-10 9.0685352969533084e-13 
1.0331735572641935e-11 7.0042043641503856e-10 7.7245902947128201e-09 3.3966835907994609e-08 7.6626178631791709e-08 1.2422304500293763e-07 6.5276118719618664e-08 2.0761896378419924e-08 2.0640422125433107e-09 1.7545775489567738e-11 
3.4360739110459173e-13 4.7166825457678399e-11 9.2404536740186859e-10 7.1076968198705955e-09 2.8530244456193578e-08 6.5276118719618664e-08 1.1207219429517805e-07 5.2990227177168941e-08 1.1276287209754420e-08 2.4724389945309544e-10 
4.8707219535011036e-15 1.4125867107929553e-12 5.0268661932733519e-11 6.7806290248933629e-10 4.8620266715140555e-09 2.0761896378419924e-08 5.2990227177168941e-08 1.0075818578700485e-07 3.7890080363075580e-08 2.5917257059769585e-09 
1.6096042787279090e-17 1.0615669296695732e-14 7.3824669955066202e-13 1.8434374660568481e-11 2.4636826153681814e-10 2.0640422125433107e-09 1.1276287209754420e-08 3.7890080363075580e-08 8.9349743138636619e-08 1.8586884623768561e-08 
1.9771801072574062e-21 3.4573074529604560e-18 5.6018379320646603e-16 3.0878247603039358e-14 9.0685352969533084e-13 1.7545775489567738e-11 2.4724389945309544e-10 2.5917257059769585e-09 1.8586884623768561e-08 6.7375999866418981e-08 
