1.0555212220399657e-07 3.3829004963459703e-08 6.5553133463093637e-09 8.4152650248613632e-10 7.6067128028544606e-11 4.4910377695904110e-12 1.4853263097002519e-13 2.0745678110111711e-15 6.6670082241008432e-18 7.7569106143807728e-22 
3.3829004963459703e-08 1.0870185754792923e-07 4.6079516194187912e-08 1.3816424132915651e-08 2.5830810714958678e-09 3.0373708522813540e-10 2.0261197517086468e-11 5.9606069740094488e-13 4.3493882965925443e-15 1.3423617406113115e-18 
6.5553133463093637e-09 4.6079516194187912e-08 9.5332518473312240e-08 4.3414920713753454e-08 1.5675222996761129e-08 3.3359936779038371e-09 3.9419324366501692e-10 2.1019517006750461e-11 2.9934515209864845e-13 2.1531208630812728e-16 
8.4152650248613632e-10 1.3816424132915651e-08 4.3414920713753454e-08 8.4476718727123845e-08 3.8193577987850724e-08 1.4577058493025872e-08 3.0068734578042727e-09 2.8077224381706253e-10 7.3952045974561959e-12 1.1744907585529422e-14 
7.6067128028544606e-11 2.5830810714958678e-09 1.5675222996761129e-08 3.8193577987850724e-08 7.5734805640433476e-08 3.2585761142167781e-08 1.1942130650955003e-08 1.9903204158179585e-09 9.7667730702830065e-11 3.4106408175359345e-13 
4.4910377695904110e-12 3.0373708522813540e-10 3.3359936779038371e-09 1.4577058493025872e-08 3.2585761142167781e-08 6.8527028839334143e-08 2.6952768518986529e-08 8.3787882762796170e-09 8.0670076923858090e-10 6.5141904392205490e-12 
1.4853263097002519e-13 2.0261197517086468e-11 3.9419324366501692e-10 3.0068734578042727e-09 1.1942130650955003e-08 2.6952768518986529e-08 6.2226550880628869e-08 2.0997701581133821e-08 4.3278978199493974e-09 9.0321677248414019e-11 
2.0745678110111711e-15 5.9606069740094488e-13 2.1019517006750461e-11 2.8077224381706253e-10 1.9903204158179585e-09 8.3787882762796170e-09 2.0997701581133821e-08 5.6273857651236135e-08 1.4189794785856528e-08 9.2556639647397155e-10 
6.6670082241008432e-18 4.3493882965925443e-15 2.9934515209864845e-13 7.3952045974561959e-12 9.7667730702830065e-11 8.0670076923858090e-10 4.3278978199493974e-09 1.4189794785856528e-08 5.0307333705089209e-08 6.4073338921159973e-09 
7.7569106143807728e-22 1.3423617406113115e-18 2.1531208630812728e-16 1.1744907585529422e-14 3.4106408175359345e-13 6.5141904392205490e-12 9.0321677248414019e-11 9.2556639647397155e-10 6.4073338921159973e-09 4.0929341734538814e-08 
