1.456381738035e-09 3.527309237043e-09 4.749587203032e-09 5.544109255442e-09 6.119947681666e-09 6.577815420886e-09 6.970099123893e-09 7.331214065084e-09 7.697680994633e-09 8.199438892554e-09 
1.006536932935e-10 8.015544803522e-10 1.893908356332e-09 2.925712721329e-09 3.758877920366e-09 4.429683132345e-09 5.002978120114e-09 5.530277658002e-09 6.065347654170e-09 6.798020238859e-09 
5.963932415532e-12 1.219265041831e-10 5.585179568094e-10 1.323067025943e-09 2.176659694466e-09 2.936369997950e-09 3.590311914898e-09 4.189250670925e-09 4.796322835163e-09 5.627536449430e-09 
-2.360861292089e-13 2.312286207968e-12 7.700262677505e-11 4.047702529403e-10 1.034306407091e-09 1.778960841966e-09 2.484293518960e-09 3.135487124460e-09 3.792363246328e-09 4.690796373366e-09 
-1.026173292525e-13 -3.182291712685e-12 -8.715812968678e-12 5.334283098407e-11 3.320455792851e-10 8.738523749270e-10 1.555925271954e-09 2.250280967357e-09 2.952151982670e-09 3.906290273494e-09 
-9.627754360738e-15 -6.035949069336e-13 -5.256812595113e-12 -1.055184130795e-11 3.964992576378e-11 2.709481070809e-10 7.665459231086e-10 1.449554473239e-09 2.200278812101e-09 3.207785556196e-09 
-3.738086426503e-16 -4.828525347941e-14 -8.677576574776e-13 -5.727926359262e-12 -1.540142091604e-11 8.889256698004e-12 1.972672745255e-10 6.956439177035e-10 1.467084260552e-09 2.544218626802e-09 
-5.851949519650e-18 -1.726746422721e-15 -6.267393651444e-14 -8.563445701326e-13 -6.081825681620e-12 -2.384824444776e-11 -3.816316150170e-11 9.569565952413e-11 6.828414843967e-10 1.872417690367e-09 
-2.455494387316e-20 -1.743608537625e-17 -1.301994673889e-15 -3.503530202347e-14 -5.093802501740e-13 -4.712311018833e-12 -2.874178152018e-11 -1.023733216278e-10 -6.225256505828e-11 1.042734562626e-09 
-5.059234814933e-24 -9.775802425088e-21 -1.747761698632e-18 -1.064944569315e-16 -3.470604398627e-15 -7.513532215167e-14 -1.204507114449e-12 -1.475122828448e-11 -1.248460428350e-10 -3.098151797652e-11 
