2.014036036435e-10 5.403333155478e-10 7.591485101713e-10 9.042166457666e-10 1.009673128507e-09 1.093529838068e-09 1.165370468760e-09 1.231502429558e-09 1.298614490052e-09 1.390504238541e-09 
1.945241475884e-11 1.641387282398e-10 4.020271866358e-10 6.337683447876e-10 8.231192018089e-10 9.758592867288e-10 1.106364322198e-09 1.226384564377e-09 1.348171924429e-09 1.514935998204e-09 
1.255957852769e-12 2.717133583765e-11 1.294722781542e-10 3.145255702672e-10 5.246850325663e-10 7.128923453781e-10 8.750116723622e-10 1.023454360064e-09 1.173902572852e-09 1.379898066095e-09 
-6.570390913347e-14 3.658789285518e-13 1.834905625411e-11 1.004472947263e-10 2.608859583560e-10 4.522688039974e-10 6.339013690151e-10 8.015638613503e-10 9.706705566786e-10 1.201961896753e-09 
-2.622304863034e-14 -8.269003653080e-13 -2.368019032771e-12 1.339288871628e-11 8.568672244932e-11 2.269888030766e-10 4.048354467285e-10 5.857225142365e-10 7.684936315694e-10 1.016963375196e-09 
-2.487306047752e-15 -1.573363850732e-13 -1.377558797730e-12 -2.770328258026e-12 1.040963149516e-11 7.090269488363e-11 2.000776832749e-10 3.775290227861e-10 5.719516082682e-10 8.327847790785e-10 
-9.765821443241e-17 -1.262141570835e-14 -2.262863153538e-13 -1.487569647697e-12 -3.965138111914e-12 2.515051703462e-12 5.177291597045e-11 1.805394648688e-10 3.771380894415e-10 6.502986416012e-10 
-1.525995777838e-18 -4.488224780753e-16 -1.623896824021e-14 -2.208421274003e-13 -1.554763806342e-12 -5.981125217134e-12 -8.943895601157e-12 2.633014803531e-11 1.725484568511e-10 4.617073125883e-10 
-6.342802005187e-21 -4.475986306023e-18 -3.314368362633e-16 -8.823349130629e-15 -1.265647113279e-13 -1.150778947669e-12 -6.857835350356e-12 -2.352389270293e-11 -1.042541700212e-11 2.439675112575e-10 
-1.246526391712e-24 -2.381557596992e-21 -4.211908794395e-19 -2.538309145724e-17 -8.174966179635e-16 -1.745362145943e-14 -2.746488924487e-13 -3.267040014054e-12 -2.621567837981e-11 -5.877030617880e-13 
