1.872927450136e-10 5.037454116447e-10 7.085454406235e-10 8.444148110334e-10 9.431965193467e-10 1.021745974809e-09 1.089039626649e-09 1.150985896036e-09 1.213850230340e-09 1.299924033198e-09 
1.823513130265e-11 1.541728231537e-10 3.781504028322e-10 5.966420883067e-10 7.752846492869e-10 9.194056309217e-10 1.042543835738e-09 1.155788353337e-09 1.270700115496e-09 1.428049407940e-09 
1.180284547503e-12 2.560143162725e-11 1.222031089464e-10 2.972801573326e-10 4.963964909958e-10 6.747859830392e-10 8.284599542235e-10 9.691696570504e-10 1.111779154940e-09 1.307041656403e-09 
-6.262266420593e-14 3.299310794337e-13 1.731461413124e-11 9.520078782657e-11 2.475953369939e-10 4.294762441601e-10 6.021881910807e-10 7.616315302895e-10 9.224437525635e-10 1.142389684631e-09 
-2.493512484750e-14 -7.872547888476e-13 -2.258826398630e-12 1.270569587376e-11 8.141486006849e-11 2.159390347193e-10 3.854624543573e-10 5.579069193966e-10 7.321493871220e-10 9.690236636612e-10 
-2.365266470660e-15 -1.496665178367e-13 -1.312401688492e-12 -2.654353003609e-12 9.878599520306e-12 6.761615712770e-11 1.909375156202e-10 3.603139215420e-10 5.459571915655e-10 7.950138413288e-10 
-9.295383802832e-17 -1.203598325780e-14 -2.160618651730e-13 -1.420745235633e-12 -3.782663831687e-12 2.407203954867e-12 4.936696209848e-11 1.723061999370e-10 3.602975907060e-10 6.214757758279e-10 
-1.457097552496e-18 -4.285655387156e-16 -1.549941319674e-14 -2.107910113631e-13 -1.485551768955e-12 -5.730146551488e-12 -8.620024031996e-12 2.516524598734e-11 1.652800543168e-10 4.419894630333e-10 
-6.053396170155e-21 -4.274730029478e-18 -3.169270830415e-16 -8.447816109163e-15 -1.212822032267e-13 -1.102662661232e-12 -6.560214142850e-12 -2.243938036103e-11 -9.943137338593e-12 2.331755563550e-10 
-1.194709417035e-24 -2.281598134714e-21 -4.031570236604e-19 -2.427013992220e-17 -7.809091012298e-16 -1.666431670201e-14 -2.623261635805e-13 -3.125814370936e-12 -2.514291995642e-11 -3.671462452728e-13 
