4.574193991594e-10 1.187229925975e-09 1.643203756421e-09 1.942939773277e-09 2.160516660315e-09 2.333522469887e-09 2.481742592713e-09 2.618185382958e-09 2.756650441326e-09 2.946266295212e-09 
3.957983103346e-11 3.256831786239e-10 7.842769671634e-10 1.223851919215e-09 1.580563634483e-09 1.867947155955e-09 2.113526618837e-09 2.339393209868e-09 2.568587557136e-09 2.882454340003e-09 
2.469131650790e-12 5.189394218600e-11 2.420006171723e-10 5.791115519539e-10 9.574445915945e-10 1.294645978054e-09 1.584862998192e-09 1.850635359107e-09 2.120016725057e-09 2.488885023691e-09 
-1.101046819063e-13 9.110738105151e-13 3.391243868820e-11 1.801611075276e-10 4.620282726306e-10 7.955065633397e-10 1.110857118007e-09 1.401806195346e-09 1.695302957969e-09 2.096764357421e-09 
-4.598511631482e-14 -1.429687018890e-12 -3.933226526453e-12 2.395747659682e-11 1.491758980141e-10 3.913405411985e-10 6.944304335708e-10 1.002089817705e-09 1.312901532586e-09 1.735509686505e-09 
-4.319616488042e-15 -2.705517414299e-13 -2.343033505572e-12 -4.588459028109e-12 1.811439354598e-11 1.207865294132e-10 3.387603308298e-10 6.371939784676e-10 9.638210103291e-10 1.402124989876e-09 
-1.671415374174e-16 -2.142840104468e-14 -3.819749199150e-13 -2.497576950243e-12 -6.599916596823e-12 4.481024405214e-12 8.723897763346e-11 3.023971118510e-10 6.305581136838e-10 1.086850810635e-09 
-2.576457817576e-18 -7.547594469746e-16 -2.722583656688e-14 -3.691906645774e-13 -2.591677619685e-12 -9.947500903895e-12 -1.490280223936e-11 4.350846667260e-11 2.873544563982e-10 7.716707229031e-10 
-1.061188127936e-20 -7.470526581928e-18 -5.523755012588e-16 -1.469988277232e-14 -2.110612549289e-13 -1.924111694021e-12 -1.152023847716e-11 -3.980868142395e-11 -1.879757519647e-11 4.111941268827e-10 
-2.081117335237e-24 -3.984332881565e-21 -7.062396024016e-19 -4.265857925827e-17 -1.376981313065e-15 -2.946927043201e-14 -4.651395317696e-13 -5.561751152279e-12 -4.522285702337e-11 -4.532709046283e-12 
