2.541457938940e-09 5.125135438573e-12 5.991030229861e-12 6.515504320655e-12 6.891872801053e-12 7.191071734485e-12 7.447469345470e-12 7.683502293550e-12 7.923033662128e-12 8.250955387603e-12 
5.125135438573e-12 2.548971958766e-09 1.333862892445e-11 1.515577884060e-11 1.646010613170e-11 1.749472692034e-11 1.838138356178e-11 1.919770783585e-11 2.002614346021e-11 2.116038343465e-11 
5.991030229861e-12 1.333862892445e-11 2.556524116957e-09 2.135601838787e-11 2.378173185591e-11 2.569661979379e-11 2.733420629847e-11 2.884196703403e-11 3.037223972010e-11 3.246750449243e-11 
6.515504320655e-12 1.515577884060e-11 2.135601838787e-11 2.564685501771e-09 2.999514045256e-11 3.301467593941e-11 3.558071301978e-11 3.793802267854e-11 4.033063014030e-11 4.360701746904e-11 
6.891872801053e-12 1.646010613170e-11 2.378173185591e-11 2.999514045256e-11 2.573752549822e-09 3.966996228839e-11 4.341372188613e-11 4.682884884443e-11 5.028914233992e-11 5.502913027353e-11 
7.191071734485e-12 1.749472692034e-11 2.569661979379e-11 3.301467593941e-11 3.966996228839e-11 2.584055442906e-09 5.076285772977e-11 5.547942059634e-11 6.022016773694e-11 6.671156472380e-11 
7.447469345470e-12 1.838138356178e-11 2.733420629847e-11 3.558071301978e-11 4.341372188613e-11 5.076285772977e-11 2.596061740414e-09 6.394554771224e-11 7.025925238149e-11 7.883198276846e-11 
7.683502293550e-12 1.919770783585e-11 2.884196703403e-11 3.793802267854e-11 4.682884884443e-11 5.547942059634e-11 6.394554771224e-11 2.610831485325e-09 8.084066481287e-11 9.197422752271e-11 
7.923033662128e-12 2.002614346021e-11 3.037223972010e-11 4.033063014030e-11 5.028914233992e-11 6.022016773694e-11 7.025925238149e-11 8.084066481287e-11 2.631065258821e-09 1.076685736408e-10 
8.250955387603e-12 2.116038343465e-11 3.246750449243e-11 4.360701746904e-11 5.502913027353e-11 6.671156472380e-11 7.883198276846e-11 9.197422752271e-11 1.076685736408e-10 2.670996498812e-09 
