2.541855752463e-09 5.778960523416e-12 6.745677488860e-12 7.331111797548e-12 7.751235593051e-12 8.085219924393e-12 8.371426397936e-12 8.634900536630e-12 8.902279815913e-12 9.268324942617e-12 
5.778960523416e-12 2.550243072048e-09 1.492373551686e-11 1.693980003135e-11 1.838700028653e-11 1.953501571067e-11 2.051884894911e-11 2.142463879213e-11 2.234386691571e-11 2.360241238769e-11 
6.745677488860e-12 1.492373551686e-11 2.558612364360e-09 2.379123633432e-11 2.647048923218e-11 2.858584311728e-11 3.039497031478e-11 3.206066727485e-11 3.375122925928e-11 3.606596029271e-11 
7.331111797548e-12 1.693980003135e-11 2.379123633432e-11 2.567613381271e-09 3.330244015240e-11 3.662440403134e-11 3.944796783097e-11 4.204196602818e-11 4.467479952827e-11 4.828013402025e-11 
7.751235593051e-12 1.838700028653e-11 2.647048923218e-11 3.330244015240e-11 2.577571762758e-09 4.391226071471e-11 4.801656735152e-11 5.176121745803e-11 5.555556020972e-11 6.075307994733e-11 
8.085219924393e-12 1.953501571067e-11 2.858584311728e-11 3.662440403134e-11 4.391226071471e-11 2.588848668639e-09 5.603665946644e-11 6.119151626296e-11 6.637392363237e-11 7.347001214762e-11 
8.371426397936e-12 2.051884894911e-11 3.039497031478e-11 3.944796783097e-11 4.801656735152e-11 5.603665946644e-11 2.601948486298e-09 7.040336151379e-11 7.728640038737e-11 8.663324305535e-11 
8.634900536630e-12 2.142463879213e-11 3.206066727485e-11 4.204196602818e-11 5.176121745803e-11 6.119151626296e-11 7.040336151379e-11 2.618020410095e-09 8.876632937901e-11 1.008739317367e-10 
8.902279815913e-12 2.234386691571e-11 3.375122925928e-11 4.467479952827e-11 5.555556020972e-11 6.637392363237e-11 7.728640038737e-11 8.876632937901e-11 2.639970063991e-09 1.178496199498e-10 
9.268324942617e-12 2.360241238769e-11 3.606596029271e-11 4.828013402025e-11 6.075307994733e-11 7.347001214762e-11 8.663324305535e-11 1.008739317367e-10 1.178496199498e-10 2.683171386287e-09 
