2.541597087976e-09 5.346611298103e-12 6.244917353356e-12 6.788986806375e-12 7.179420184881e-12 7.489800721521e-12 7.755780244515e-12 8.000634027091e-12 8.249116967919e-12 8.589293208726e-12 
5.346611298103e-12 2.549391755014e-09 1.385915818469e-11 1.574010448601e-11 1.709025653260e-11 1.816124798084e-11 1.907907299330e-11 1.992409241337e-11 2.078164878462e-11 2.195575839023e-11 
6.244917353356e-12 1.385915818469e-11 2.557205877092e-09 2.214894032259e-11 2.465590818084e-11 2.663503724142e-11 2.832759364227e-11 2.988596531407e-11 3.146760294763e-11 3.363319594738e-11 
6.788986806375e-12 1.574010448601e-11 2.214894032259e-11 2.565636274371e-09 3.106748945872e-11 3.418390629192e-11 3.683244980530e-11 3.926559112835e-11 4.173516279950e-11 4.511693912914e-11 
7.179420184881e-12 1.709025653260e-11 2.465590818084e-11 3.106748945872e-11 2.574988836229e-09 4.104177319652e-11 4.490106750825e-11 4.842177235065e-11 5.198909099156e-11 5.687566823301e-11 
7.489800721521e-12 1.816124798084e-11 2.663503724142e-11 3.418390629192e-11 4.104177319652e-11 2.585603865177e-09 5.246533774613e-11 5.732233140790e-11 6.220460135217e-11 6.888976934154e-11 
7.755780244515e-12 1.907907299330e-11 2.832759364227e-11 3.683244980530e-11 4.490106750825e-11 5.246533774613e-11 2.597960602991e-09 6.602734171153e-11 7.252355466286e-11 8.134441569651e-11 
8.000634027091e-12 1.992409241337e-11 2.988596531407e-11 3.926559112835e-11 4.842177235065e-11 5.732233140790e-11 6.602734171153e-11 2.613147780161e-09 8.339347266172e-11 9.483937621106e-11 
8.249116967919e-12 2.078164878462e-11 3.146760294763e-11 4.173516279950e-11 5.198909099156e-11 6.220460135217e-11 7.252355466286e-11 8.339347266172e-11 2.633931972519e-09 1.109436870215e-10 
8.589293208726e-12 2.195575839023e-11 3.363319594738e-11 4.511693912914e-11 5.687566823301e-11 6.888976934154e-11 8.134441569651e-11 9.483937621106e-11 1.109436870215e-10 2.674911956785e-09 
