2.542461819024e-09 6.795962213394e-12 7.923916817328e-12 8.606813502236e-12 9.096893229618e-12 9.486492570801e-12 9.820357609364e-12 1.012770485176e-11 1.043960750087e-11 1.086660490592e-11 
6.795962213394e-12 2.552246089023e-09 1.742483980202e-11 1.975604520312e-11 2.142955120112e-11 2.275720049076e-11 2.389497768502e-11 2.494249481534e-11 2.600555225328e-11 2.746101691907e-11 
7.923916817328e-12 1.742483980202e-11 2.561907725257e-09 2.763240432477e-11 3.071026111310e-11 3.314092633775e-11 3.521986027498e-11 3.713396148649e-11 3.907662884001e-11 4.173653921627e-11 
8.606813502236e-12 1.975604520312e-11 2.763240432477e-11 2.572226065992e-09 3.850911527545e-11 4.230444584264e-11 4.553102549494e-11 4.849547859067e-11 5.150430391891e-11 5.562448922056e-11 
9.096893229618e-12 2.142955120112e-11 3.071026111310e-11 3.850911527545e-11 2.583577231500e-09 5.057624909821e-11 5.524191092902e-11 5.949992439943e-11 6.381463858253e-11 6.972487583288e-11 
9.486492570801e-12 2.275720049076e-11 3.314092633775e-11 4.230444584264e-11 5.057624909821e-11 2.596366737514e-09 6.430090721783e-11 7.013650754511e-11 7.600457432411e-11 8.403951345283e-11 
9.820357609364e-12 2.389497768502e-11 3.521986027498e-11 4.553102549494e-11 5.524191092902e-11 6.430090721783e-11 2.611162652227e-09 8.050042055297e-11 8.826318297722e-11 9.880717654464e-11 
1.012770485176e-11 2.494249481534e-11 3.713396148649e-11 4.849547859067e-11 5.949992439943e-11 7.013650754511e-11 8.050042055297e-11 2.629242157186e-09 1.011247253591e-10 1.147385435086e-10 
1.043960750087e-11 2.600555225328e-11 3.907662884001e-11 5.150430391891e-11 6.381463858253e-11 7.600457432411e-11 8.826318297722e-11 1.011247253591e-10 2.653844066041e-09 1.336886490633e-10 
1.086660490592e-11 2.746101691907e-11 4.173653921627e-11 5.562448922056e-11 6.972487583288e-11 8.403951345283e-11 9.880717654464e-11 1.147385435086e-10 1.336886490633e-10 2.702065043551e-09 
