6.0508357209821668e-08 1.5478980184068339e-08 3.1600435034869510e-09 4.2205063902428067e-10 3.9320805302036095e-11 2.3777399412955844e-12 8.0220363038011725e-14 1.1391202517159172e-15 3.7066458553275845e-18 4.3307419229596157e-22 
1.5478980184068339e-08 6.6674406447576467e-08 2.2884691374371665e-08 7.0758056095264059e-09 1.3559011030705172e-09 1.6271423779287928e-10 1.1038451433525642e-11 3.2911425218809636e-13 2.4236158674601630e-15 7.4888819347109264e-19 
3.1600435034869510e-09 2.2884691374371665e-08 6.2442178570010327e-08 2.2648035202973403e-08 8.3361055218128469e-09 1.8037882248901726e-09 2.1613267102185807e-10 1.1650444321167377e-11 1.6702537862643450e-13 1.1998581137075946e-16 
4.2205063902428067e-10 7.0758056095264059e-09 2.2648035202973403e-08 5.8050376237803462e-08 2.0558903840094303e-08 7.9491408755674728e-09 1.6577530557198505e-09 1.5608563423950317e-10 4.1291809350288962e-12 6.5350174812842023e-15 
3.9320805302036095e-11 1.3559011030705172e-09 8.3361055218128469e-09 2.0558903840094303e-08 5.4073836243144698e-08 1.7908647256043546e-08 6.6164281201524080e-09 1.1090718777284397e-09 5.4541198379530589e-11 1.8938498976967053e-13 
2.3777399412955844e-12 1.6271423779287928e-10 1.8037882248901726e-09 7.9491408755674728e-09 1.7908647256043546e-08 5.0516870151419679e-08 1.4994397129811984e-08 4.6766238338962364e-09 4.5022279931584650e-10 3.6070331292030525e-12 
8.0220363038011725e-14 1.1038451433525642e-11 2.1613267102185807e-10 1.6577530557198505e-09 6.6164281201524080e-09 1.4994397129811984e-08 4.7186278309731321e-08 1.1725820485913671e-08 2.4109578429697542e-09 4.9803884692696811e-11 
1.1391202517159172e-15 3.2911425218809636e-13 1.1650444321167377e-11 1.5608563423950317e-10 1.1090718777284397e-09 4.6766238338962364e-09 1.1725820485913671e-08 4.3856684699630578e-08 7.8713047533868333e-09 5.0676191243732029e-10 
3.7066458553275845e-18 2.4236158674601630e-15 1.6702537862643450e-13 4.1291809350288962e-12 5.4541198379530589e-11 4.5022279931584650e-10 2.4109578429697542e-09 7.8713047533868333e-09 4.0352390398318271e-08 3.4607313639755539e-09 
4.3307419229596157e-22 7.4888819347109264e-19 1.1998581137075946e-16 6.5350174812842023e-15 1.8938498976967053e-13 3.6070331292030525e-12 4.9803884692696811e-11 5.0676191243732029e-10 3.4607313639755539e-09 3.4876243487490016e-08 
