7.337647165401e-08 2.095266744497e-08 4.192789857767e-09 5.511412046205e-10 5.073582284881e-11 3.036657582122e-12 1.014945046706e-13 1.431460953261e-15 4.615608706997e-18 5.380183610809e-22 
2.095266744497e-08 7.941853176534e-08 3.000504116784e-08 9.162747025493e-09 1.738429126007e-09 2.066258354238e-10 1.391847536176e-11 4.121252160702e-13 3.013235957478e-15 9.297800566579e-19 
4.192789857767e-09 3.000504116784e-08 7.261149393472e-08 2.911502460515e-08 1.062328609325e-08 2.281209002554e-09 2.717620701974e-10 1.454469430514e-11 2.075610017945e-13 1.488368915505e-16 
5.511412046205e-10 9.162747025493e-09 2.911502460515e-08 6.628858935095e-08 2.604972899084e-08 1.001901784497e-08 2.077891819030e-09 1.943908232661e-10 5.131100840651e-12 8.098368550020e-15 
5.073582284881e-11 1.738429126007e-09 1.062328609325e-08 2.604972899084e-08 6.083508760763e-08 2.249122268204e-08 8.262967310447e-09 1.379021040896e-09 6.777125208092e-11 2.344871470078e-13 
3.036657582122e-12 2.066258354238e-10 2.281209002554e-09 1.001901784497e-08 2.249122268204e-08 5.609788147211e-08 1.866347533653e-08 5.811494893050e-09 5.591578318191e-10 4.464281311658e-12 
1.014945046706e-13 1.391847536176e-11 2.717620701974e-10 2.077891819030e-09 8.262967310447e-09 1.866347533653e-08 5.179423111691e-08 1.457013841126e-08 2.990293276117e-09 6.168549593120e-11 
1.431460953261e-15 4.121252160702e-13 1.454469430514e-11 1.943908232661e-10 1.379021040896e-09 5.811494893050e-09 1.457013841126e-08 4.762987393984e-08 9.746037745307e-09 6.296266547360e-10 
4.615608706997e-18 3.013235957478e-15 2.075610017945e-13 5.131100840651e-12 6.777125208092e-11 5.591578318191e-10 2.990293276117e-09 9.746037745307e-09 4.327365094193e-08 4.326747847332e-09 
5.380183610809e-22 9.297800566579e-19 1.488368915505e-16 8.098368550020e-15 2.344871470078e-13 4.464281311658e-12 6.168549593120e-11 6.296266547360e-10 4.326747847332e-09 3.660275283829e-08 
