8.0535810665242524e-08 2.3969029122465731e-08 4.7594308747761784e-09 6.2173664679390040e-10 5.6902343139200720e-11 3.3904168249947956e-12 1.1295194242982123e-13 1.5863921196205040e-15 5.1134495068997193e-18 5.9361167343975875e-22 
2.3969029122465731e-08 8.6417692617862010e-08 3.3900655485540269e-08 1.0296849810793327e-08 1.9437430129368830e-09 2.3029652238568342e-10 1.5454214819066900e-11 4.5651324795269153e-13 3.3363015859375335e-15 1.0261646902263297e-18 
4.7594308747761784e-09 3.3900655485540269e-08 7.8149310789873199e-08 3.2592020772164729e-08 1.1853149552737570e-08 2.5378522075001576e-09 3.0129143578883292e-10 1.6112731619250926e-11 2.2957059591578168e-13 1.6439496418407817e-16 
6.2173664679390040e-10 1.0296849810793327e-08 3.2592020772164729e-08 7.0713901148567056e-08 2.9009180037318935e-08 1.1122059193299514e-08 2.3019482114825967e-09 2.1533361230244873e-10 5.6686891730619700e-12 8.9547722837297704e-15 
5.6902343139200720e-11 1.9437430129368830e-09 1.1853149552737570e-08 2.9009180037318935e-08 6.4446020237902478e-08 2.4924109536531785e-08 9.1535465092856796e-09 1.5266321379146667e-09 7.4805801174242298e-11 2.5960021847117849e-13 
3.3904168249947956e-12 2.3029652238568342e-10 2.5378522075001576e-09 1.1122059193299514e-08 2.4924109536531785e-08 5.9103079924664329e-08 2.0672780721354479e-08 6.4244326738178790e-09 6.1707782951189815e-10 4.9476909069663814e-12 
1.1295194242982123e-13 1.5454214819066900e-11 3.0129143578883292e-10 2.3019482114825967e-09 9.1535465092856796e-09 2.0672780721354479e-08 5.4296340248925666e-08 1.6082048341190605e-08 3.3036141138139563e-09 6.8399766999316664e-11 
1.5863921196205040e-15 4.5651324795269153e-13 1.6112731619250926e-11 2.1533361230244873e-10 1.5266321379146667e-09 6.4244326738178790e-09 1.6082048341190605e-08 4.9652115023999547e-08 1.0792610242862449e-08 6.9768217428113485e-10 
5.1134495068997193e-18 3.3363015859375335e-15 2.2957059591578168e-13 5.6686891730619700e-12 7.4805801174242298e-11 6.1707782951189815e-10 3.3036141138139563e-09 1.0792610242862449e-08 4.4906981932322075e-08 4.7897339455932025e-09 
5.9361167343975875e-22 1.0261646902263297e-18 1.6439496418407817e-16 8.9547722837297704e-15 2.5960021847117849e-13 4.9476909069663814e-12 6.8399766999316664e-11 6.9768217428113485e-10 4.7897339455932025e-09 3.7558274444401235e-08 
