-5.1508519056695570e-10 6.0162981720040706e-10 8.9190436569910348e-10 1.0647850910570570e-09 1.1884329205634977e-09 1.2865696698809356e-09 1.3706314911051192e-09 1.4480129546448222e-09 1.5265412837941119e-09 1.6340861054466089e-09 
-2.0813508696231713e-09 -1.0312179608944558e-10 4.1022312509929737e-10 7.2461455949756935e-10 9.5020449298204508e-10 1.1269147795816519e-09 1.2771920459328549e-09 1.4153314257368520e-09 1.5555013219528956e-09 1.7474628075155318e-09 
-3.1016596968517855e-09 -6.8392632240319024e-10 -7.5037863889796176e-11 3.0345706498290886e-10 5.8928890256717054e-10 8.1306174792458763e-10 9.9897254646186904e-10 1.1681260071727814e-09 1.3394639549127273e-09 1.5740809227001640e-09 
-3.8490192620215438e-09 -1.1464645292359828e-09 -4.6988404586998489e-10 -6.7506440153756211e-11 2.4446063167446633e-10 5.0262313567465851e-10 7.1707080086616195e-10 9.0778702334985368e-10 1.0990160247056562e-09 1.3604886757790043e-09 
-4.4184656051940803e-09 -1.5268969465824022e-09 -7.9158065060620011e-10 -3.6550886398457352e-10 -5.4564160461082087e-11 2.1170798130127655e-10 4.4787460017415263e-10 6.5877404874236219e-10 8.6500183450946837e-10 1.1443755777479457e-09 
-4.8610741977240590e-09 -1.8474331363061200e-09 -1.0728864841904867e-09 -6.1833258459882858e-10 -3.0212662948738604e-10 -4.7559449097109841e-11 1.8930809243227707e-10 4.1821685127747769e-10 6.4100518381870295e-10 9.3338333366094142e-10 
-5.2019931715154164e-09 -2.1184089543087396e-09 -1.3235907759958963e-09 -8.5073412283190780e-10 -5.1896381311743843e-10 -2.6664848004067093e-10 -4.8889929182827850e-11 1.7616678254376278e-10 4.1892580607837561e-10 7.2618475587347352e-10 
-5.4582571997828933e-09 -2.3494567202443754e-09 -1.5478160684665620e-09 -1.0688263364192887e-09 -7.2685306740372010e-10 -4.6267707566501495e-10 -2.5171014998737862e-10 -6.0389473567403479e-11 1.7713209520953334e-10 5.1469905062828369e-10 
-5.7471256369481872e-09 -2.6014589150329471e-09 -1.7902881564621428e-09 -1.3053246199026099e-09 -9.5723049811008210e-10 -6.8173968141006779e-10 -4.5293338553962698e-10 -2.6606599860086779e-10 -9.0282814038251384e-11 2.6601494169919150e-10 
-6.1649974858697609e-09 -2.9548075342710259e-09 -2.1269946008887486e-09 -1.6320707560378051e-09 -1.2766797094258681e-09 -9.9413280655824960e-10 -7.5230568141912807e-10 -5.3308163240103908e-10 -3.3757844198370661e-10 -8.6988254489042738e-11 
