-4.1528978840221097e-10 4.6492161812848087e-10 6.9376198947365470e-10 8.3006664202040098e-10 9.2754662574184497e-10 1.0049092179451498e-09 1.0711750871858803e-09 1.1321747029221293e-09 1.1940783837158189e-09 1.2788556840169723e-09 
-1.6910410720994748e-09 -8.8579926779821784e-11 3.2713827633276864e-10 5.8184503194172429e-10 7.6466505445449590e-10 9.0784629051012698e-10 1.0295881579572215e-09 1.1414919467142768e-09 1.2550400979284489e-09 1.4105432976027117e-09 
-2.5589703847964179e-09 -5.6685827719620486e-10 -6.5274410502326556e-11 2.4644872497608204e-10 4.8199765717973650e-10 6.6645796304884102e-10 8.1967168203196665e-10 9.5904986441651282e-10 1.1002221159748731e-09 1.2935318346168040e-09 
-3.2110264691112788e-09 -9.5796892647542843e-10 -3.9387209011073887e-10 -5.8528950041282496e-11 2.0141875911624850e-10 4.1665449631630494e-10 5.9549286637810029e-10 7.5451253344022578e-10 9.1393647444840812e-10 1.1319153174382839e-09 
-3.7161971842359939e-09 -1.2851574443992860e-09 -6.6688923308255425e-10 -3.0864467537270155e-10 -4.7327266530019123e-11 1.7643057191643002e-10 3.7499600992670881e-10 5.5235759694785895e-10 7.2575855678389570e-10 9.6063754938558756e-10 
-4.1129477459731070e-09 -1.5636622851429888e-09 -9.0844264897136941e-10 -5.2388623747914034e-10 -2.5639702015049199e-10 -4.1133896372758498e-11 1.5916726632565485e-10 3.5282947521787063e-10 5.4133244261084334e-10 7.8866825728453286e-10 
-4.4196081260013605e-09 -1.8000713870173244e-09 -1.1248628694093905e-09 -7.2315486973469103e-10 -4.4129030842807013e-10 -2.2694523623570213e-10 -4.2012214818244474e-11 1.4913326059480960e-10 3.5539598562223228e-10 6.1643955820407022e-10 
-4.6475538242002703e-09 -2.0005618761876855e-09 -1.3180038682335180e-09 -9.1016648299517034e-10 -6.1898831694457836e-10 -3.9404679581881155e-10 -2.1442506626168961e-10 -5.1558832944602331e-11 1.5068903941534997e-10 4.3813090238056510e-10 
-4.8890173984062121e-09 -2.2129164932821308e-09 -1.5228323276813189e-09 -1.1102611711958566e-09 -8.1412848414914737e-10 -5.7976265317766766e-10 -3.8512200762325695e-10 -2.2618304497300636e-10 -7.6608192461104230e-11 2.2659029898245363e-10 
-5.1851350846949069e-09 -2.4844763205531123e-09 -1.7880564072484923e-09 -1.3716884006999596e-09 -1.0727061262136290e-09 -8.3500614388325456e-10 -6.3156564558319414e-10 -4.4717109862164879e-10 -2.8291801146568838e-10 -7.2006645152965393e-11 
