-1.7325983520899811e-09 3.1061939222675644e-09 4.3618091301747952e-09 5.1094335430572511e-09 5.6444850613602296e-09 6.0693110527023986e-09 6.4332430034671103e-09 6.7682568394101275e-09 7.1082360408037631e-09 7.5738391313408681e-09 
-7.3068709467283856e-09 -2.4931887154488098e-10 1.5842275790589150e-09 2.7047325572715384e-09 3.5078770634885398e-09 4.1376066412371934e-09 4.6735285487523408e-09 5.1662422862635526e-09 5.6662054202607959e-09 6.3509010975936679e-09 
-1.0213076803365495e-08 -2.2146966979956359e-09 -1.9843413499015991e-10 1.0553256575986378e-09 2.0000419874154949e-09 2.7392482345156453e-09 3.3539574520608873e-09 3.9135424835080271e-09 4.4804025559909213e-09 5.2566205455424694e-09 
-1.2301358658345850e-08 -3.6523359330481090e-09 -1.4871382805132338e-09 -1.9821515558474872e-10 8.0084334481428804e-10 1.6265547413888881e-09 2.3124378946643576e-09 2.9227337416233105e-09 3.5347610398814427e-09 4.3715996461902195e-09 
-1.4007791024711339e-08 -4.8406056171067214e-09 -2.5095230270267095e-09 -1.1584534361930049e-09 -1.7227150103353209e-10 6.7160041103189510e-10 1.4199187706010122e-09 2.0886097515934632e-09 2.7425742384307720e-09 3.6283109859051941e-09 
-1.5542259064994480e-08 -5.9130868692514535e-09 -3.4381732521880906e-09 -1.9854114206654877e-09 -9.7461921539018338e-10 -1.6167787173961656e-10 5.9391277431448785e-10 1.3250676725024530e-09 2.0376569960311358e-09 2.9721476977160791e-09 
-1.7036044386295707e-08 -6.9476041406112461e-09 -4.3471917522909974e-09 -2.7999151091072148e-09 -1.7137453647780330e-09 -8.8763581916904666e-10 -1.7658167140130832e-10 5.5713151357210536e-10 1.3519425484667682e-09 2.3588205736512494e-09 
-1.8641088856208660e-08 -8.0361092378282350e-09 -5.3014859847493381e-09 -3.6674604174474111e-09 -2.5005323635841016e-09 -1.5982235635410331e-09 -8.7749211201333355e-10 -2.2785040725555942e-10 5.7764319502111084e-10 1.7330863073213809e-09 
-2.1070791735699311e-08 -9.5524447751125851e-09 -6.5822166903752476e-09 -4.8064433718985364e-09 -3.5317931165941282e-09 -2.5226600866940336e-09 -1.6831241817013235e-09 -9.9577374162546603e-10 -3.5845450757950184e-10 9.3982519412733154e-10 
-2.6403438218114665e-08 -1.2689262849422670e-08 -9.1527823977051969e-09 -7.0384296848916292e-09 -5.5201711279623914e-09 -4.3130951843397381e-09 -3.2797939447972390e-09 -2.3412498973045198e-09 -1.4945049111882281e-09 -4.3186635375422296e-10 
