1.343366832870e-09 3.271064491199e-09 4.413167091002e-09 5.156009731966e-09 5.694428946865e-09 6.122543255241e-09 6.489335007392e-09 6.826983450723e-09 7.169636366512e-09 7.638868643672e-09 
9.442966199122e-11 7.531678922531e-10 1.780883630556e-09 2.752000427769e-09 3.536153032896e-09 4.167491230220e-09 4.707055363314e-09 5.203330064761e-09 5.706918471939e-09 6.396549976480e-09 
5.609845442144e-12 1.147888131270e-10 5.260653291533e-10 1.245994639037e-09 2.049436694752e-09 2.764450121095e-09 3.379838684202e-09 3.943462966706e-09 4.514745777553e-09 5.297011573657e-09 
-2.218728586087e-13 2.205165032901e-12 7.257748115629e-11 3.809313035728e-10 9.731681678136e-10 1.673223027135e-09 2.335805324715e-09 2.947506659808e-09 3.564564091760e-09 4.408583803752e-09 
-9.644788757530e-14 -2.991910138514e-12 -8.190073220363e-12 5.028940305827e-11 3.123876109476e-10 8.205188028305e-10 1.459501589419e-09 2.110075544079e-09 2.767659561423e-09 3.661626928879e-09 
-9.055724094600e-15 -5.670776774960e-13 -4.925062324709e-12 -9.817648845864e-12 3.724636353721e-11 2.535171291667e-10 7.174194589986e-10 1.356996531659e-09 2.059538058313e-09 3.002348964929e-09 
-3.507009703803e-16 -4.519335231638e-14 -8.116664902126e-13 -5.362733374489e-12 -1.445421912071e-11 8.312190236421e-12 1.851691061749e-10 6.518115899187e-10 1.372120997026e-09 2.377219878958e-09 
-5.473408098757e-18 -1.616633750180e-15 -5.871937687929e-14 -8.019885456689e-13 -5.684242690515e-12 -2.218985133426e-11 -3.508929836465e-11 9.039872014546e-11 6.362410764218e-10 1.739191019943e-09 
-2.300284979220e-20 -1.631057851834e-17 -1.215423363497e-15 -3.263331548482e-14 -4.734080674315e-13 -4.369540040023e-12 -2.658244403136e-11 -9.435201976315e-11 -5.614663702031e-11 9.628837425438e-10 
-4.696574966976e-24 -9.062549467513e-21 -1.618264467973e-18 -9.849058599090e-17 -3.206193313773e-15 -6.933128104581e-14 -1.109941368158e-12 -1.356630745912e-11 -1.144781570403e-10 -2.725761441131e-11 
