1.191517251167e-07 3.895169773789e-08 7.476466720489e-09 9.537530817082e-10 8.588000623948e-11 5.054281330617e-12 1.668658564337e-13 2.331284798327e-15 7.484316168493e-18 8.768901766911e-22 
3.895169773789e-08 1.201488984609e-07 5.230383551543e-08 1.561545627670e-08 2.910633935407e-09 3.413723316760e-10 2.276769607267e-11 6.694144678847e-13 4.887974530220e-15 1.518023780157e-18 
7.476466720489e-09 5.230383551543e-08 1.041106714128e-07 4.896094402848e-08 1.763149167349e-08 3.748026278915e-09 4.429608798687e-10 2.359590262819e-11 3.369723473583e-13 2.434911416035e-16 
9.537530817082e-10 1.561545627670e-08 4.896094402848e-08 9.152125715950e-08 4.291308756902e-08 1.638035863336e-08 3.377521844243e-09 3.152489532323e-10 8.339264558165e-12 1.328142775866e-14 
8.588000623948e-11 2.910633935407e-09 1.763149167349e-08 4.291308756902e-08 8.161192645121e-08 3.661378189179e-08 1.340658471778e-08 2.237265221719e-09 1.103027572444e-10 3.857718281089e-13 
5.054281330617e-12 3.413723316760e-10 3.748026278915e-09 1.638035863336e-08 3.661378189179e-08 7.347670188176e-08 3.026723432350e-08 9.439300066059e-09 9.119932398104e-10 7.375125799938e-12 
1.668658564337e-13 2.276769607267e-11 4.429608798687e-10 3.377521844243e-09 1.340658471778e-08 3.026723432350e-08 6.650076679324e-08 2.371520246557e-08 4.894415824139e-09 1.025061549580e-10 
2.331284798327e-15 6.694144678847e-13 2.359590262819e-11 3.152489532323e-10 2.237265221719e-09 9.439300066059e-09 2.371520246557e-08 5.994487766447e-08 1.605769946587e-08 1.055674211022e-09 
7.484316168493e-18 4.887974530220e-15 3.369723473583e-13 8.339264558165e-12 1.103027572444e-10 9.119932398104e-10 4.894415824139e-09 1.605769946587e-08 5.334991299921e-08 7.360758232096e-09 
8.768901766911e-22 1.518023780157e-18 2.434911416035e-16 1.328142775866e-14 3.857718281089e-13 7.375125799938e-12 1.025061549580e-10 1.055674211022e-09 7.360758232096e-09 4.289928570108e-08 
