6.714188951758e-08 1.832068842204e-08 3.697575152093e-09 4.894467545027e-10 4.526160830068e-11 2.723253886130e-12 9.139550933345e-14 1.290725875135e-15 4.189464895220e-18 4.866754971282e-22 
1.832068842204e-08 7.330604531247e-08 2.659820698620e-08 8.164060328312e-09 1.555511219192e-09 1.858412788768e-10 1.253662860058e-11 3.725849896477e-13 2.734763208288e-15 8.420165316954e-19 
3.697575152093e-09 2.659820698620e-08 6.774860728982e-08 2.601560396641e-08 9.537896194463e-09 2.054150111771e-09 2.450062315270e-10 1.318041105296e-11 1.881470425534e-13 1.350129827848e-16 
4.894467545027e-10 8.164060328312e-09 2.601560396641e-08 6.237297157214e-08 2.344823075598e-08 9.025476513644e-09 1.877126143058e-09 1.763944699723e-10 4.644883778289e-12 7.359313838765e-15 
4.526160830068e-11 1.555511219192e-09 9.537896194463e-09 2.344823075598e-08 5.759565148642e-08 2.028965566614e-08 7.485847800375e-09 1.251261869684e-09 6.130368129204e-11 2.133985813902e-13 
2.723253886130e-12 1.858412788768e-10 2.054150111771e-09 9.025476513644e-09 2.028965566614e-08 5.345527931693e-08 1.693913346635e-08 5.264716096827e-09 5.060813103079e-10 4.065208255620e-12 
9.139550933345e-14 1.253662860058e-11 2.450062315270e-10 1.877126143058e-09 7.485847800375e-09 1.693913346635e-08 4.958840385283e-08 1.317960477064e-08 2.713089109159e-09 5.610692382987e-11 
1.290725875135e-15 3.725849896477e-13 1.318041105296e-11 1.763944699723e-10 1.251261869684e-09 5.264716096827e-09 1.317960477064e-08 4.580894232643e-08 8.868954801365e-09 5.702392828407e-10 
4.189464895220e-18 2.734763208288e-15 1.881470425534e-13 4.644883778289e-12 6.130368129204e-11 5.060813103079e-10 2.713089109159e-09 8.868954801365e-09 4.188141011164e-08 3.894907073086e-09 
4.866754971282e-22 8.420165316954e-19 1.350129827848e-16 7.359313838765e-15 2.133985813902e-13 4.065208255620e-12 5.610692382987e-11 5.702392828407e-10 3.894907073086e-09 3.577170501407e-08 
