2.376570684148e-07 8.044670567745e-08 1.488316379182e-08 1.862746654579e-09 1.663249284020e-10 9.782446452187e-12 3.247603478898e-13 4.599888388539e-15 1.506979776357e-17 1.829561858417e-21 
8.044670567745e-08 2.122066467904e-07 1.025704993653e-07 3.030234464775e-08 5.631469231051e-09 6.623864796554e-10 4.457475405283e-11 1.331005182892e-12 9.904735236925e-15 3.195079564754e-18 
1.488316379182e-08 1.025704993653e-07 1.756503592403e-07 9.474119320803e-08 3.415307623132e-08 7.301072507620e-09 8.727330619703e-10 4.722126693794e-11 6.870039712092e-13 5.171231489438e-16 
1.862746654579e-09 3.030234464775e-08 9.474119320803e-08 1.507951789083e-07 8.340934392091e-08 3.209746429510e-08 6.701469638494e-09 6.348116948183e-10 1.711776846424e-11 2.847475544944e-14 
1.663249284020e-10 5.631469231051e-09 3.415307623132e-08 8.340934392091e-08 1.326825168651e-07 7.233619588529e-08 2.681054008577e-08 4.535816958747e-09 2.283217444588e-10 8.353534585908e-13 
9.782446452187e-12 6.623864796554e-10 7.301072507620e-09 3.209746429510e-08 7.233619588529e-08 1.185360400443e-07 6.105374522961e-08 1.930207184449e-08 1.909104778014e-09 1.614234941513e-11 
3.247603478898e-13 4.457475405283e-11 8.727330619703e-10 6.701469638494e-09 2.681054008577e-08 6.105374522961e-08 1.062621777707e-07 4.910551185844e-08 1.040822319978e-08 2.271249809138e-10 
4.599888388539e-15 1.331005182892e-12 4.722126693794e-11 6.348116948183e-10 4.535816958747e-09 1.930207184449e-08 4.910551185844e-08 9.523096025010e-08 3.488820411842e-08 2.376500528394e-09 
1.506979776357e-17 9.904735236925e-15 6.870039712092e-13 1.711776846424e-11 2.283217444588e-10 1.909104778014e-09 1.040822319978e-08 3.488820411842e-08 8.432658551481e-08 1.700833886082e-08 
1.829561858417e-21 3.195079564754e-18 5.171231489438e-16 2.847475544944e-14 8.353534585908e-13 1.614234941513e-11 2.271249809138e-10 2.376500528394e-09 1.700833886082e-08 6.388751543782e-08 
