6.204300824284e-08 1.612031817269e-08 3.279237882534e-09 4.367334122840e-10 4.063322666231e-11 2.452519138421e-12 8.272007720482e-14 1.172581684912e-15 3.808799263878e-18 4.448806454707e-22 
1.612031817269e-08 6.815006638393e-08 2.369551507137e-08 7.314998828017e-09 1.399549864902e-09 1.677754337307e-10 1.137785022513e-11 3.383052945474e-13 2.492317048244e-15 7.685110088894e-19 
3.279237882534e-09 2.369551507137e-08 6.360559502634e-08 2.338915775421e-08 8.596793925282e-09 1.859855489805e-09 2.225412193719e-10 1.196984968067e-11 1.718480617330e-13 1.230327730273e-16 
4.367334122840e-10 7.314998828017e-09 2.338915775421e-08 5.898735480308e-08 2.119801063532e-08 8.192450917708e-09 1.704724937142e-09 1.604023775483e-10 4.248283675094e-12 6.698597236055e-15 
4.063322666231e-11 1.399549864902e-09 8.596793925282e-09 2.119801063532e-08 5.487150937163e-08 1.843014293372e-08 6.798086048365e-09 1.140514776518e-09 5.607859053060e-11 1.941694282048e-13 
2.452519138421e-12 1.677754337307e-10 1.859855489805e-09 8.192450917708e-09 1.843014293372e-08 5.113190186820e-08 1.541136366361e-08 4.811632833789e-09 4.623482897537e-10 3.701432542435e-12 
8.272007720482e-14 1.137785022513e-11 2.225412193719e-10 1.704724937142e-09 6.798086048365e-09 1.541136366361e-08 4.773319997512e-08 1.205569976999e-08 2.472571022547e-09 5.118619158187e-11 
1.172581684912e-15 3.383052945474e-13 1.196984968067e-11 1.604023775483e-10 1.140514776518e-09 4.811632833789e-09 1.205569976999e-08 4.426369081360e-08 8.073641669244e-09 5.217310481353e-10 
3.808799263878e-18 2.492317048244e-15 1.718480617330e-13 4.248283675094e-12 5.607859053060e-11 4.623482897537e-10 2.472571022547e-09 8.073641669244e-09 4.069988526155e-08 3.562230961564e-09 
4.448806454707e-22 7.685110088894e-19 1.230327730273e-16 6.698597236055e-15 1.941694282048e-13 3.701432542435e-12 5.118619158187e-11 5.217310481353e-10 3.562230961564e-09 3.506260324081e-08 
