1.783443362217e-07 6.015922585419e-08 1.125339423039e-08 1.414106454228e-09 1.261559796989e-10 7.399964549245e-12 2.440199585815e-13 3.421482719431e-15 1.111540668138e-17 1.326827548626e-21 
6.015922585419e-08 1.671342290768e-07 7.781704702271e-08 2.299920950831e-08 4.264639267546e-09 4.994600250906e-10 3.331500102822e-11 9.870545494833e-13 7.277299648790e-15 2.311422101514e-18 
1.125339423039e-08 7.781704702271e-08 1.401384985612e-07 7.179586034293e-08 2.580748041075e-08 5.481656839142e-09 6.497461664852e-10 3.492984159800e-11 5.028571030695e-13 3.730694761315e-16 
1.414106454228e-09 2.299920950831e-08 7.179586034293e-08 1.208957642272e-07 6.277086306323e-08 2.397602308520e-08 4.973645941163e-09 4.681426408335e-10 1.248608850798e-11 2.047190314711e-14 
1.261559796989e-10 4.264639267546e-09 2.580748041075e-08 6.277086306323e-08 1.063422608458e-07 5.377980738714e-08 1.983745989712e-08 3.331534811285e-09 1.660017332197e-10 5.979300915752e-13 
7.399964549245e-12 4.994600250906e-10 5.481656839142e-09 2.397602308520e-08 5.377980738714e-08 9.510395810547e-08 4.498155585504e-08 1.410655265939e-08 1.383173623191e-09 1.148742405170e-11 
2.440199585815e-13 3.331500102822e-11 6.497461664852e-10 4.973645941163e-09 1.983745989712e-08 4.498155585504e-08 8.535001558164e-08 3.569927123699e-08 7.503524645150e-09 1.603333565646e-10 
3.421482719431e-15 9.870545494833e-13 3.492984159800e-11 4.681426408335e-10 3.331534811285e-09 1.410655265939e-08 3.569927123699e-08 7.664077675376e-08 2.492057895869e-08 1.658041669700e-09 
1.111540668138e-17 7.277299648790e-15 5.028571030695e-13 1.248608850798e-11 1.660017332197e-10 1.383173623191e-09 7.503524645150e-09 2.492057895869e-08 6.760416252369e-08 1.167137614662e-08 
1.326827548626e-21 2.311422101514e-18 3.730694761315e-16 2.047190314711e-14 5.979300915752e-13 1.148742405170e-11 1.603333565646e-10 1.658041669700e-09 1.167137614662e-08 5.217368086344e-08 
