9.655030227061e-08 3.031271726876e-08 5.918269295822e-09 7.637670722058e-10 6.932972373596e-11 4.102919400317e-12 1.360835510017e-13 1.903458355199e-15 6.115832380657e-18 7.116552393151e-22 
3.031271726876e-08 1.007904177403e-07 4.176703063103e-08 1.257650687163e-08 2.358071703677e-09 2.779053380734e-10 1.858572073377e-11 5.466336677863e-13 3.993509710948e-15 1.229841648600e-18 
5.918269295822e-09 4.176703063103e-08 8.927312028050e-08 3.960984837003e-08 1.432813573770e-08 3.056856267617e-09 3.616679819126e-10 1.927485475612e-11 2.750418400381e-13 1.969994993113e-16 
7.637670722058e-10 1.257650687163e-08 3.960984837003e-08 7.962520094577e-08 3.497137638986e-08 1.337225930873e-08 2.757949128023e-09 2.575838847777e-10 6.795618190791e-12 1.073429966552e-14 
6.932972373596e-11 2.358071703677e-09 1.432813573770e-08 3.497137638986e-08 7.179940923734e-08 2.989512963611e-08 1.095093588327e-08 1.827511601399e-09 8.969396023863e-11 3.115161049580e-13 
4.102919400317e-12 2.779053380734e-10 3.056856267617e-09 1.337225930873e-08 2.989512963611e-08 6.517975369158e-08 2.473160318692e-08 7.699029208441e-09 7.397353867090e-10 5.949337188448e-12 
1.360835510017e-13 1.858572073377e-11 3.616679819126e-10 2.757949128023e-09 1.095093588327e-08 2.473160318692e-08 5.946241847121e-08 1.928240481554e-08 3.959837924945e-09 8.252844831998e-11 
1.903458355199e-15 5.466336677863e-13 1.927485475612e-11 2.575838847777e-10 1.827511601399e-09 7.699029208441e-09 1.928240481554e-08 5.390965238530e-08 1.296215010493e-08 8.460357485798e-10 
6.115832380657e-18 3.993509710948e-15 2.750418400381e-13 6.795618190791e-12 8.969396023863e-11 7.397353867090e-10 3.959837924945e-09 1.296215010493e-08 4.840493618240e-08 5.840462411735e-09 
7.116552393151e-22 1.229841648600e-18 1.969994993113e-16 1.073429966552e-14 3.115161049580e-13 5.949337188448e-12 8.252844831998e-11 8.460357485798e-10 5.840462411735e-09 3.970209224332e-08 
