7.700476378245e-08 2.246519482064e-08 4.475470962478e-09 5.862164778358e-10 5.381390097818e-11 3.212478629029e-12 1.073074778132e-13 1.508573168449e-15 4.865309304295e-18 5.655297253957e-22 
2.246519482064e-08 8.291434098059e-08 3.193979114095e-08 9.728484245294e-09 1.840561254288e-09 2.185184383540e-10 1.469590163223e-11 4.339556832030e-13 3.178347255091e-15 9.766926465937e-19 
4.475470962478e-09 3.193979114095e-08 7.537214083074e-08 3.084743230708e-08 1.123662648244e-08 2.411289458190e-09 2.865165160081e-10 1.531985151098e-11 2.188932676033e-13 1.563476121556e-16 
5.862164778358e-10 9.728484245294e-09 3.084743230708e-08 6.849138290759e-08 2.754434950324e-08 1.057656760031e-08 2.188460490928e-09 2.049013539546e-10 5.406519749726e-12 8.512960001608e-15 
5.381390097818e-11 1.840561254288e-09 1.123662648244e-08 2.754434950324e-08 6.266514752387e-08 2.369964100279e-08 8.702793120150e-09 1.454387645560e-09 7.131877730068e-11 2.468209846909e-13 
3.212478629029e-12 2.185184383540e-10 2.411289458190e-09 1.057656760031e-08 2.369964100279e-08 5.757776809347e-08 1.967698073502e-08 6.126435120037e-09 5.877046540906e-10 4.707501384355e-12 
1.073074778132e-13 1.469590163223e-11 2.865165160081e-10 2.188460490928e-09 8.702793120150e-09 1.967698073502e-08 5.308092214938e-08 1.533170730901e-08 3.142301011951e-09 6.516231219756e-11 
1.508573168449e-15 4.339556832030e-13 1.531985151098e-11 2.049013539546e-10 1.454387645560e-09 6.126435120037e-09 1.533170730901e-08 4.861389839321e-08 1.026510830839e-08 6.654810236117e-10 
4.865309304295e-18 3.178347255091e-15 2.188932676033e-13 5.406519749726e-12 7.131877730068e-11 5.877046540906e-10 3.142301011951e-09 1.026510830839e-08 4.412601065490e-08 4.562328408273e-09 
5.655297253957e-22 9.766926465937e-19 1.563476121556e-16 8.512960001608e-15 2.468209846909e-13 4.707501384355e-12 6.516231219756e-11 6.654810236117e-10 4.562328408273e-09 3.707382564641e-08 
