1.468413710600e-07 4.906292795744e-08 9.280393374133e-09 1.173168780808e-09 1.050180907861e-10 6.162546504533e-12 2.030272600373e-13 2.839756776403e-15 9.148995839081e-18 1.082169110234e-21 
4.906292795744e-08 1.425896464327e-07 6.447459542212e-08 1.912721345764e-08 3.552100446860e-09 4.156924348919e-10 2.770140910597e-11 8.167302724356e-13 5.979764238775e-15 1.878812538088e-18 
9.280393374133e-09 6.447459542212e-08 1.212528512647e-07 5.979510027741e-08 2.148725904457e-08 4.560435077730e-09 5.394480743216e-10 2.882063300241e-11 4.127356156347e-13 3.021540363107e-16 
1.173168780808e-09 1.912721345764e-08 5.979510027741e-08 1.053897699162e-07 5.223140182002e-08 1.993209641104e-08 4.118939433761e-09 3.853675429376e-10 1.023406900346e-11 1.651987566099e-14 
1.050180907861e-10 3.552100446860e-09 2.148725904457e-08 5.223140182002e-08 9.318187006399e-08 4.461207351286e-08 1.637322448293e-08 2.737450854352e-09 1.357455917959e-10 4.808064858871e-13 
6.162546504533e-12 4.156924348919e-10 4.560435077730e-09 1.993209641104e-08 4.461207351286e-08 8.347457090179e-08 3.700698620657e-08 1.157140228384e-08 1.126630652310e-09 9.208358772956e-12 
2.030272600373e-13 2.770140910597e-11 5.394480743216e-10 4.118939433761e-09 1.637322448293e-08 3.700698620657e-08 7.511079515723e-08 2.918931170766e-08 6.074550765637e-09 1.282344972552e-10 
2.839756776403e-15 8.167302724356e-13 2.882063300241e-11 3.853675429376e-10 2.737450854352e-09 1.157140228384e-08 2.918931170766e-08 6.752252098461e-08 2.002272543400e-08 1.325538942814e-09 
9.148995839081e-18 5.979764238775e-15 4.127356156347e-13 1.023406900346e-11 1.357455917959e-10 1.126630652310e-09 6.074550765637e-09 2.002272543400e-08 5.971506334464e-08 9.334816537828e-09 
1.082169110234e-21 1.878812538088e-18 3.021540363107e-16 1.651987566099e-14 4.808064858871e-13 9.208358772956e-12 1.282344972552e-10 1.325538942814e-09 9.334816537828e-09 4.714347983838e-08 
