1.067069169635e-07 3.424634482847e-08 6.630093588063e-09 8.508151510983e-10 7.685938875416e-11 4.539477030523e-12 1.501081589388e-13 2.095671432039e-15 6.748678038819e-18 7.839314285029e-22 
3.424634482847e-08 1.096311762942e-07 4.659152299734e-08 1.396364346822e-08 2.610220793581e-09 3.070507670291e-10 2.046455946380e-11 6.027206199333e-13 4.400355243732e-15 1.358058146706e-18 
6.630093588063e-09 4.659152299734e-08 9.605442099753e-08 4.386622830655e-08 1.584555472944e-08 3.371070121695e-09 3.981981934928e-10 2.127035012234e-11 3.026036286851e-13 2.180978955905e-16 
8.508151510983e-10 1.396364346822e-08 4.386622830655e-08 8.508471570421e-08 3.860538755336e-08 1.472348799122e-08 3.039590476469e-09 2.841732025606e-10 7.471092549037e-12 1.191046543834e-14 
7.685938875416e-11 2.610220793581e-09 1.584555472944e-08 3.860538755336e-08 7.621496785945e-08 3.292339242369e-08 1.208361928451e-08 2.013425388466e-09 9.866503671464e-11 3.461532626768e-13 
4.539477030523e-12 3.070507670291e-10 3.371070121695e-09 1.472348799122e-08 3.292339242369e-08 6.899567257688e-08 2.727821011608e-08 8.467598589717e-09 8.156406920909e-10 6.613068512663e-12 
1.501081589388e-13 2.046455946380e-11 3.981981934928e-10 3.039590476469e-09 1.208361928451e-08 2.727821011608e-08 6.259823336932e-08 2.121255582876e-08 4.384242254274e-09 9.163407295794e-11 
2.095671432039e-15 6.027206199333e-13 2.127035012234e-11 2.841732025606e-10 2.013425388466e-09 8.467598589717e-09 2.121255582876e-08 5.661576633555e-08 1.440061720450e-08 9.372477776882e-10 
6.748678038819e-18 4.400355243732e-15 3.026036286851e-13 7.471092549037e-12 9.866503671464e-11 8.156406920909e-10 4.384242254274e-09 1.440061720450e-08 5.060704164027e-08 6.480158125925e-09 
7.839314285029e-22 1.358058146706e-18 2.180978955905e-16 1.191046543834e-14 3.461532626768e-13 6.613068512663e-12 9.163407295794e-11 9.372477776882e-10 6.480158125925e-09 4.113504835027e-08 
