4.067266651297e-07 1.387580222500e-07 2.571285525840e-08 3.249527560591e-09 2.948677540024e-10 1.771815817120e-11 6.031397377055e-13 8.783662588938e-15 2.996580030408e-17 3.851691021905e-21 
1.387580222500e-07 3.457905442569e-07 1.783444066906e-07 5.340941526931e-08 1.011260969301e-08 1.216985182291e-09 8.388511596396e-11 2.578714682181e-12 1.995758416475e-14 6.785124787089e-18 
2.571285525840e-08 1.783444066906e-07 2.874653029253e-07 1.691777451200e-07 6.218528484689e-08 1.358397842232e-08 1.662144673900e-09 9.270086313712e-11 1.400315678034e-12 1.106435644777e-15 
3.249527560591e-09 5.340941526931e-08 1.691777451200e-07 2.507136231771e-07 1.542174938818e-07 6.050758225932e-08 1.293255010941e-08 1.262541001264e-09 3.528097010719e-11 6.133630566870e-14 
2.948677540024e-10 1.011260969301e-08 6.218528484689e-08 1.542174938818e-07 2.245127648512e-07 1.384683855876e-07 5.255408039141e-08 9.147272849604e-09 4.760618614123e-10 1.810753483103e-12 
1.771815817120e-11 1.216985182291e-09 1.358397842232e-08 6.050758225932e-08 1.384683855876e-07 2.044552057362e-07 1.218673885604e-07 3.953892727836e-08 4.031251302260e-09 3.521475420195e-11 
6.031397377055e-13 8.388511596396e-11 1.662144673900e-09 1.293255010941e-08 5.255408039141e-08 1.218673885604e-07 1.872268485373e-07 1.024317639613e-07 2.228299525928e-08 4.992185586856e-10 
8.783662588938e-15 2.578714682181e-12 9.270086313712e-11 1.262541001264e-09 9.147272849604e-09 3.953892727836e-08 1.024317639613e-07 1.708938102780e-07 7.577484607160e-08 5.283083780641e-09 
2.996580030408e-17 1.995758416475e-14 1.400315678034e-12 3.528097010719e-11 4.760618614123e-10 4.031251302260e-09 2.228299525928e-08 7.577484607160e-08 1.522173837681e-07 3.863233862202e-08 
3.851691021905e-21 6.785124787089e-18 1.106435644777e-15 6.133630566870e-14 1.810753483103e-12 3.521475420195e-11 4.992185586856e-10 5.283083780641e-09 3.863233862202e-08 1.117220710425e-07 
