5.784767722096e-08 1.427277758675e-08 2.923091003581e-09 3.915969115495e-10 3.660623033912e-11 2.221441394103e-12 7.505437583702e-14 1.069633658364e-15 3.482663726174e-18 4.085291971647e-22 
1.427277758675e-08 6.376858573370e-08 2.121778489756e-08 6.578872146810e-09 1.265321996882e-09 1.521434355895e-10 1.034427368612e-11 3.093421943943e-13 2.276772761024e-15 7.069101063289e-19 
2.923091003581e-09 2.121778489756e-08 6.002178416586e-08 2.111487070015e-08 7.790809847314e-09 1.688085274921e-09 2.028639342619e-10 1.095033496348e-11 1.569883907903e-13 1.132724077818e-16 
3.915969115495e-10 6.578872146810e-09 2.111487070015e-08 5.609217538637e-08 1.923038786224e-08 7.450846415733e-09 1.557753799842e-09 1.466598647114e-10 3.885265568780e-12 6.167011795352e-15 
3.660623033912e-11 1.265321996882e-09 7.790809847314e-09 1.923038786224e-08 5.244117747710e-08 1.681881782343e-08 6.218985783427e-09 1.042026390559e-09 5.138994310170e-11 1.785800638091e-13 
2.221441394103e-12 1.521434355895e-10 1.688085274921e-09 7.450846415733e-09 1.681881782343e-08 4.917764190628e-08 1.408760216267e-08 4.397704787659e-09 4.247544478742e-10 3.397717009275e-12 
7.505437583702e-14 1.034427368612e-11 2.028639342619e-10 1.557753799842e-09 6.218985783427e-09 1.408760216267e-08 4.604610656985e-08 1.104909235597e-08 2.275552203111e-09 4.686902609586e-11 
1.069633658364e-15 3.093421943943e-13 1.095033496348e-11 1.466598647114e-10 1.042026390559e-09 4.397704787659e-09 1.104909235597e-08 4.297777850838e-08 7.419587472734e-09 4.769610884742e-10 
3.482663726174e-18 2.276772761024e-15 1.569883907903e-13 3.885265568780e-12 5.138994310170e-11 4.247544478742e-10 2.275552203111e-09 7.419587472734e-09 3.963792417478e-08 3.265882047010e-09 
4.085291971647e-22 7.069101063289e-19 1.132724077818e-16 6.167011795352e-15 1.785800638091e-13 3.397717009275e-12 4.686902609586e-11 4.769610884742e-10 3.265882047010e-09 3.449583840315e-08 
