6.203437895736e-08 1.611463216846e-08 3.277972771865e-09 4.365607684142e-10 4.061852932308e-11 2.451693465397e-12 8.268635825184e-14 1.172019733622e-15 3.806793994475e-18 4.446402379617e-22 
1.611463216846e-08 6.813483736333e-08 2.368615839818e-08 7.312234369157e-09 1.399075105011e-09 1.677132563849e-10 1.137274111748e-11 3.381366583183e-13 2.490985411429e-15 7.680911903489e-19 
3.277972771865e-09 2.368615839818e-08 6.359201012842e-08 2.338105313781e-08 8.593808437535e-09 1.859087300470e-09 2.224357527457e-10 1.196370116290e-11 1.717558467114e-13 1.229644855945e-16 
4.365607684142e-10 7.312234369157e-09 2.338105313781e-08 5.897684508422e-08 2.118972126952e-08 8.188740736706e-09 1.703883917863e-09 1.603180493695e-10 4.246002422142e-12 6.694804645947e-15 
4.061852932308e-11 1.399075105011e-09 8.593808437535e-09 2.118972126952e-08 5.485965372965e-08 1.842125389694e-08 6.794605741445e-09 1.139905971636e-09 5.604841231807e-11 1.940570830196e-13 
2.451693465397e-12 1.677132563849e-10 1.859087300470e-09 8.188740736706e-09 1.842125389694e-08 5.112028179069e-08 1.540321710945e-08 4.809050154737e-09 4.620971261112e-10 3.699245545988e-12 
8.268635825184e-14 1.137274111748e-11 2.224357527457e-10 1.703883917863e-09 6.794605741445e-09 1.540321710945e-08 4.772272697894e-08 1.204921198755e-08 2.471193558077e-09 5.115542303965e-11 
1.172019733622e-15 3.381366583183e-13 1.196370116290e-11 1.603180493695e-10 1.139905971636e-09 4.809050154737e-09 1.204921198755e-08 4.425485617249e-08 8.068942618165e-09 5.214142784421e-10 
3.806793994475e-18 2.490985411429e-15 1.717558467114e-13 4.246002422142e-12 5.604841231807e-11 4.620971261112e-10 2.471193558077e-09 8.068942618165e-09 4.069234521932e-08 3.560047373564e-09 
4.446402379617e-22 7.680911903489e-19 1.229644855945e-16 6.694804645947e-15 1.940570830196e-13 3.699245545988e-12 5.115542303965e-11 5.214142784421e-10 3.560047373564e-09 3.505811921046e-08 
