1.404151262082e-07 4.674623186077e-08 8.868115409111e-09 1.123099791473e-09 1.006006168103e-10 5.909130542241e-12 1.946720800318e-13 2.719480075293e-15 8.771587528486e-18 1.031706213779e-21 
4.674623186077e-08 1.374608198559e-07 6.169642186269e-08 1.832077149007e-08 3.404412715670e-09 3.987121061692e-10 2.653732984537e-11 7.826345780165e-13 5.726740770569e-15 1.791945132857e-18 
8.868115409111e-09 6.169642186269e-08 1.173241551600e-07 5.729372504365e-08 2.060677059852e-08 4.372087972194e-09 5.166434023124e-10 2.763124493147e-11 3.946315084761e-13 2.883923119014e-16 
1.123099791473e-09 1.832077149007e-08 5.729372504365e-08 1.022190302848e-07 5.009138062575e-08 1.909368533122e-08 3.946224974276e-09 3.694012937110e-10 9.770241888983e-12 1.577915863583e-14 
1.006006168103e-10 3.404412715670e-09 2.060677059852e-08 5.009138062575e-08 9.045875717245e-08 4.272806578270e-08 1.569659798213e-08 2.621074887625e-09 1.294626487315e-10 4.594617335432e-13 
5.909130542241e-12 3.987121061692e-10 4.372087972194e-09 1.909368533122e-08 4.272806578270e-08 8.118363862492e-08 3.546815058266e-08 1.105625713370e-08 1.074352024395e-09 8.797797214127e-12 
1.946720800318e-13 2.653732984537e-11 5.166434023124e-10 3.946224974276e-09 1.569659798213e-08 3.546815058266e-08 7.305617876478e-08 2.783787331818e-08 5.798233993111e-09 1.223260658581e-10 
2.719480075293e-15 7.826345780165e-13 2.763124493147e-11 3.694012937110e-10 2.621074887625e-09 1.105625713370e-08 2.783787331818e-08 6.571697429496e-08 1.912921239876e-08 1.259480414712e-09 
8.771587528486e-18 5.726740770569e-15 3.946315084761e-13 9.770241888983e-12 1.294626487315e-10 1.074352024395e-09 5.798233993111e-09 1.912921239876e-08 5.820384084345e-08 8.828195287370e-09 
1.031706213779e-21 1.791945132857e-18 2.883923119014e-16 1.577915863583e-14 4.594617335432e-13 8.797797214127e-12 1.223260658581e-10 1.259480414712e-09 8.828195287370e-09 4.614383471973e-08 
