-5.8405913478640668e-10 7.0294131835395002e-10 1.0374546223424815e-09 1.2366724021355574e-09 1.3791655694244219e-09 1.4922653687129207e-09 1.5891461411296651e-09 1.6783285177967208e-09 1.7688330275114844e-09 1.8927790469693701e-09 
-2.3503250306207127e-09 -1.1215546395811369e-10 4.6878147749755664e-10 8.2448910543717153e-10 1.0796763999046722e-09 1.2795932643077302e-09 1.4496248835901787e-09 1.6059281007793204e-09 1.7645298694697993e-09 1.9817332686672369e-09 
-3.4693379226906247e-09 -7.6290807716295613e-10 -8.1199322318015116e-11 3.4264275658027866e-10 6.6261286617569579e-10 9.1306813149022334e-10 1.1211748616967814e-09 1.3105439844762098e-09 1.5023637208512687e-09 1.7650268537300335e-09 
-4.2775261131874070e-09 -1.2729929326332532e-09 -5.2083219499665933e-10 -7.3386194231124259e-11 2.7357178386009027e-10 5.6060088612189609e-10 7.9899307004288567e-10 1.0110248739480523e-09 1.2236426593183376e-09 1.5143639970461618e-09 
-4.8893539135307494e-09 -1.6890678398043483e-09 -8.7526409506338166e-10 -4.0370243400285838e-10 -5.9465824255056743e-11 2.3532773802943241e-10 4.9672885072329608e-10 7.3013891099534356e-10 9.5839628897223009e-10 1.2676271156245308e-09 
-5.3646350798152081e-09 -2.0385722350633307e-09 -1.1837094053517300e-09 -6.8203250034125837e-10 -3.3302937304539366e-10 -5.2004907682292203e-11 2.0948765558786314e-10 4.6213967607457443e-10 7.0802322134280331e-10 1.0307380544699255e-09 
-5.7316134961263981e-09 -2.3340455947708405e-09 -1.4582641963108506e-09 -9.3723729760279391e-10 -5.7167258185960114e-10 -2.9364030973956903e-10 -5.3649641559399103e-11 1.9436607839209625e-10 4.6184244577785073e-10 8.0040682732131732e-10 
-6.0118910544457487e-09 -2.5878828413833634e-09 -1.7049291705106854e-09 -1.1773449358826401e-09 -8.0067332820216040e-10 -5.0968543125107763e-10 -2.7728539453485157e-10 -6.6516525713589635e-11 1.9508478929162729e-10 5.6688341276040459e-10 
-6.3415481716717240e-09 -2.8707934852398268e-09 -1.9757590241872875e-09 -1.4406475497758583e-09 -1.0565531004578798e-09 -7.5256388468641332e-10 -5.0006553041252102e-10 -2.9378751519994286e-10 -9.9787935427657936e-11 2.9320064714598848e-10 
-6.8664940521581957e-09 -3.2918227162339253e-09 -2.3699863039551112e-09 -1.8188389626830213e-09 -1.4230701586132559e-09 -1.1084181787269657e-09 -8.3910709845717324e-10 -5.9492837775143002e-10 -3.7692692767149995e-10 -9.7813770184694853e-11 
