2.083236069637e-09 4.927099949728e-09 6.580843282229e-09 7.653792702707e-09 8.431295302009e-09 9.049514783780e-09 9.579183079410e-09 1.006676693070e-08 1.056157753143e-08 1.123917544235e-08 
1.339897771138e-10 1.062190391933e-09 2.505932047304e-09 3.870297019542e-09 4.972832161723e-09 5.860694752156e-09 6.619495029516e-09 7.317409049284e-09 8.025606706664e-09 8.995437119996e-09 
7.868133088923e-12 1.607866253310e-10 7.379056784556e-10 1.752201697922e-09 2.887433579949e-09 3.899114404415e-09 4.770264410871e-09 5.568139449179e-09 6.376832354610e-09 7.484182362604e-09 
-3.188404867580e-13 2.911012606500e-12 1.018198655496e-10 5.385460036351e-10 1.380513386757e-09 2.379578907982e-09 3.327631616027e-09 4.203465130809e-09 5.086928010248e-09 6.295283787895e-09 
-1.372193517912e-13 -4.272069343137e-12 -1.187308196005e-11 7.076140746610e-11 4.451269503528e-10 1.176690960329e-09 2.101967039102e-09 3.047121638975e-09 4.003174570169e-09 5.302628454878e-09 
-1.291949127514e-14 -8.137228160224e-13 -7.129329912726e-12 -1.458128373744e-11 5.249425883879e-11 3.659327166763e-10 1.044847990549e-09 1.989010840722e-09 3.030878559749e-09 4.428958744590e-09 
-5.052524700186e-16 -6.562085928546e-14 -1.187340968805e-12 -7.922272264773e-12 -2.182413023197e-11 9.809162651986e-12 2.696307766963e-10 9.693387424316e-10 2.063124336256e-09 3.593950815745e-09 
-8.004013582223e-18 -2.382575093805e-15 -8.725358611005e-14 -1.203348624580e-12 -8.636621040817e-12 -3.433938002408e-11 -5.687684763711e-11 1.306575641234e-10 9.762709251824e-10 2.706784577053e-09 
-3.441545779769e-20 -2.464258953386e-17 -1.852981157958e-15 -5.018449210587e-14 -7.344803438922e-13 -6.846017583047e-12 -4.215149438204e-11 -1.522088159942e-10 -9.969397650544e-11 1.539093833197e-09 
-7.321981890576e-24 -1.421565913642e-20 -2.552917653428e-18 -1.562414414501e-16 -5.114557912477e-15 -1.112392239172e-13 -1.792349061914e-12 -2.208496965530e-11 -1.888263004228e-10 -5.561346359419e-11 
