8.123458506046e-10 2.043712765864e-09 2.791820440444e-09 3.280601114328e-09 3.635082039621e-09 3.916942474320e-09 4.158426714102e-09 4.380723597118e-09 4.606315250782e-09 4.915243054534e-09 
6.339073732612e-11 5.121754695416e-10 1.219649636338e-09 1.891406573019e-09 2.434628765667e-09 2.872028926286e-09 3.245829661351e-09 3.589637587191e-09 3.938512169316e-09 4.416273239653e-09 
3.847001122487e-12 7.946285102826e-11 3.661012180146e-10 8.695937639768e-10 1.431885588510e-09 1.932069862814e-09 2.362488863646e-09 2.756690008810e-09 3.156251252026e-09 3.703377687501e-09 
-1.575919915015e-13 1.504597503295e-12 5.085026620105e-11 2.671683540065e-10 6.816932037637e-10 1.170862091271e-09 1.633312460240e-09 2.059998979032e-09 2.490435100490e-09 3.079211236059e-09 
-6.764099694755e-14 -2.090339218468e-12 -5.657488784864e-12 3.538088832585e-11 2.184466808396e-10 5.723401922604e-10 1.015451728892e-09 1.465301145528e-09 1.919875699247e-09 2.537947648248e-09 
-6.324054097106e-15 -3.950284298232e-13 -3.419530695512e-12 -6.713668614169e-12 2.641873439802e-11 1.765192435271e-10 4.951381732545e-10 9.319502761409e-10 1.410966965427e-09 2.053787319367e-09 
-2.440323562168e-16 -3.131681925516e-14 -5.586765411747e-13 -3.654372699556e-12 -9.675690614851e-12 6.303184560287e-12 1.268203742878e-10 4.429369121099e-10 9.283998722306e-10 1.604210696365e-09 
-3.768565773813e-18 -1.104176272798e-15 -3.986881793477e-14 -5.422234989754e-13 -3.829291909941e-12 -1.486177206842e-11 -2.290761316533e-11 6.310449953771e-11 4.273967076285e-10 1.155269759014e-09 
-1.556830722888e-20 -1.100839331430e-17 -8.182515210967e-16 -2.189036887627e-14 -3.158199697406e-13 -2.891174291508e-12 -1.738369586890e-11 -6.069591359231e-11 -3.282012788918e-11 6.253334242097e-10 
-3.121078009205e-24 -5.988315207526e-21 -1.063330428631e-18 -6.436449957430e-17 -2.084399797745e-15 -4.484561047646e-14 -7.140532475838e-13 -8.662193125184e-12 -7.192889235091e-11 -1.090695477478e-11 
