-1.8137690575644523e-09 3.3370841432748631e-09 4.6736322480400473e-09 5.4694567526404383e-09 6.0390206503657647e-09 6.4912577070203094e-09 6.8786755312409498e-09 7.2353113426876191e-09 7.5972344336523547e-09 8.0928888828176912e-09 
-7.7226543389358461e-09 -2.6186174693806384e-10 1.6765726813534036e-09 2.8611908129372466e-09 3.7102980383242912e-09 4.3760703536329300e-09 4.9426664590452419e-09 5.4635829936034872e-09 5.9921657256271670e-09 6.7160543548999246e-09 
-1.0798677419979245e-08 -2.3427592245982041e-09 -2.1111984923233428e-10 1.1144050416863166e-09 2.1132666754859168e-09 2.8948782624477945e-09 3.5448384334818788e-09 4.1364983738597036e-09 4.7358466065421037e-09 5.5565491178959995e-09 
-1.3031982802795204e-08 -3.8709761451824259e-09 -1.5774915036589867e-09 -2.1227591224173923e-10 8.4586589145654717e-10 1.7205237033458363e-09 2.4471476266149500e-09 3.0936759074699380e-09 3.7420031618898047e-09 4.6284616682817620e-09 
-1.4884661852633087e-08 -5.1456477198478303e-09 -2.6689752377762117e-09 -1.2334797817398264e-09 -1.8586949203782324e-10 7.1048127064817974e-10 1.5055478391928656e-09 2.2161420266782551e-09 2.9110214657003535e-09 3.8521022099433866e-09 
-1.6579307970388805e-08 -6.3096247194029219e-09 -3.6699437141781741e-09 -2.1203479575871597e-09 -1.0422063293087500e-09 -1.7534223030246107e-10 6.3034021426558205e-10 1.4102552307119476e-09 2.1704714255032748e-09 3.1672591640524212e-09 
-1.8248913776928258e-08 -7.4439357844593853e-09 -4.6587155424341496e-09 -3.0014075556695173e-09 -1.8379095029985985e-09 -9.5300336763962486e-10 -1.9158143552802912e-10 5.9403248476099647e-10 1.4454723354665889e-09 2.5241388974898505e-09 
-2.0059412595992932e-08 -8.6490756571001730e-09 -5.7066704476263774e-09 -3.9484507766437479e-09 -2.6927780211119381e-09 -1.7217455181533072e-09 -9.4608186388235516e-10 -2.4727839242541858e-10 6.1906589068359220e-10 1.8626216417787830e-09 
-2.2803792230670405e-08 -1.0339602801316613e-08 -7.1253506207889672e-09 -5.2036512954992585e-09 -3.8242329642386047e-09 -2.7321135672909123e-09 -1.8233979243760048e-09 -1.0791649106515652e-09 -3.8964713229598809e-10 1.0146864399921823e-09 
-2.8819549961367722e-08 -1.3852588366833749e-08 -9.9929068591601383e-09 -7.6852813458496545e-09 -6.0282170186063914e-09 -4.7107704402256588e-09 -3.5829667774291022e-09 -2.5584632915952259e-09 -1.6334991375694889e-09 -4.7337009786113233e-10 
