2.541986401090e-09 5.997807401245e-12 6.999138153666e-12 7.605503694661e-12 8.040659991473e-12 8.386601604794e-12 8.683060051130e-12 8.955976856983e-12 9.232944481702e-12 9.612226113206e-12 
5.997807401245e-12 2.550673477051e-09 1.546084233522e-11 1.754439354167e-11 1.904007933393e-11 2.022660173494e-11 2.124345402127e-11 2.217965977165e-11 2.312977422412e-11 2.443089549465e-11 
6.999138153666e-12 1.546084233522e-11 2.559319254854e-09 2.461464481759e-11 2.737894849600e-11 2.956161104889e-11 3.142837467004e-11 3.314716778168e-11 3.489165218348e-11 3.728066444992e-11 
7.605503694661e-12 1.754439354167e-11 2.461464481759e-11 2.568601006305e-09 3.441626286146e-11 3.783884518718e-11 4.074813152576e-11 4.342097337019e-11 4.613388498282e-11 4.984948884018e-11 
8.040659991473e-12 1.904007933393e-11 2.737894849600e-11 3.441626286146e-11 2.578854900768e-09 4.533495959711e-11 4.955819630584e-11 5.341167854751e-11 5.731643384582e-11 6.266597050482e-11 
8.386601604794e-12 2.022660173494e-11 2.956161104889e-11 3.783884518718e-11 4.533495959711e-11 2.590451732977e-09 5.779703756702e-11 6.309557048150e-11 6.842285136688e-11 7.571827702002e-11 
8.683060051130e-12 2.124345402127e-11 3.142837467004e-11 4.074813152576e-11 4.955819630584e-11 5.779703756702e-11 2.603908512927e-09 7.254919786121e-11 7.961745498471e-11 8.921749668381e-11 
8.955976856983e-12 2.217965977165e-11 3.314716778168e-11 4.342097337019e-11 5.341167854751e-11 6.309557048150e-11 7.254919786121e-11 2.620402029755e-09 9.138563295538e-11 1.038098681024e-10 
9.232944481702e-12 2.312977422412e-11 3.489165218348e-11 4.613388498282e-11 5.731643384582e-11 6.842285136688e-11 7.961745498471e-11 9.138563295538e-11 2.642904415459e-09 1.211966841952e-10 
9.612226113206e-12 2.443089549465e-11 3.728066444992e-11 4.984948884018e-11 6.266597050482e-11 7.571827702002e-11 8.921749668381e-11 1.038098681024e-10 1.211966841952e-10 2.687153613395e-09 
