2.554864858293e-09 2.683726201037e-11 3.085565395134e-11 3.328214110872e-11 3.502389711525e-11 3.640863317671e-11 3.759528196103e-11 3.868769624631e-11 3.979632472265e-11 4.131448076481e-11 
2.683726201037e-11 2.589632737206e-09 6.309855238333e-11 7.062901631897e-11 7.603683480090e-11 8.032960306302e-11 8.400843516840e-11 8.739538462191e-11 9.083263769924e-11 9.553971451339e-11 
3.085565395134e-11 6.309855238333e-11 2.620317118731e-09 9.464111885881e-11 1.039862805169e-10 1.113774466760e-10 1.177019023433e-10 1.235248182066e-10 1.294346138694e-10 1.375278184136e-10 
3.328214110872e-11 7.062901631897e-11 9.464111885881e-11 2.651066168622e-09 1.263806712207e-10 1.373699904975e-10 1.467266330656e-10 1.553265275422e-10 1.640550451395e-10 1.760093072159e-10 
3.502389711525e-11 7.603683480090e-11 1.039862805169e-10 1.263806712207e-10 2.683328509122e-09 1.600962574746e-10 1.730938957582e-10 1.849721293498e-10 1.970114961170e-10 2.135042328862e-10 
3.640863317671e-11 8.032960306302e-11 1.113774466760e-10 1.373699904975e-10 1.600962574746e-10 2.718369729077e-09 1.971909554951e-10 2.129564768298e-10 2.288284725015e-10 2.505636264964e-10 
3.759528196103e-11 8.400843516840e-11 1.177019023433e-10 1.467266330656e-10 1.730938957582e-10 1.971909554951e-10 2.757755244927e-09 2.398384256142e-10 2.603023344447e-10 2.881152489868e-10 
3.868769624631e-11 8.739538462191e-11 1.235248182066e-10 1.553265275422e-10 1.849721293498e-10 2.129564768298e-10 2.398384256142e-10 2.804764923187e-09 2.929891663139e-10 3.281242952560e-10 
3.979632472265e-11 9.083263769924e-11 1.294346138694e-10 1.640550451395e-10 1.970114961170e-10 2.288284725015e-10 2.603023344447e-10 2.929891663139e-10 2.867511715669e-09 3.753852799884e-10 
4.131448076481e-11 9.553971451339e-11 1.375278184136e-10 1.760093072159e-10 2.135042328862e-10 2.505636264964e-10 2.881152489868e-10 3.281242952560e-10 3.753852799884e-10 2.988750856448e-09 
