7.1738893108142113e-08 3.4300060728569826e-08 2.5304188985271728e-08 1.9927889929178258e-08 1.6067390299929297e-08 1.3000138681670884e-08 1.0377831659954252e-08 7.9773059778711923e-09 5.5734749139336346e-09 2.3798580750975013e-09 
3.4300060728569826e-08 1.9714486987321254e-08 1.2761423747497968e-08 1.0123062291594479e-08 8.2289632203232109e-09 6.7241081687248256e-09 5.4373111475310115e-09 4.2590213973934518e-09 3.0789007302745528e-09 1.5140565826815641e-09 
2.5304188985271728e-08 1.2761423747497968e-08 1.2066042278879429e-08 7.5948370264910254e-09 6.2074835473551256e-09 5.1052593363832812e-09 4.1626389063097855e-09 3.2993386470777689e-09 2.4345858431062767e-09 1.2894922162698535e-09 
1.9927889929178258e-08 1.0123062291594479e-08 7.5948370264910254e-09 8.6223476732526047e-09 4.9993983307489067e-09 4.1377831152067435e-09 3.4008333435713073e-09 2.7257740026541172e-09 2.0494939683090987e-09 1.1552538338197813e-09 
1.6067390299929297e-08 8.2289632203232109e-09 6.2074835473551256e-09 4.9993983307489067e-09 6.6710042825515021e-09 3.4437763735579917e-09 2.8545338678620658e-09 2.3146460025173373e-09 1.7737192026520582e-09 1.0596444744270484e-09 
1.3000138681670884e-08 6.7241081687248256e-09 5.1052593363832812e-09 4.1377831152067435e-09 3.4437763735579917e-09 5.4309222540782353e-09 2.4206264716191038e-09 1.9881212763098698e-09 1.5546966979674642e-09 9.8375446820553226e-10 
1.0377831659954252e-08 5.4373111475310115e-09 4.1626389063097855e-09 3.4008333435713073e-09 2.8545338678620658e-09 2.4206264716191038e-09 4.5877572395036321e-09 1.7086736242534622e-09 1.3670755651246896e-09 9.1838382664634364e-10 
7.9773059778711923e-09 4.2590213973934518e-09 3.2993386470777689e-09 2.7257740026541172e-09 2.3146460025173373e-09 1.9881212763098698e-09 1.7086736242534622e-09 3.9909102304686167e-09 1.1951007121829253e-09 8.5793815517544810e-10 
5.5734749139336346e-09 3.0789007302745528e-09 2.4345858431062767e-09 2.0494939683090987e-09 1.7737192026520582e-09 1.5546966979674642e-09 1.3670755651246896e-09 1.1951007121829253e-09 3.5615828798832778e-09 7.9766778811738074e-10 
2.3798580750975013e-09 1.5140565826815641e-09 1.2894922162698535e-09 1.1552538338197813e-09 1.0596444744270484e-09 9.8375446820553226e-10 9.1838382664634364e-10 8.5793815517544810e-10 7.9766778811738074e-10 3.2633104839828805e-09 
