5.4162191093472445e-08 2.5522171651529944e-08 1.8794617343984491e-08 1.4774113900469369e-08 1.1887115965553741e-08 9.5934031875954554e-09 7.6326664932762103e-09 5.8381702346026975e-09 4.0416932375288714e-09 1.6527076097850897e-09 
2.5522171651529944e-08 1.5295205063756132e-08 9.4659081932106908e-09 7.4992422192380234e-09 6.0873776143242964e-09 4.9657043508776978e-09 4.0066820182750678e-09 3.1287379707478229e-09 2.2497192469176733e-09 1.0832176381845534e-09 
1.8794617343984491e-08 9.4659081932106908e-09 9.5992552170860350e-09 5.6234021383739534e-09 4.5916548751054178e-09 3.7719950193176640e-09 3.0711084460956352e-09 2.4293584398278067e-09 1.7867658607710628e-09 9.3528840285857789e-10 
1.4774113900469369e-08 7.4992422192380234e-09 5.6234021383739534e-09 7.0408560987322891e-09 3.6978211530386318e-09 3.0586340524200979e-09 2.5119951213312829e-09 2.0113912534330175e-09 1.5100882135764397e-09 8.4686990632528674e-10 
1.1887115965553741e-08 6.0873776143242964e-09 4.5916548751054178e-09 3.6978211530386318e-09 5.5949739530206177e-09 2.5469786013966066e-09 2.1111200851442395e-09 1.7118723117398948e-09 1.3120409289610570e-09 7.8403764252953770e-10 
9.5934031875954554e-09 4.9657043508776978e-09 3.7719950193176640e-09 3.0586340524200979e-09 2.5469786013966066e-09 4.6790221523129522e-09 1.7927567131326576e-09 1.4740253068699861e-09 1.1547821697356221e-09 7.3419776930192646e-10 
7.6326664932762103e-09 4.0066820182750678e-09 3.0711084460956352e-09 2.5119951213312829e-09 2.1111200851442395e-09 1.7927567131326576e-09 4.0587991338379511e-09 1.2704943260805394e-09 1.0200758465813508e-09 6.9122292966854226e-10 
5.8381702346026975e-09 3.1287379707478229e-09 2.4293584398278067e-09 2.0113912534330175e-09 1.7118723117398948e-09 1.4740253068699861e-09 1.2704943260805394e-09 3.6223997181906957e-09 8.9665779230942268e-10 6.5145921499063607e-10 
4.0416932375288714e-09 2.2497192469176733e-09 1.7867658607710628e-09 1.5100882135764397e-09 1.3120409289610570e-09 1.1547821697356221e-09 1.0200758465813508e-09 8.9665779230942268e-10 3.3118502520175311e-09 6.1196077649885888e-10 
1.6527076097850897e-09 1.0832176381845534e-09 9.3528840285857789e-10 8.4686990632528674e-10 7.8403764252953770e-10 7.3419776930192646e-10 6.9122292966854226e-10 6.5145921499063607e-10 6.1196077649885888e-10 3.1036860637654667e-09 
