2.1872855223992255e-08 9.4651748850289046e-09 6.9218395255867089e-09 5.4021488889179888e-09 4.3109451384219277e-09 3.4441510321678619e-09 2.7036047080869601e-09 2.0266101979615109e-09 1.3500141208364485e-09 4.4716885316532864e-10 
9.4651748850289046e-09 7.2305429636821582e-09 3.4617321568587699e-09 2.7265740167333899e-09 2.1988620637274567e-09 1.7797109582248425e-09 1.4215418368000931e-09 1.0940377575850245e-09 7.6675904306466696e-10 3.3121864808431278e-10 
6.9218395255867089e-09 3.4617321568587699e-09 5.1081883958201875e-09 2.0366924685528768e-09 1.6541505133559107e-09 1.3503227869692458e-09 1.0906688267238212e-09 8.5320890129607069e-10 6.1592894086774958e-10 3.0078319916496976e-10 
5.4021488889179888e-09 2.7265740167333899e-09 2.0366924685528768e-09 4.1629533249694301e-09 1.3286868232761402e-09 1.0937588308669472e-09 8.9295988145307486e-10 7.0929892338846159e-10 5.2579305503774814e-10 2.8258251495758637e-10 
4.3109451384219277e-09 2.1988620637274567e-09 1.6541505133559107e-09 1.3286868232761402e-09 3.6337153031576179e-09 9.0982008912835321e-10 7.5129115368262934e-10 6.0626162444246821e-10 4.6137558184917184e-10 2.6983309409990494e-10 
3.4441510321678619e-09 1.7797109582248425e-09 1.3503227869692458e-09 1.0937588308669472e-09 9.0982008912835321e-10 3.3022411795638627e-09 6.3883956328972588e-10 5.2449201608727680e-10 4.1026909218406148e-10 2.5976566911391386e-10 
2.7036047080869601e-09 1.4215418368000931e-09 1.0906688267238212e-09 8.9295988145307486e-10 7.5129115368262934e-10 6.3883956328972588e-10 3.0811393407999502e-09 4.5456532589921659e-10 3.6650905390040310e-10 2.5102476729761994e-10 
2.0266101979615109e-09 1.0940377575850245e-09 8.5320890129607069e-10 7.0929892338846159e-10 6.0626162444246821e-10 5.2449201608727680e-10 4.5456532589921659e-10 2.9290411239642710e-09 3.2650758708993002e-10 2.4290010534938265e-10 
1.3500141208364485e-09 7.6675904306466696e-10 6.1592894086774958e-10 5.2579305503774814e-10 4.6137558184917184e-10 4.1026909218406148e-10 3.6650905390040310e-10 3.2650758708993002e-10 2.8252705899025648e-09 2.3506933511421377e-10 
4.4716885316532864e-10 3.3121864808431278e-10 3.0078319916496976e-10 2.8258251495758637e-10 2.6983309409990494e-10 2.5976566911391386e-10 2.5102476729761994e-10 2.4290010534938265e-10 2.3506933511421377e-10 2.7658032083695668e-09 
