2.0652636973118972e-08 8.8625240967473473e-09 6.4783548407126526e-09 5.0537844606723149e-09 4.0308898679334728e-09 3.2183709895985163e-09 2.5242236301943428e-09 1.8897019472601760e-09 1.2556487935269384e-09 4.0941816419573267e-10 
8.8625240967473473e-09 6.9292639745539161e-09 3.2381408761304255e-09 2.5494097549712770e-09 2.0550291951870627e-09 1.6623600131908290e-09 1.3268341157010665e-09 1.0200624745208468e-09 7.1355215932964941e-10 3.0559205689483016e-10 
6.4783548407126526e-09 3.2381408761304255e-09 4.9412882809160452e-09 1.9036715713409674e-09 1.5454485462231628e-09 1.2609414815503993e-09 1.0178094861168451e-09 7.9547993888866803e-10 5.7335755646243375e-10 2.7831074521604236e-10 
5.0537844606723149e-09 2.5494097549712770e-09 1.9036715713409674e-09 4.0563117864709269e-09 1.2409774402209176e-09 1.0210907562982649e-09 8.3315602392883990e-10 6.6127769090497247e-10 4.8957629009179843e-10 2.6199372561267928e-10 
4.0308898679334728e-09 2.0550291951870627e-09 1.5454485462231628e-09 1.2409774402209176e-09 3.5610671679929848e-09 8.4913801748722113e-10 7.0084596329082041e-10 5.6519475630621174e-10 4.2970471069068228e-10 2.5057853304788908e-10 
3.2183709895985163e-09 1.6623600131908290e-09 1.2609414815503993e-09 1.0210907562982649e-09 8.4913801748722113e-10 3.2510802060365933e-09 5.9582646903413490e-10 4.8894713441541472e-10 3.8220725844679956e-10 2.4156847031890861e-10 
2.5242236301943428e-09 1.3268341157010665e-09 1.0178094861168451e-09 8.3315602392883990e-10 7.0084596329082041e-10 5.9582646903413490e-10 3.0444866939635654e-09 4.2374609906154892e-10 3.4153906664634250e-10 2.3374022249219986e-10 
1.8897019472601760e-09 1.0200624745208468e-09 7.9547993888866803e-10 6.6127769090497247e-10 5.6519475630621174e-10 4.8894713441541472e-10 4.2374609906154892e-10 2.9025543218673986e-09 3.0437054161760275e-10 2.2646065555935608e-10 
1.2556487935269384e-09 7.1355215932964941e-10 5.7335755646243375e-10 4.8957629009179843e-10 4.2970471069068228e-10 3.8220725844679956e-10 3.4153906664634250e-10 3.0437054161760275e-10 2.8059637458450272e-09 2.1946780673868483e-10 
4.0941816419573267e-10 3.0559205689483016e-10 2.7831074521604236e-10 2.6199372561267928e-10 2.5057853304788908e-10 2.4156847031890861e-10 2.3374022249219986e-10 2.2646065555935608e-10 2.1946780673868483e-10 2.7511808040149972e-09 
