1.7288855879033998e-08 7.2044262259568455e-09 5.2598466105213465e-09 4.0979735354383038e-09 3.2637321719326535e-09 2.6011044732757629e-09 2.0350846984532908e-09 1.5178287875115863e-09 1.0012075543361281e-09 3.1137787821873467e-10 
7.2044262259568455e-09 6.1015763214634091e-09 2.6245108875455062e-09 2.0636986663962556e-09 1.6611537788530319e-09 1.3414458274897252e-09 1.0682992865631391e-09 8.1863267254032863e-10 5.6931085722608939e-10 2.3734935887520053e-10 
5.2598466105213465e-09 2.6245108875455062e-09 4.4836003805659042e-09 1.5391731089404693e-09 1.2478408728449273e-09 1.0164742699289957e-09 8.1878085552232270e-10 6.3805492750203927e-10 4.5759843841855069e-10 2.1783382798485484e-10 
4.0979735354383038e-09 2.0636986663962556e-09 1.5391731089404693e-09 3.7642453537449753e-09 1.0008925274591759e-09 8.2230246521010580e-10 6.6968379048257410e-10 5.3014586833500400e-10 3.9083412894697667e-10 2.0615379783095198e-10 
3.2637321719326535e-09 1.6611537788530319e-09 1.2478408728449273e-09 1.0008925274591759e-09 3.3622495544352725e-09 6.8310534022999928e-10 5.6285825111569854e-10 4.5289469036951345e-10 3.4313124448584324e-10 1.9801405263648034e-10 
2.6011044732757629e-09 1.3414458274897252e-09 1.0164742699289957e-09 8.2230246521010580e-10 6.8310534022999928e-10 3.1110651366521320e-09 4.7807496573814442e-10 3.9159810649485786e-10 3.0529284684614439e-10 1.9159748600209654e-10 
2.0350846984532908e-09 1.0682992865631391e-09 8.1878085552232270e-10 6.6968379048257410e-10 5.6285825111569854e-10 4.7807496573814442e-10 2.9440521267434157e-09 3.3919072278017337e-10 2.7289913951131452e-10 1.8601033073744595e-10 
1.5178287875115863e-09 8.1863267254032863e-10 6.3805492750203927e-10 5.3014586833500400e-10 4.5289469036951345e-10 3.9159810649485786e-10 3.3919072278017337e-10 2.8297250500021722e-09 2.4330922006530203e-10 1.8080735974092033e-10 
1.0012075543361281e-09 5.6931085722608939e-10 4.5759843841855069e-10 3.9083412894697667e-10 3.4313124448584324e-10 3.0529284684614439e-10 2.7289913951131452e-10 2.4330922006530203e-10 2.7524663386045603e-09 1.7586512713254341e-10 
3.1137787821873467e-10 2.3734935887520053e-10 2.1783382798485484e-10 2.0615379783095198e-10 1.9801405263648034e-10 1.9159748600209654e-10 1.8601033073744595e-10 1.8080735974092033e-10 1.7586512713254341e-10 2.7099167809716488e-09 
