2.8588592374701926e-08 1.2790253109629422e-08 9.3729936403371518e-09 7.3310108021207055e-09 5.8647373933821487e-09 4.6999237059370901e-09 3.7045772146611183e-09 2.7942948805179086e-09 1.8839778065852209e-09 6.7044334535310409e-10 
1.2790253109629422e-08 8.8958238565772853e-09 4.6991342163691336e-09 3.7082601896678601e-09 2.9969597181381504e-09 2.4319414085517061e-09 1.9490355632316915e-09 1.5072962431729273e-09 1.0655541884900481e-09 4.7815097161747003e-10 
9.3729936403371518e-09 4.6991342163691336e-09 6.0326626238434788e-09 2.7741496722985876e-09 2.2573604968051339e-09 1.8468723692481206e-09 1.4959981956996537e-09 1.1749826487292062e-09 8.5397164737167166e-10 4.2789128914239549e-10 
7.3310108021207055e-09 3.7082601896678601e-09 2.7741496722985876e-09 4.7544561031202284e-09 1.8154345931837522e-09 1.4972760651372857e-09 1.2252856067625856e-09 9.7640372980780348e-10 7.2753361626835992e-10 3.9784861485468299e-10 
5.8647373933821487e-09 2.9969597181381504e-09 2.2573604968051339e-09 1.8154345931837522e-09 4.0368994107877589e-09 1.2466095966703598e-09 1.0312750740822632e-09 8.3419195334181587e-10 6.3713364220473829e-10 3.7668659790945907e-10 
4.6999237059370901e-09 2.4319414085517061e-09 1.8468723692481206e-09 1.4972760651372857e-09 1.2466095966703598e-09 3.5860209820651335e-09 8.7725161354766358e-10 7.2131158351565427e-10 5.6539466397791718e-10 3.5994624033956207e-10 
3.7045772146611183e-09 1.9490355632316915e-09 1.4959981956996537e-09 1.2252856067625856e-09 1.0312750740822632e-09 8.7725161354766358e-10 3.2839706201349149e-09 6.2475757306148928e-10 5.0395804981688360e-10 3.4545240265558940e-10 
2.7942948805179086e-09 1.5072962431729273e-09 1.1749826487292062e-09 9.7640372980780348e-10 8.3419195334181587e-10 7.2131158351565427e-10 6.2475757306148928e-10 3.0748150021950635e-09 4.4775344926012705e-10 3.3200507969833083e-10 
1.8839778065852209e-09 1.0655541884900481e-09 8.5397164737167166e-10 7.2753361626835992e-10 6.3713364220473829e-10 5.6539466397791718e-10 5.0395804981688360e-10 4.4775344926012705e-10 2.9303105061734459e-09 3.1887410541656670e-10 
6.7044334535310409e-10 4.7815097161747003e-10 4.2789128914239549e-10 3.9784861485468299e-10 3.7668659790945907e-10 3.5994624033956207e-10 3.4545240265558940e-10 3.3200507969833083e-10 3.1887410541656670e-10 2.8432680919037982e-09 
