2.548526939302e-09 1.674554710787e-11 1.936423815144e-11 2.094702073460e-11 2.208309051089e-11 2.298628012580e-11 2.376027080636e-11 2.447279764946e-11 2.519590022108e-11 2.618611955672e-11 
1.674554710787e-11 2.571207301945e-09 4.077918647565e-11 4.587386958967e-11 4.953226297846e-11 5.243586276417e-11 5.492421710784e-11 5.721516164739e-11 5.954013406180e-11 6.272402679403e-11 
1.936423815144e-11 4.077918647565e-11 2.592097113807e-09 6.246116865331e-11 6.892267632033e-11 7.403112555591e-11 7.840181026732e-11 8.242593867715e-11 8.651013330282e-11 9.210327048380e-11 
2.094702073460e-11 4.587386958967e-11 6.246116865331e-11 2.613490528574e-09 8.469651848921e-11 9.241338925659e-11 9.898126160063e-11 1.050174665811e-10 1.111440017556e-10 1.195347284560e-10 
2.208309051089e-11 4.953226297846e-11 6.892267632033e-11 8.469651848921e-11 2.636276198538e-09 1.086322558175e-10 1.178672656168e-10 1.263045498163e-10 1.348559254801e-10 1.465706277650e-10 
2.298628012580e-11 5.243586276417e-11 7.403112555591e-11 9.241338925659e-11 1.086322558175e-10 2.661291673343e-09 1.352170881908e-10 1.465174887299e-10 1.578922103773e-10 1.734692202692e-10 
2.376027080636e-11 5.492421710784e-11 7.840181026732e-11 9.898126160063e-11 1.178672656168e-10 1.352170881908e-10 2.689629191169e-09 1.659863807922e-10 1.807497538890e-10 2.008174298951e-10 
2.447279764946e-11 5.721516164739e-11 8.242593867715e-11 1.050174665811e-10 1.263045498163e-10 1.465174887299e-10 1.659863807922e-10 2.723632582972e-09 2.045128645450e-10 2.300068913629e-10 
2.519590022108e-11 5.954013406180e-11 8.651013330282e-11 1.111440017556e-10 1.348559254801e-10 1.578922103773e-10 1.807497538890e-10 2.045128645450e-10 2.769178385638e-09 2.644353213795e-10 
2.618611955672e-11 6.272402679403e-11 9.210327048380e-11 1.195347284560e-10 1.465706277650e-10 1.734692202692e-10 2.008174298951e-10 2.300068913629e-10 2.644353213795e-10 2.857178264725e-09 
