3.4651061425263731e-06 1.6891767721834581e-06 1.2322060867270517e-06 9.5917260871244493e-07 7.6312270204704244e-07 6.0740094120659094e-07 4.7438673277443249e-07 3.5284113560767379e-07 2.3147614925972480e-07 6.9546141776005967e-08 
1.6891767721834581e-06 8.3922379497649290e-07 6.1695951041522324e-07 4.8567498877996178e-07 3.9143898620429084e-07 3.1659490069199494e-07 2.5265291541877554e-07 1.9421281853438046e-07 1.3587163079973698e-07 5.8263916377743976e-08 
1.2322060867270517e-06 6.1695951041522324e-07 4.6089507133821318e-07 3.6359115706932049e-07 2.9558219715480616e-07 2.4157184328672851e-07 1.9542368162011120e-07 1.5324067106446549e-07 1.1113535222598911e-07 5.5249812771766587e-08 
9.5917260871244493e-07 4.8567498877996178e-07 3.6359115706932049e-07 2.9318724422453525e-07 2.3831253912921352e-07 1.9674853145857753e-07 1.6123011781398484e-07 1.2875974300339350e-07 9.6354813252310245e-08 5.3447477181316454e-08 
7.6312270204704244e-07 3.9143898620429084e-07 2.9558219715480616e-07 2.3831253912921352e-07 1.9977723321262139e-07 1.6461920712353286e-07 1.3673529800253902e-07 1.1123933515039384e-07 8.5801230963076132e-08 5.2215845202395918e-08 
6.0740094120659094e-07 3.1659490069199494e-07 2.4157184328672851e-07 1.9674853145857753e-07 1.6461920712353286e-07 1.4164854934694203e-07 1.1729579454573312e-07 9.7338698868225485e-08 7.7431585500400547e-08 5.1250005865038688e-08 
4.7438673277443249e-07 2.5265291541877554e-07 1.9542368162011120e-07 1.6123011781398484e-07 1.3673529800253902e-07 1.1729579454573312e-07 1.0321100097985574e-07 8.5454120307433908e-08 7.0265688026103407e-08 5.0400199111366021e-08 
3.5284113560767379e-07 1.9421281853438046e-07 1.5324067106446549e-07 1.2875974300339350e-07 1.1123933515039384e-07 9.7338698868225485e-08 8.5454120307433908e-08 7.7122396626009865e-08 6.3722765729495944e-08 4.9602767467903309e-08 
2.3147614925972480e-07 1.3587163079973698e-07 1.1113535222598911e-07 9.6354813252310245e-08 8.5801230963076132e-08 7.7431585500400547e-08 7.0265688026103407e-08 6.3722765729495944e-08 5.9788538144495468e-08 4.8872467028514989e-08 
6.9546141776005967e-08 5.8263916377743976e-08 5.5249812771766587e-08 5.3447477181316454e-08 5.2215845202395918e-08 5.1250005865038688e-08 5.0400199111366021e-08 4.9602767467903309e-08 4.8872467028514989e-08 5.0967545186109173e-08 
