2.541718058910e-09 5.547893247539e-12 6.477657390521e-12 7.040742767982e-12 7.444825610990e-12 7.766057521278e-12 8.041335974446e-12 8.294750141276e-12 8.551920669067e-12 8.904082887059e-12 
5.547893247539e-12 2.549785139463e-09 1.434955584751e-11 1.629189424872e-11 1.768614713900e-11 1.879214321857e-11 1.973996634572e-11 2.061260353412e-11 2.149818809591e-11 2.271090821158e-11 
6.477657390521e-12 1.434955584751e-11 2.557850996982e-09 2.290046458436e-11 2.548515466864e-11 2.752575115716e-11 2.927091106533e-11 3.087771440016e-11 3.250850627581e-11 3.474176268894e-11 
7.040742767982e-12 1.629189424872e-11 2.290046458436e-11 2.566538154924e-09 3.208490467324e-11 3.529341255718e-11 3.802040188845e-11 4.052564716537e-11 4.306840178371e-11 4.655087386184e-11 
7.444825610990e-12 1.768614713900e-11 2.548515466864e-11 3.208490467324e-11 2.576161293561e-09 4.234221016919e-11 4.631057815030e-11 4.993100372473e-11 5.359942443081e-11 5.862508471355e-11 
7.766057521278e-12 1.879214321857e-11 2.752575115716e-11 3.529341255718e-11 4.234221016919e-11 2.587070033152e-09 5.407589098192e-11 5.906463461891e-11 6.407973528377e-11 7.094750198056e-11 
8.041335974446e-12 1.973996634572e-11 2.927091106533e-11 3.802040188845e-11 4.631057815030e-11 5.407589098192e-11 2.599754247607e-09 6.799154011386e-11 7.465795461285e-11 8.371116835269e-11 
8.294750141276e-12 2.061260353412e-11 3.087771440016e-11 4.052564716537e-11 4.993100372473e-11 5.906463461891e-11 6.799154011386e-11 2.615328987193e-09 8.579325980104e-11 9.752964295708e-11 
8.551920669067e-12 2.149818809591e-11 3.250850627581e-11 4.306840178371e-11 5.359942443081e-11 6.407973528377e-11 7.465795461285e-11 8.579325980104e-11 2.636619729711e-09 1.140093011968e-10 
8.904082887059e-12 2.271090821158e-11 3.474176268894e-11 4.655087386184e-11 5.862508471355e-11 7.094750198056e-11 8.371116835269e-11 9.752964295708e-11 1.140093011968e-10 2.678560721847e-09 
