1.1179414372727033e-07 5.4320210229785480e-08 4.0159657855331114e-08 3.1696515430365360e-08 2.5619764254511961e-08 2.0791605288607437e-08 1.6663341931613000e-08 1.2883379442420661e-08 9.0973571276840030e-09 4.0745831007319907e-09 
5.4320210229785480e-08 2.9793445279151050e-08 2.0277464876645294e-08 1.6107257357755293e-08 1.3113457538199877e-08 1.0734830688559103e-08 8.7006377764780042e-09 6.8375350877526369e-09 4.9709882319198988e-09 2.4989721360154724e-09 
4.0159657855331114e-08 2.0277464876645294e-08 1.7689799896403269e-08 1.2087564083934371e-08 9.8882961950132597e-09 8.1409547892355881e-09 6.6464585195727999e-09 5.2773874354224994e-09 3.9055442083829923e-09 2.0909202420814762e-09 
3.1696515430365360e-08 1.6107257357755293e-08 1.2087564083934371e-08 1.2223616111267339e-08 7.9607656175149794e-09 6.5906872657211917e-09 5.4187104698663793e-09 4.3448855020664842e-09 3.2686978703736246e-09 1.8469568423270828e-09 
2.5619764254511961e-08 1.3113457538199877e-08 9.8882961950132597e-09 7.9607656175149794e-09 9.1160064706516624e-09 5.4784599234964033e-09 4.5380901205196201e-09 3.6762612137475084e-09 2.8123845165729990e-09 1.6727913938929942e-09 
2.0791605288607437e-08 1.0734830688559103e-08 8.1409547892355881e-09 6.5906872657211917e-09 5.4784599234964033e-09 7.1332915256135347e-09 3.8385547587708864e-09 3.1451413953864367e-09 2.4498945075702692e-09 1.5344539272364540e-09 
1.6663341931613000e-08 8.7006377764780042e-09 6.6464585195727999e-09 5.4187104698663793e-09 4.5380901205196201e-09 3.8385547587708864e-09 5.7783058157512166e-09 2.6905485987065310e-09 2.1393688996729984e-09 1.4154115104851117e-09 
1.2883379442420661e-08 6.8375350877526369e-09 5.2773874354224994e-09 4.3448855020664842e-09 3.6762612137475084e-09 3.1451413953864367e-09 2.6905485987065310e-09 4.8120588489069669e-09 1.8546115823059594e-09 1.3054127892203591e-09 
9.0973571276840030e-09 4.9709882319198988e-09 3.9055442083829923e-09 3.2686978703736246e-09 2.8123845165729990e-09 2.4498945075702692e-09 2.1393688996729984e-09 1.8546115823059594e-09 4.1079466708289668e-09 1.1953530855905871e-09 
4.0745831007319907e-09 2.4989721360154724e-09 2.0909202420814762e-09 1.8469568423270828e-09 1.6727913938929942e-09 1.5344539272364540e-09 1.4154115104851117e-09 1.3054127892203591e-09 1.1953530855905871e-09 3.5982927620558241e-09 
