3.5218867969909264e-08 1.6082243148151237e-08 1.1804659667103619e-08 9.2485404503042905e-09 7.4130946237594929e-09 5.9549616477221055e-09 4.7088200700001782e-09 3.5688849931130466e-09 2.4284765836183113e-09 9.0947338222992128e-10 
1.6082243148151237e-08 1.0547647358434965e-08 5.9281970160362347e-09 4.6846781421029326e-09 3.7920068918749819e-09 3.0828880960971726e-09 2.4767497873884463e-09 1.9221356669265340e-09 1.3672797139000222e-09 6.2997259486589647e-10 
1.1804659667103619e-08 5.9281970160362347e-09 6.9517179388158525e-09 3.5079416216306492e-09 2.8581703676676117e-09 2.3420291052691419e-09 1.9007913400252482e-09 1.4969914675882325e-09 1.0930083130306155e-09 5.5710789940949655e-10 
9.2485404503042905e-09 4.6846781421029326e-09 3.5079416216306492e-09 5.3432568905848858e-09 2.3001740014173537e-09 1.8993372018065527e-09 1.5566239164842397e-09 1.2429393464010747e-09 9.2910988800102493e-10 5.1355896075386537e-10 
7.4130946237594929e-09 3.7920068918749819e-09 2.8581703676676117e-09 2.3001740014173537e-09 4.4383543402874134e-09 1.5818921734322436e-09 1.3099401335909708e-09 1.0609664530813930e-09 8.1188471628728774e-10 4.8277562934939529e-10 
5.9549616477221055e-09 3.0828880960971726e-09 2.3420291052691419e-09 1.8993372018065527e-09 1.5818921734322436e-09 3.8682521767442328e-09 1.1140786477089292e-09 9.1650591793514046e-10 7.1884011930025151e-10 4.5839757386991163e-10 
4.7088200700001782e-09 2.4767497873884463e-09 1.9007913400252482e-09 1.5566239164842397e-09 1.3099401335909708e-09 1.1140786477089292e-09 3.4849881157458791e-09 7.9292148811418010e-10 6.3915077034959726e-10 4.3732667317392286e-10 
3.5688849931130466e-09 1.9221356669265340e-09 1.4969914675882325e-09 1.2429393464010747e-09 1.0609664530813930e-09 9.1650591793514046e-10 7.9292148811418010e-10 3.2181853165285094e-09 5.6620878128243786e-10 4.1779904087849431e-10 
2.4284765836183113e-09 1.3672797139000222e-09 1.0930083130306155e-09 9.2910988800102493e-10 8.1188471628728774e-10 7.1884011930025151e-10 6.3915077034959726e-10 5.6620878128243786e-10 3.0320078938964455e-09 3.9859116862737795e-10 
9.0947338222992128e-10 6.2997259486589647e-10 5.5710789940949655e-10 5.1355896075386537e-10 4.8277562934939529e-10 4.5839757386991163e-10 4.3732667317392286e-10 4.1779904087849431e-10 3.9859116862737795e-10 2.9155650062476920e-09 
