2.715420204492e-09 2.612674660189e-10 2.918195843561e-10 3.102384214423e-10 3.234589603446e-10 3.339693255896e-10 3.429760179642e-10 3.512673223918e-10 3.596815278873e-10 3.712034646538e-10 
2.612674660189e-10 2.978625112979e-09 5.230166474861e-10 5.751341952777e-10 6.125387388377e-10 6.422203947156e-10 6.676563350182e-10 6.910741582856e-10 7.148393982673e-10 7.473831111713e-10 
2.918195843561e-10 5.230166474861e-10 3.188915743983e-09 7.375729261929e-10 8.011795029527e-10 8.514150084179e-10 8.943796126141e-10 9.339369439240e-10 9.740847548264e-10 1.029063905281e-09 
3.102384214423e-10 5.751341952777e-10 7.375729261929e-10 3.398480571321e-09 9.547306127206e-10 1.030203516197e-09 1.094346459975e-09 1.153264259272e-09 1.213062927339e-09 1.294961635588e-09 
3.234589603446e-10 6.125387388377e-10 8.011795029527e-10 9.547306127206e-10 3.622202874531e-09 1.191120944024e-09 1.282588985927e-09 1.365955414836e-09 1.450391216257e-09 1.566072277721e-09 
3.339693255896e-10 6.422203947156e-10 8.514150084179e-10 1.030203516197e-09 1.191120944024e-09 3.872793451578e-09 1.460284145566e-09 1.574656631617e-09 1.689329579242e-09 1.846326296257e-09 
3.429760179642e-10 6.676563350182e-10 8.943796126141e-10 1.094346459975e-09 1.282588985927e-09 1.460284145566e-09 4.164862362592e-09 1.781567232264e-09 1.934468550408e-09 2.141239906134e-09 
3.512673223918e-10 6.910741582856e-10 9.339369439240e-10 1.153264259272e-09 1.365955414836e-09 1.574656631617e-09 1.781567232264e-09 4.528273275842e-09 2.199343977598e-09 2.468281598129e-09 
3.596815278873e-10 7.148393982673e-10 9.740847548264e-10 1.213062927339e-09 1.450391216257e-09 1.689329579242e-09 1.934468550408e-09 2.199343977598e-09 5.041241220141e-09 2.879180166431e-09 
3.712034646538e-10 7.473831111713e-10 1.029063905281e-09 1.294961635588e-09 1.566072277721e-09 1.846326296257e-09 2.141239906134e-09 2.468281598129e-09 2.879180166431e-09 6.115001890052e-09 
