2.8016877643557765e-07 1.3848395842521829e-07 1.0261335962616797e-07 8.1174154374696432e-08 6.5781337262040895e-08 5.3551344105147684e-08 4.3093020722712599e-08 3.3515712606446455e-08 2.3925166528933232e-08 1.1218004120930022e-08 
1.3848395842521829e-07 7.2124202615764123e-08 5.1822433952185233e-08 4.1205364161667144e-08 3.3583446528073414e-08 2.7527589360566839e-08 2.2348075449694702e-08 1.7603453967309761e-08 1.2850620953276333e-08 6.5630290679976708e-09 
1.0261335962616797e-07 5.1822433952185233e-08 4.1265108161830972e-08 3.0899143004716478e-08 2.5280186227519573e-08 2.0815714255724029e-08 1.6996852765758163e-08 1.3497905808387642e-08 9.9920387352655502e-09 5.3591285967691225e-09 
8.1174154374696432e-08 4.1205364161667144e-08 3.0899143004716478e-08 2.7277499219476411e-08 2.0317256444101890e-08 1.6803855697403693e-08 1.3798151222043400e-08 1.1043679211678122e-08 8.2830748778367538e-09 4.6390975406732721e-09 
6.5781337262040895e-08 3.3583446528073414e-08 2.5280186227519573e-08 2.0317256444101890e-08 1.9293801243386897e-08 1.3925007132486236e-08 1.1503176126897189e-08 9.2832063767530574e-09 7.0577127590087501e-09 4.1238417382952722e-09 
5.3551344105147684e-08 2.7527589360566839e-08 2.0815714255724029e-08 1.6803855697403693e-08 1.3925007132486236e-08 1.4176089229423881e-08 9.6798715610274385e-09 7.8845221520100835e-09 6.0840499613392419e-09 3.7143108887518657e-09 
4.3093020722712599e-08 2.2348075449694702e-08 1.6996852765758163e-08 1.3798151222043400e-08 1.1503176126897189e-08 9.6798715610274385e-09 1.0657705452674738e-08 6.6872780655539757e-09 5.2499869678294553e-09 3.3622406299661033e-09 
3.3515712606446455e-08 1.7603453967309761e-08 1.3497905808387642e-08 1.1043679211678122e-08 9.2832063767530574e-09 7.8845221520100835e-09 6.6872780655539757e-09 8.1273600234910405e-09 4.4848737453294765e-09 3.0371392418616784e-09 
2.3925166528933232e-08 1.2850620953276333e-08 9.9920387352655502e-09 8.2830748778367538e-09 7.0577127590087501e-09 6.0840499613392419e-09 5.2499869678294553e-09 4.4848737453294765e-09 6.2564355147420829e-09 2.7108422214535611e-09 
1.1218004120930022e-08 6.5630290679976708e-09 5.3591285967691225e-09 4.6390975406732721e-09 4.1238417382952722e-09 3.7143108887518657e-09 3.3622406299661033e-09 3.0371392418616784e-09 2.7108422214535611e-09 4.8414400237323211e-09 
