8.5716105577581462e-07 4.2640432061675699e-07 3.1601215411903557e-07 2.5003430359926375e-07 2.0266517362804154e-07 1.6502999233669153e-07 1.3285558076322660e-07 1.0341090236969167e-07 7.3928344803838637e-08 3.4729814080536807e-08 
4.2640432061675699e-07 2.1668846189730824e-07 1.5942612856663503e-07 1.2671813905382909e-07 1.0323768659499619e-07 8.4582211662175531e-08 6.8630230247516898e-08 5.4026266268748058e-08 3.9398929952574922e-08 1.9983385130290788e-08 
3.1601215411903557e-07 1.5942612856663503e-07 1.2159048556733325e-07 9.4920016655629677e-08 7.7597035919523414e-08 6.3833681451123443e-08 5.2063226529222109e-08 4.1284674755438422e-08 3.0486477703747857e-08 1.6170212096571189e-08 
2.5003430359926375e-07 1.2671813905382909e-07 9.4920016655629677e-08 7.8452260435733372e-08 6.2271035218149944e-08 5.1431285021556698e-08 4.2159714930824341e-08 3.3667327063663342e-08 2.5157567745749026e-08 1.3888806039715231e-08 
2.0266517362804154e-07 1.0323768659499619e-07 7.7597035919523414e-08 6.2271035218149944e-08 5.3809799121126733e-08 4.2531280655170517e-08 3.5053923245601527e-08 2.8202845707058385e-08 2.1336154152176083e-08 1.2255570183272713e-08 
1.6502999233669153e-07 8.4582211662175531e-08 6.3833681451123443e-08 5.1431285021556698e-08 4.2531280655170517e-08 3.7998545745188649e-08 2.9408818950337265e-08 2.3861622324758838e-08 1.8299932624006608e-08 1.0957673475507427e-08 
1.3285558076322660e-07 6.8630230247516898e-08 5.2063226529222109e-08 4.2159714930824341e-08 3.5053923245601527e-08 2.9408818950337265e-08 2.7115934927027349e-08 2.0145857058486802e-08 1.5698901626258659e-08 9.8413249091679533e-09 
1.0341090236969167e-07 5.4026266268748058e-08 4.1284674755438422e-08 3.3667327063663342e-08 2.8202845707058385e-08 2.3861622324758838e-08 2.0145857058486802e-08 1.9276121018433027e-08 1.3313018757356738e-08 8.8095224600052607e-09 
7.3928344803838637e-08 3.9398929952574922e-08 3.0486477703747857e-08 2.5157567745749026e-08 2.1336154152176083e-08 1.8299932624006608e-08 1.5698901626258659e-08 1.3313018757356738e-08 1.3461416349427796e-08 7.7753800576679888e-09 
3.4729814080536807e-08 1.9983385130290788e-08 1.6170212096571189e-08 1.3888806039715231e-08 1.2255570183272713e-08 1.0957673475507427e-08 9.8413249091679533e-09 8.8095224600052607e-09 7.7753800576679888e-09 9.0182221443119791e-09 
