2.858902956133e-09 6.634005286929e-09 8.810278754158e-09 1.022150124298e-08 1.124414338803e-08 1.205729014147e-08 1.275396430100e-08 1.339528421732e-08 1.404610892305e-08 1.493719772626e-08 
1.744898118296e-10 1.383774714525e-09 3.268498098684e-09 5.053373290890e-09 6.497884770019e-09 7.661752782324e-09 8.656441116136e-09 9.571288677555e-09 1.049961156598e-08 1.177076609182e-08 
1.024168060333e-11 2.098762165463e-10 9.662051925573e-10 2.302360993051e-09 3.806093500776e-09 5.150722603780e-09 6.309505777407e-09 7.370756478872e-09 8.446337130579e-09 9.919025547736e-09 
-4.302275816271e-13 3.450065143205e-12 1.326283200537e-10 7.124020682782e-10 1.842921888555e-09 3.194809372065e-09 4.482508022743e-09 5.673076596196e-09 6.873868335426e-09 8.516067196763e-09 
-1.839496627336e-13 -5.804980574682e-12 -1.678182129355e-11 9.317303033442e-11 6.020641547326e-10 1.607369872393e-09 2.888120925895e-09 4.200895266045e-09 5.529425572268e-09 7.334718052225e-09 
-1.752096557913e-14 -1.114763644464e-12 -9.878231596848e-12 -2.081464846156e-11 7.033241206493e-11 5.053304784837e-10 1.457693106132e-09 2.790916088084e-09 4.266494552750e-09 6.246431417299e-09 
-6.954801886996e-16 -9.116299665527e-14 -1.663656217242e-12 -1.121211098120e-11 -3.142755573522e-11 1.143370949714e-11 3.778598114948e-10 1.376748934602e-09 2.951464172094e-09 5.159315414960e-09 
-1.121083072806e-17 -3.363467631642e-15 -1.239502133812e-13 -1.719770608121e-12 -1.243226676665e-11 -4.998831720285e-11 -8.531754886160e-11 1.819326983065e-10 1.416256005143e-09 3.955589472641e-09 
-4.910039611585e-20 -3.535325085513e-17 -2.672823558980e-15 -7.280573091180e-14 -1.072071743770e-12 -1.005480666981e-11 -6.225194239124e-11 -2.258880542438e-10 -1.539167464284e-10 2.276261355970e-09 
-1.072307126443e-23 -2.089406214250e-20 -3.761921698071e-18 -2.306543463431e-16 -7.561130759029e-15 -1.647048297321e-13 -2.660983181814e-12 -3.299218794256e-11 -2.860013354741e-10 -9.214470022522e-11 
