8.677629385506e-10 2.174083813529e-09 2.965053673361e-09 3.481499440623e-09 3.856010381224e-09 4.153796887842e-09 4.408926323731e-09 4.643784237747e-09 4.882122910452e-09 5.208452285484e-09 
6.681325332449e-11 5.387787635533e-10 1.281565217412e-09 1.986272088100e-09 2.555964387825e-09 3.014659135400e-09 3.406663984718e-09 3.767215991840e-09 4.133081325242e-09 4.634061795936e-09 
4.042294700389e-12 8.335725293962e-11 3.837089330475e-10 9.108800406815e-10 1.499293654792e-09 2.022720357813e-09 2.473152478620e-09 2.885680466737e-09 3.303818314033e-09 3.876341487890e-09 
-1.644495550514e-13 1.595262629077e-12 5.329080169057e-11 2.794908169742e-10 7.129655415096e-10 1.224691401906e-09 1.708435580356e-09 2.154775617232e-09 2.605044485907e-09 3.220912778205e-09 
-7.066536219297e-14 -2.184043193430e-12 -5.923917419238e-12 3.696125766078e-11 2.285396878368e-10 5.988039807909e-10 1.062303106310e-09 1.533037926906e-09 2.008751672758e-09 2.655519027176e-09 
-6.612973287937e-15 -4.134273449928e-13 -3.578955304651e-12 -7.017046758866e-12 2.763510415086e-11 1.844735669402e-10 5.178639983768e-10 9.756036297744e-10 1.477613400256e-09 2.151243176043e-09 
-2.554192341070e-16 -3.275993934772e-14 -5.844033362933e-13 -3.827818419462e-12 -1.018221910918e-11 6.424926235704e-12 1.328772755681e-10 4.647804012911e-10 9.741676783163e-10 1.683576011205e-09 
-3.941730062127e-18 -1.156379537635e-15 -4.182422034515e-14 -5.695149069558e-13 -4.022898200378e-12 -1.559290342483e-11 -2.397996081012e-11 6.594751700625e-11 4.479520341225e-10 1.213887745335e-09 
-1.634839568207e-20 -1.156387906765e-17 -8.590808618008e-16 -2.296664002395e-14 -3.312832572594e-13 -3.036215881964e-12 -1.832256111075e-11 -6.438116545772e-11 -3.534982800280e-11 6.608317001104e-10 
-3.274709989515e-24 -6.290717126108e-21 -1.119094452741e-18 -6.788908160334e-17 -2.203244578974e-15 -4.747860453751e-14 -7.563386500382e-13 -9.161804649601e-12 -7.583617570536e-11 -1.206700393870e-11 
