1.807212907279e-10 4.866935028394e-10 6.849566611948e-10 8.165324461792e-10 9.121982764693e-10 9.882702250557e-10 1.053441289999e-09 1.113433625853e-09 1.174315068040e-09 1.257673915509e-09 
1.766782955831e-11 1.495115016840e-10 3.669564831734e-10 5.792193931554e-10 7.528229455693e-10 8.928889116572e-10 1.012561280603e-09 1.122618013958e-09 1.234295010447e-09 1.387214925754e-09 
1.144701434221e-12 2.486276792506e-11 1.187866228465e-10 2.891514880545e-10 4.830488291755e-10 6.568069452768e-10 8.064937316414e-10 9.435524840200e-10 1.082461204192e-09 1.272656489460e-09 
-6.113061704389e-14 3.143417639906e-13 1.682464582462e-11 9.270787272580e-11 2.413202033810e-10 4.187245043073e-10 5.872179342850e-10 7.427777274633e-10 8.996708493215e-10 1.114256049517e-09 
-2.432180370509e-14 -7.687615367560e-13 -2.209502968421e-12 1.238545956409e-11 7.941493310376e-11 2.107077171815e-10 3.762671032085e-10 5.447078800262e-10 7.149015198455e-10 9.462711027946e-10 
-2.308387162060e-15 -1.460661891179e-13 -1.281230866808e-12 -2.597286986321e-12 9.619858133524e-12 6.602958847796e-11 1.865989786177e-10 3.521772039844e-10 5.336677271528e-10 7.771600175176e-10 
-9.071977859122e-17 -1.175507381986e-14 -2.112003750672e-13 -1.389673295476e-12 -3.699549450947e-12 2.361864469057e-12 4.826656016134e-11 1.684249941230e-10 3.522879404536e-10 6.077538892953e-10 
-1.424317539642e-18 -4.191042397426e-16 -1.515509373432e-14 -2.060517129410e-13 -1.452126825943e-12 -5.606068506749e-12 -8.464906966785e-12 2.455370025268e-11 1.617765484607e-10 4.326578530806e-10 
-5.917564221727e-21 -4.178394446330e-18 -3.098832496283e-16 -8.265074069205e-15 -1.187430457403e-13 -1.080179228509e-12 -6.425635582012e-12 -2.194374439199e-11 -9.644294318728e-12 2.281270672515e-10 
-1.170142689331e-24 -2.235208924981e-21 -3.949311041216e-19 -2.376635601288e-17 -7.642571774598e-16 -1.629828795220e-14 -2.564419649159e-13 -3.056383223419e-12 -2.462065430378e-11 -3.265775695820e-13 
