1.729529548089e-09 4.140548696366e-09 5.552781842025e-09 6.469797176001e-09 7.134342134934e-09 7.662743826978e-09 8.115459325593e-09 8.532204529198e-09 8.955126200354e-09 9.534179619599e-09 
1.153563652326e-10 9.160787709362e-10 2.162025280709e-09 3.338717592267e-09 4.289020313634e-09 5.054222653705e-09 5.708200403738e-09 6.309704799439e-09 6.920072678865e-09 7.755850789115e-09 
6.799103761279e-12 1.388887967263e-10 6.365240049708e-10 1.508717084277e-09 2.483464367022e-09 3.351847932165e-09 4.099437638523e-09 4.784116944381e-09 5.478089522950e-09 6.428287548219e-09 
-2.705384817845e-13 2.606805570370e-12 8.768208026610e-11 4.619292035806e-10 1.183226604924e-09 2.038192549212e-09 2.848196655500e-09 3.596084175853e-09 4.350517733658e-09 5.382369632819e-09 
-1.173503741353e-13 -3.655135484332e-12 -1.014671086654e-11 6.084594440311e-11 3.815725080392e-10 1.005290529948e-09 1.790449766768e-09 2.590563480556e-09 3.399650912968e-09 4.499456164487e-09 
-1.106233643687e-14 -6.954553033489e-13 -6.060977898104e-12 -1.215356924166e-11 4.557047721433e-11 3.113100528244e-10 8.823938217030e-10 1.672771796802e-09 2.543297201077e-09 3.711504501642e-09 
-4.307862593424e-16 -5.560928028434e-14 -9.997852051125e-13 -6.620723405908e-12 -1.800410144795e-11 9.232798349306e-12 2.267263821073e-10 8.077316831358e-10 1.711844567730e-09 2.975709723042e-09 
-6.741070064401e-18 -1.994938542176e-15 -7.272264555529e-14 -9.986567786139e-13 -7.134053969792e-12 -2.818761338743e-11 -4.594944387264e-11 1.100417899941e-10 8.040173282850e-10 2.216849352404e-09 
-2.859517682998e-20 -2.039916433231e-17 -1.529080324555e-15 -4.128886592626e-14 -6.023945379024e-13 -5.594221102436e-12 -3.427837371216e-11 -1.228857240924e-10 -7.760369021531e-11 1.247269554158e-09 
-5.994480818347e-24 -1.161075856872e-20 -2.080346216956e-18 -1.270247235477e-16 -4.148295085652e-15 -9.000269289747e-14 -1.446470347852e-12 -1.777486397847e-11 -1.513557522296e-10 -4.080029757945e-11 
