4.347182607909e-10 1.131287560380e-09 1.567493670604e-09 1.854388746240e-09 2.062662322522e-09 2.228270960045e-09 2.370153378537e-09 2.500762014638e-09 2.633306447043e-09 2.814814534815e-09 
3.793425003000e-11 3.126311840888e-10 7.536149477980e-10 1.176698375727e-09 1.520165721706e-09 1.796894400086e-09 2.033366836771e-09 2.250856711083e-09 2.471550813708e-09 2.773777064852e-09 
2.371943899946e-12 4.993189131797e-11 2.331126449007e-10 5.583522369030e-10 9.236040019229e-10 1.249197228472e-09 1.529439893474e-09 1.786076349860e-09 2.046196741032e-09 2.402383781206e-09 
-1.068185952494e-13 8.625836468317e-13 3.269616850937e-11 1.740075105967e-10 4.464290421523e-10 7.688535114274e-10 1.073832602550e-09 1.355207174104e-09 1.639043682472e-09 2.027291100294e-09 
-4.447320559747e-14 -1.382609469763e-12 -3.805586644693e-12 2.313474715890e-11 1.442124378896e-10 3.786033559732e-10 6.720026484241e-10 9.697821207238e-10 1.270623704759e-09 1.679674976597e-09 
-4.175838962899e-15 -2.616867466351e-13 -2.268577324631e-12 -4.450548940150e-12 1.754250261132e-11 1.169965279765e-10 3.279520238192e-10 6.167658459867e-10 9.329333964096e-10 1.357179907301e-09 
-1.617546747752e-16 -2.075118903062e-14 -3.698334095018e-13 -2.416285855135e-12 -6.378836809181e-12 4.326544323448e-12 8.433887178469e-11 2.926799872567e-10 6.104869187239e-10 1.052224941714e-09 
-2.494632923096e-18 -7.302917338006e-16 -2.633790403926e-14 -3.572960144090e-13 -2.510448939173e-12 -9.644094444239e-12 -1.442005801094e-11 4.236413814087e-11 2.783487977409e-10 7.465323098422e-10 
-1.026825860499e-20 -7.233935276518e-18 -5.351846553660e-16 -1.424306726405e-14 -2.043651479377e-13 -1.860304453091e-12 -1.111659890099e-11 -3.838584495668e-11 -1.826505584892e-11 3.971325809217e-10 
-2.013662075072e-24 -3.850866452559e-21 -6.819179079646e-19 -4.116368407173e-17 -1.328519703693e-15 -2.844216507259e-14 -4.493111660713e-13 -5.378177346858e-12 -4.367739223810e-11 -3.860006571238e-12 
