4.574636413535e-10 1.187337997108e-09 1.643343670295e-09 1.943098934526e-09 2.160689666588e-09 2.333706488436e-09 2.481936041575e-09 2.618387494338e-09 2.756861237673e-09 2.946458272202e-09 
3.958225095366e-11 3.256952546554e-10 7.842961103577e-10 1.223876255268e-09 1.580592935543e-09 1.867980726880e-09 2.113563786425e-09 2.339433655960e-09 2.568631228963e-09 2.882472368970e-09 
2.469162403747e-12 5.189398186993e-11 2.420007715494e-10 5.791161673819e-10 9.574596371288e-10 1.294671609773e-09 1.584897386151e-09 1.850677682803e-09 2.120067013068e-09 2.488920251166e-09 
-1.101123766679e-13 9.107968089327e-13 3.391188184365e-11 1.801663530358e-10 4.620493299782e-10 7.955448004947e-10 1.110909644497e-09 1.401871633591e-09 1.695381419997e-09 2.096838767897e-09 
-4.598798161749e-14 -1.429803936130e-12 -3.933575890805e-12 2.395940607402e-11 1.491853420497e-10 3.913588612017e-10 6.944562013011e-10 1.002122281897e-09 1.312940729580e-09 1.735539977670e-09 
-4.319906330615e-15 -2.705657522165e-13 -2.343091295874e-12 -4.588266805944e-12 1.811562459195e-11 1.207890999774e-10 3.387640393539e-10 6.371987026665e-10 9.638267212657e-10 1.402117397150e-09 
-1.671476780902e-16 -2.142875826009e-14 -3.819767914257e-13 -2.497573118469e-12 -6.599882605498e-12 4.481100685915e-12 8.723909137146e-11 3.023972582622e-10 6.305582644491e-10 1.086839594489e-09 
-2.576469566388e-18 -7.547603576053e-16 -2.722584262155e-14 -3.691906639734e-13 -2.591677567116e-12 -9.947500803059e-12 -1.490280202064e-11 4.350846691054e-11 2.873544418747e-10 7.716625943732e-10 
-1.061187431758e-20 -7.470526544134e-18 -5.523754889746e-16 -1.469988234012e-14 -2.110612478437e-13 -1.924111622851e-12 -1.152023799865e-11 -3.980867934139e-11 -1.879757330558e-11 4.111897753046e-10 
-2.081094079965e-24 -3.984291082102e-21 -7.062321835209e-19 -4.265813084919e-17 -1.376966833078e-15 -2.946896043955e-14 -4.651346367679e-13 -5.561692561978e-12 -4.522237843969e-11 -4.532613565375e-12 
