1.456525151572e-09 3.527637905689e-09 4.750005842314e-09 5.544582261216e-09 6.120459785454e-09 6.578358624027e-09 6.970668973495e-09 7.331808443924e-09 7.698300266259e-09 8.200092245511e-09 
1.006601032294e-10 8.015856829479e-10 1.893957583216e-09 2.925774912262e-09 3.758952184968e-09 4.429767718658e-09 5.003071423057e-09 5.530378951687e-09 6.065457055977e-09 6.798140742917e-09 
5.964016031261e-12 1.219266521133e-10 5.585183895718e-10 1.323077444902e-09 2.176693409104e-09 2.936427332487e-09 3.590388793867e-09 4.189345296780e-09 4.796435462047e-09 5.627673726372e-09 
-2.361034749957e-13 2.311667409103e-12 7.700138847182e-11 4.047819774064e-10 1.034353365096e-09 1.779046028151e-09 2.484410502383e-09 3.135632868014e-09 3.792538155028e-09 4.691011220098e-09 
-1.026237939444e-13 -3.182552070229e-12 -8.716586690091e-12 5.334713914121e-11 3.320665857891e-10 8.738930720933e-10 1.555982487985e-09 2.250353055571e-09 2.952239147806e-09 3.906398084674e-09 
-9.628405814954e-15 -6.036259960385e-13 -5.256940255225e-12 -1.055141276722e-11 3.965265555008e-11 2.709537968613e-10 7.665541226942e-10 1.449564922103e-09 2.200291540417e-09 3.207801405960e-09 
-3.738224993792e-16 -4.828604205323e-14 -8.677617617611e-13 -5.727917687813e-12 -1.540134534831e-11 8.889425114937e-12 1.972675225376e-10 6.956442367749e-10 1.467084651612e-09 2.544219116443e-09 
-5.851979163475e-18 -1.726748368249e-15 -6.267394833084e-14 -8.563445533628e-13 -6.081825481327e-12 -2.384824397731e-11 -3.816316079735e-11 9.569566043670e-11 6.828414855202e-10 1.872417691779e-09 
-2.455494472066e-20 -1.743608543733e-17 -1.301994674296e-15 -3.503530202305e-14 -5.093802501674e-13 -4.712311018817e-12 -2.874178152016e-11 -1.023733216277e-10 -6.225256505824e-11 1.042734562626e-09 
-5.059234814933e-24 -9.775802425088e-21 -1.747761698632e-18 -1.064944569315e-16 -3.470604398627e-15 -7.513532215167e-14 -1.204507114449e-12 -1.475122828448e-11 -1.248460428350e-10 -3.098151797652e-11 
