-4.0237524098319546e-09 9.2208217073864347e-09 1.2655604980271052e-08 1.4701436195206547e-08 1.6165695895053015e-08 1.7328249410822217e-08 1.8324134721078353e-08 1.9240878009744940e-08 2.0171204848402690e-08 2.1445294773871111e-08 
-2.0161208430919195e-08 -8.3312904468034544e-10 4.1834344804141875e-09 7.2520928315372526e-09 9.4542071466719320e-09 1.1180122983655916e-08 1.2648043976510993e-08 1.3997368442171677e-08 1.5366512311611988e-08 1.7241546081075890e-08 
-2.9866367407897357e-08 -6.6139100636223304e-09 -7.5756434660837364e-10 2.8785298302244326e-09 5.6251808746711908e-09 7.7783460772122128e-09 9.5672110409038282e-09 1.1194083849815660e-08 1.2841679143977810e-08 1.5097725785489157e-08 
-3.8264988608427473e-08 -1.1476899413953955e-08 -4.7663042227363484e-09 -7.8152852533667102e-10 2.3013791859168132e-09 4.8580983155636475e-09 6.9865441905944215e-09 8.8788544981097082e-09 1.0774489873885458e-08 1.3365783737592286e-08 
-4.6284310076929146e-08 -1.6093152079156684e-08 -8.4100843830455546e-09 -3.9563363320334358e-09 -7.1762453704103816e-10 2.0490533562996871e-09 4.5122862546688013e-09 6.7201860679592621e-09 8.8764456056010560e-09 1.1793379983081578e-08 
-5.4545052505468632e-08 -2.0836728169074363e-08 -1.2170915791159011e-08 -7.0794033737798714e-09 -3.5383240901154645e-09 -7.0359309278283158e-10 1.9279067075717611e-09 4.4898590691371822e-09 6.9918023004806603e-09 1.0264657742344331e-08 
-6.3229334657009745e-08 -2.5845430633059546e-08 -1.6209274890331003e-08 -1.0473821149992398e-08 -6.4443316717942375e-09 -3.3821501670691515e-09 -7.5842521060563259e-10 1.9495812122735833e-09 4.8998014249028890e-09 8.6377518700975330e-09 
-7.2677536934039293e-08 -3.1377833881420885e-08 -2.0728574417464307e-08 -1.4365149586052254e-08 -9.8195175349462083e-09 -6.3017856466265667e-09 -3.4917185960576249e-09 -9.7224984190983672e-10 2.1447757164868916e-09 6.6590614159976937e-09 
-8.8140333234406836e-08 -4.0014300538786567e-08 -2.7604536355556842e-08 -2.0185381961127158e-08 -1.4859807701129016e-08 -1.0642310745052581e-08 -7.1279304008796838e-09 -4.2435965617498850e-09 -1.6110869604360278e-09 3.7917200541293686e-09 
-1.1795439186035670e-07 -5.6707046467781199e-08 -4.0913756533252993e-08 -3.1471601712711548e-08 -2.4691537545610110e-08 -1.9301146120470226e-08 -1.4686485357265849e-08 -1.0492633108660689e-08 -6.7057780206624210e-09 -1.9775319728460325e-09 
