-3.9323436364195870e-10 4.3555296844317475e-10 6.5102133614909816e-10 7.7936419967388423e-10 8.7114799752822264e-10 9.4398804564414689e-10 1.0063792578931755e-09 1.0638117497670252e-09 1.1220952077361211e-09 1.2019147535428868e-09 
-1.6050140178118504e-09 -8.5275486654364831e-11 3.0892622936509715e-10 5.5046612720833025e-10 7.2385187190189471e-10 8.5963875641962254e-10 9.7508737165328947e-10 1.0812045363365996e-09 1.1888804717910288e-09 1.3363420005174050e-09 
-2.4391795137688879e-09 -5.4098867186045522e-10 -6.3094582188405333e-11 2.3386544265780678e-10 4.5828955992130688e-10 6.3405542328033625e-10 7.8003949601748173e-10 9.1283377069021975e-10 1.0473352842314884e-09 1.2315108166041522e-09 
-3.0705040181339647e-09 -9.1643926732895403e-10 -3.7712288092217217e-10 -5.6558260599844684e-11 1.9190499390740815e-10 3.9766180948119418e-10 5.6864027193261597e-10 7.2066460356408467e-10 8.7306889969122477e-10 1.0814487161217392e-09 
-3.5619515652060775e-09 -1.2320320568257864e-09 -6.3948082618505741e-10 -2.9614062726325422e-10 -4.5737821747467134e-11 1.6866097035815320e-10 3.5894866491779234e-10 5.2892870401427893e-10 6.9510524001879808e-10 9.2019284625444128e-10 
-3.9485315071859941e-09 -1.5012363057038350e-09 -8.7224790006761841e-10 -5.0308294977340999e-10 -2.4630838328808804e-10 -3.9694317689135437e-11 1.5255653495945529e-10 3.3845647156738616e-10 5.1941062923587038e-10 7.5683133612450553e-10 
-4.2470541066451304e-09 -1.7297957149767329e-09 -1.0809739603525261e-09 -6.9496851227752034e-10 -4.2412157568350096e-10 -2.1816134691601571e-10 -4.0480888597983723e-11 1.4316643415141622e-10 3.4136805744489877e-10 5.9220823227150976e-10 
-4.4690965059291573e-09 -1.9237094068579448e-09 -1.2673759137427706e-09 -8.7521467607888708e-10 -5.9523114766836787e-10 -3.7893905003174739e-10 -2.0623524380632070e-10 -4.9668113148757064e-11 1.4478927186179515e-10 4.2121215227718883e-10 
-4.7020492978224798e-09 -2.1282021326683138e-09 -1.4645108771785280e-09 -1.0677258912615138e-09 -7.8292784198511694e-10 -5.5753525228226447e-10 -3.7035377868445847e-10 -2.1753585150154555e-10 -7.3755190545261861e-11 2.1789708830428122e-10 
-4.9743985737058086e-09 -2.3832583693880686e-09 -1.7151050331729510e-09 -1.3156437960074010e-09 -1.0288055735546195e-09 -8.0076289799139685e-10 -6.0559033082864885e-10 -4.2870175099695495e-10 -2.7121924454612927e-10 -6.8977453390180384e-11 
