-1.0640047343269810e-09 1.5298372284096870e-09 2.2034329163631978e-09 2.6045119073175357e-09 2.8914721069422663e-09 3.1192808621997348e-09 3.3144278053809710e-09 3.4940666302353831e-09 3.6763672082655598e-09 3.9260290739524664e-09 
-4.2740966806735017e-09 -1.6800854143420442e-10 8.9835974931408913e-10 1.5504643998060425e-09 2.0179742493940252e-09 2.3844262214937140e-09 2.6962318091553017e-09 2.9828878015633705e-09 3.2737597652912670e-09 3.6721074395316837e-09 
-6.0693463766374251e-09 -1.3200164820470081e-09 -1.2309613537283353e-10 6.2122998319045263e-10 1.1823130654116565e-09 1.6212913690620051e-09 1.9862623753767610e-09 2.3184957738031053e-09 2.6550520985791615e-09 3.1159107056801852e-09 
-7.3132287382381286e-09 -2.1696961353283021e-09 -8.8224603620774671e-10 -1.1579332389360705e-10 4.7854859615516653e-10 9.6968079764746065e-10 1.3774583397931577e-09 1.7402881779408165e-09 2.1042047198247760e-09 2.6018222379953233e-09 
-8.2512468364155113e-09 -2.8474641815095860e-09 -1.4736138214534499e-09 -6.7746443912805473e-10 -9.5909940731125749e-11 4.0201548177304102e-10 8.4319062891453645e-10 1.2370869667449722e-09 1.6224035143542320e-09 2.1444555028002236e-09 
-9.0027400227310104e-09 -3.4202557616331255e-09 -1.9855921935555151e-09 -1.1437142775294059e-09 -5.5794668630683684e-10 -8.6187741576068544e-11 3.5259511539969130e-10 7.7642998786781896e-10 1.1890445894795126e-09 1.7306156550729097e-09 
-9.6341575350078330e-09 -3.9239343551195340e-09 -2.4521362808657878e-09 -1.5765412477862693e-09 -9.6216015508629901e-10 -4.9483937315263151e-10 -9.1662382831486787e-11 3.2472383587887135e-10 7.7419557946433844e-10 1.3433519424735704e-09 
-1.0210819931145483e-08 -4.3970267082025031e-09 -2.8979274940214361e-09 -2.0022071509236019e-09 -1.3626742580313132e-09 -8.6849936693726135e-10 -4.7380023852782726e-10 -1.1653068377674374e-10 3.2669905535190336e-10 9.5864346066348407e-10 
-1.1035075833962612e-08 -4.9980453133328461e-09 -3.4413388148534979e-09 -2.5106677876098544e-09 -1.8426564228800052e-09 -1.3139133697729224e-09 -8.7448954098195434e-10 -5.1525793980940959e-10 -1.7936646663220707e-10 5.0295501058343922e-10 
-1.2754778304873251e-08 -6.1218485779361093e-09 -4.4114761703793374e-09 -3.3889152624255002e-09 -2.6546522049451111e-09 -2.0708932043515832e-09 -1.5712237024568700e-09 -1.1178214450855585e-09 -7.1110709172854454e-10 -1.9548436654082452e-10 
