1.940527447257e-10 5.213102231990e-10 7.328847157889e-10 8.732051515688e-10 9.752170920730e-10 1.056334980102e-09 1.125829124852e-09 1.189801051292e-09 1.254721112481e-09 1.343623602297e-09 
1.882725191268e-11 1.590342434333e-10 3.898103430508e-10 6.147820420876e-10 7.986652108112e-10 9.470043151101e-10 1.073747787020e-09 1.190308293780e-09 1.308584970674e-09 1.470557191048e-09 
1.217279551432e-12 2.636867650953e-11 1.257576975252e-10 3.057303537295e-10 5.102703241809e-10 6.934807968199e-10 8.513030010976e-10 9.958109269959e-10 1.142270599944e-09 1.342818883364e-09 
-6.416050411287e-14 3.468717439613e-13 1.782280327962e-11 9.778325913990e-11 2.541291182504e-10 4.406838605523e-10 6.177873743238e-10 7.812755242636e-10 9.461697797053e-10 1.171711474963e-09 
-2.556990470371e-14 -8.066803224264e-13 -2.312034413249e-12 1.304196651081e-11 8.351368744407e-11 2.213848447081e-10 3.950111721006e-10 5.716124449446e-10 7.500558171177e-10 9.926518033431e-10 
-2.425085367236e-15 -1.534387663285e-13 -1.344612625161e-12 -2.711790312986e-12 1.014357022310e-11 6.924176650829e-11 1.954327034786e-10 3.687746443135e-10 5.587356295912e-10 8.135898832658e-10 
-9.527551874828e-17 -1.232521095576e-14 -2.210904172317e-13 -1.453397740047e-12 -3.871723386121e-12 2.456730769140e-12 5.053919600627e-11 1.763587878648e-10 3.685985990003e-10 6.356856652197e-10 
-1.490987291038e-18 -4.384796799968e-16 -1.586174152209e-14 -2.157411825697e-13 -1.519871182273e-12 -5.854923477944e-12 -8.776298955256e-12 2.576144407244e-11 1.688590369539e-10 4.516560669391e-10 
-6.195711648441e-21 -4.374281259535e-18 -3.241224601507e-16 -8.633667657152e-15 -1.238787070519e-13 -1.126065578980e-12 -6.703911221202e-12 -2.296939476591e-11 -1.020939466140e-11 2.384686905597e-10 
-1.220045867706e-24 -2.330131876750e-21 -4.118797556427e-19 -2.480877683066e-17 -7.987049041220e-16 -1.705138965823e-14 -2.684267350260e-13 -3.196182184681e-12 -2.567184244242e-11 -4.547281347342e-13 
