-8.1012278735033950e-10 1.0611831472188070e-09 1.5473338839062169e-09 1.8368232170586766e-09 2.0439137640928748e-09 2.2083009779654758e-09 2.3491160612526427e-09 2.4787403983043999e-09 2.6102853973394152e-09 2.7904371240373665e-09 
-3.2419136694530244e-09 -1.3999215378060238e-10 6.6534887040210440e-10 1.1580973759994622e-09 1.5114617551388931e-09 1.7883754823204030e-09 2.0239506724218791e-09 2.2405157366485968e-09 2.4602650748846980e-09 2.7612106261039011e-09 
-4.6819368673338186e-09 -1.0229728554947773e-09 -1.0107845380512982e-10 4.7214980883340211e-10 9.0451647080435848e-10 1.2428501558781160e-09 1.5240740769737586e-09 1.7800346025630985e-09 2.0393184405970640e-09 2.3943644292084904e-09 
-5.6924436281395534e-09 -1.6906915256611187e-09 -6.8900500949827565e-10 -9.2856542611135406e-11 3.6942507712663665e-10 7.5158511789710325e-10 1.0689097370023449e-09 1.3512142629296896e-09 1.6343444863930054e-09 2.0214925368235933e-09 
-6.4480564953225805e-09 -2.2256862414091164e-09 -1.1521551575742160e-09 -5.3007582918958399e-10 -7.5753261178085109e-11 3.1328514030565313e-10 6.5804989304121477e-10 9.6584941877317290e-10 1.2669206780663151e-09 1.6748350150077238e-09 
-7.0360986216664196e-09 -2.6728216007971510e-09 -1.5514848309523106e-09 -8.9348384629272941e-10 -4.3568441836021011e-10 -6.6956944674437862e-11 2.7607220248441897e-10 6.0737748505223655e-10 9.2983374712951106e-10 1.3531052615999597e-09 
-7.5028131738179430e-09 -3.0550974564908912e-09 -1.9087102292701832e-09 -1.2267222779478818e-09 -7.4823205551561834e-10 -3.8428896674858569e-10 -7.0158130075648394e-11 2.5437703662415526e-10 6.0443823178767276e-10 1.0476231102987416e-09 
-7.8890242489823435e-09 -3.3961677904269560e-09 -2.2376753747702364e-09 -1.5454740015207313e-09 -1.0512773099341824e-09 -6.6947772979040036e-10 -3.6455291563072352e-10 -8.8208915969729073e-11 2.5473481644019026e-10 7.4276348506883212e-10 
-8.3988776514670507e-09 -3.8027733721784707e-09 -2.6176236294866572e-09 -1.9090867088064637e-09 -1.4005213932695296e-09 -9.9801217570261116e-10 -6.6362053687779608e-10 -3.9040438793327598e-10 -1.3413199342830204e-10 3.8589161186502162e-10 
-9.3720189399501408e-09 -4.4953826486771714e-09 -3.2378894883933901e-09 -2.4860863495995062e-09 -1.9462444589672523e-09 -1.5170566404004558e-09 -1.1497078313523433e-09 -8.1652381553471894e-10 -5.1845298444218296e-10 -1.3872954525787377e-10 
