-1.2056782360978147e-09 1.8218977226417538e-09 2.6079721948057093e-09 3.0760153866065199e-09 3.4109101974494347e-09 3.6767838083342737e-09 3.9045403723274402e-09 4.1141975809862219e-09 4.3269613417358789e-09 4.6183427685642206e-09 
-4.8729092160950355e-09 -1.8351394735755244e-10 1.0344808059920889e-09 1.7791394656341592e-09 2.3129497773342626e-09 2.7314127872038661e-09 3.0874988766321824e-09 3.4148686866438391e-09 3.7470536768522300e-09 4.2019793537078175e-09 
-6.8754155225940170e-09 -1.4929048357259802e-09 -1.3628058606757157e-10 7.0737539255054000e-10 1.3431970583963110e-09 1.8406317348952420e-09 2.2542423342301294e-09 2.6307689678014186e-09 3.0121972480213347e-09 3.5345007245143548e-09 
-8.2631718428862586e-09 -2.4509546359364257e-09 -9.9612177574208918e-10 -1.2995619306707352e-10 5.4167199802485035e-10 1.0966158708533399e-09 1.5573869385708827e-09 1.9673884720848167e-09 2.3786192016208054e-09 2.9409318443353144e-09 
-9.3218885686848693e-09 -3.2172028151989103e-09 -1.6651467394990077e-09 -7.6569866829360314e-10 -1.0870794415970273e-10 4.5374557943568794e-10 9.5211010290076748e-10 1.3971190935869301e-09 1.8324328357754088e-09 2.4222010155013577e-09 
-1.0189598771546979e-08 -3.8718767542034079e-09 -2.2482486544118124e-09 -1.2954461197875928e-09 -6.3248809876162332e-10 -9.8661902412359757e-11 3.9777926700059642e-10 8.7742451754093476e-10 1.3444590473765318e-09 1.9573841114930987e-09 
-1.0944324954099494e-08 -4.4584812324537924e-09 -2.7867646775648408e-09 -1.7922124164483437e-09 -1.0943113908278356e-09 -5.6346504581112852e-10 -1.0565825706548189e-10 3.6706022112280914e-10 8.7764287815404688e-10 1.5242511800191944e-09 
-1.1666214846799320e-08 -5.0247767081196474e-09 -3.3122670146891478e-09 -2.2890277955056258e-09 -1.5584206461236553e-09 -9.9380043953962965e-10 -5.4282601682529469e-10 -1.3495411046051752e-10 3.7098336312296231e-10 1.0932219657424809e-09 
-1.2723207679401675e-08 -5.7637419870049173e-09 -3.9691766557552422e-09 -2.8963023343234843e-09 -2.1262174840049385e-09 -1.5166548716514995e-09 -1.0099569014518930e-09 -5.9561016323143334e-10 -2.0888243644259290e-10 5.7724092823976955e-10 
-1.4989907820955000e-08 -7.1969904602613510e-09 -5.1875026926528455e-09 -3.9861130830961909e-09 -3.1234397207563091e-09 -2.4375901306774341e-09 -1.8505232078701642e-09 -1.3176899109412267e-09 -8.3904050447119337e-10 -2.3381900587137510e-10 
