8.123458506046e-10 2.043712765859e-09 2.791820440394e-09 3.280601114289e-09 3.635082040298e-09 3.916942476596e-09 4.158426718018e-09 4.380723602485e-09 4.606315257609e-09 4.915243063359e-09 
6.339073732020e-11 5.121754689388e-10 1.219649630337e-09 1.891406567046e-09 2.434628844004e-09 2.872029205181e-09 3.245830155181e-09 3.589638272871e-09 3.938513047421e-09 4.416274381150e-09 
3.847001047511e-12 7.946284318943e-11 3.661011370771e-10 8.695936642772e-10 1.431886601710e-09 1.932073730387e-09 2.362495972031e-09 2.756700054315e-09 3.156264233537e-09 3.703394685909e-09 
-1.575922726030e-13 1.504566946966e-12 5.084993320280e-11 2.671678226289e-10 6.816970608341e-10 1.170878644027e-09 1.633344847519e-09 2.060046158079e-09 2.490496989886e-09 3.079293230888e-09 
-6.764135101655e-14 -2.090380380432e-12 -5.657981468887e-12 3.537977227499e-11 2.184513749963e-10 5.723661939895e-10 1.015509361325e-09 1.465390295601e-09 1.919995949831e-09 2.538110306138e-09 
-6.324194706033e-15 -3.950469761095e-13 -3.419794472730e-12 -6.714612490076e-12 2.641990549841e-11 1.765341715332e-10 4.951808403964e-10 9.320240041551e-10 1.411071088890e-09 2.053932702488e-09 
-2.440473324307e-16 -3.131936642219e-14 -5.587256698619e-13 -3.654665995806e-12 -9.676060339055e-12 6.305938992737e-12 1.268329367522e-10 4.429622170547e-10 9.284376015003e-10 1.604265190545e-09 
-3.768897475456e-18 -1.104264702181e-15 -3.987135316462e-14 -5.422464570368e-13 -3.829361239799e-12 -1.486167039740e-11 -2.290661769436e-11 6.310682501147e-11 4.274003329987e-10 1.155275128572e-09 
-1.556905942612e-20 -1.100870709612e-17 -8.182636364162e-16 -2.189050879112e-14 -3.158205470193e-13 -2.891174184998e-12 -1.738368963006e-11 -6.069589718753e-11 -3.282010148931e-11 6.253334639580e-10 
-3.121080502690e-24 -5.988316519722e-21 -1.063330487804e-18 -6.436450035054e-17 -2.084399801483e-15 -4.484561047796e-14 -7.140532475485e-13 -8.662193125082e-12 -7.192889235074e-11 -1.090695477452e-11 
