-7.8069933423106039e-10 1.0112689364676871e-09 1.4768307154661710e-09 1.7540632794623526e-09 1.9523820075229327e-09 2.1098041736461117e-09 2.2446525103189045e-09 2.3687842411237481e-09 2.4947552472227207e-09 2.6672733507545275e-09 
-3.1248485317879516e-09 -1.3661484331569699e-10 6.3917546069784565e-10 1.1138795061686702e-09 1.4543186148821980e-09 1.7210944777091640e-09 1.9480388789097468e-09 2.1566682797898444e-09 2.3683651433284152e-09 2.6582828655303521e-09 
-4.5241192495624542e-09 -9.8918595948352473e-10 -9.8574831288217532e-11 4.5518883523191434e-10 8.7291193538084220e-10 1.1997976178841978e-09 1.4714957738320917e-09 1.7187802782296860e-09 1.9692742218575031e-09 2.3122837921308002e-09 
-5.5087373725658905e-09 -1.6364494247964309e-09 -6.6716208760143906e-10 -9.0326351175351104e-11 3.5697530915862625e-10 7.2677803826672420e-10 1.0338483329762073e-09 1.3070235999812861e-09 1.5809938353875651e-09 1.9556158476600250e-09 
-6.2451763751480531e-09 -2.1557927703856670e-09 -1.1160636090244326e-09 -5.1357536214945602e-10 -7.3579814234434090e-11 3.0319313744248927e-10 6.3710411210496177e-10 9.3521602318110632e-10 1.2268061114782765e-09 1.6218726028837980e-09 
-6.8171075280474300e-09 -2.5896594367090325e-09 -1.5032279744379543e-09 -8.6570761333506206e-10 -4.2216228931737890e-10 -6.4921223079251433e-11 2.6742991278954356e-10 5.8842773288587333e-10 9.0084572991533243e-10 1.3109396481755211e-09 
-7.2685176741828168e-09 -2.9596490630386469e-09 -1.8490493081315338e-09 -1.1883518629558352e-09 -7.2480199109258461e-10 -3.7222564222704037e-10 -6.7896945750588296e-11 2.4652273860084689e-10 5.8565518269650773e-10 1.0149951632289871e-09 
-7.6379137253590672e-09 -3.2879790559033975e-09 -2.1663393480948091e-09 -1.4961578637175483e-09 -1.0176843100486832e-09 -6.4803787542308346e-10 -3.5282169263105572e-10 -8.5249882308617338e-11 2.4682258040883924e-10 7.1929968169449521e-10 
-8.1192660963399957e-09 -3.6760377473112951e-09 -2.5303085390960238e-09 -1.8453390534769775e-09 -1.3536900748197777e-09 -9.6457235735438697e-10 -6.4131870279322506e-10 -3.7722132926242558e-10 -1.2941659919157215e-10 3.7337495438239492e-10 
-9.0224103281235070e-09 -4.3273507570232537e-09 -3.1166791155041425e-09 -2.3928686260159364e-09 -1.8731272228752121e-09 -1.4599199218987440e-09 -1.1062508741274200e-09 -7.8549188871336842e-10 -4.9863092926624589e-10 -1.3297551017727486e-10 
