8.676787849975e-10 2.173883998523e-09 2.964797173603e-09 3.481208730107e-09 3.855695110225e-09 4.153462091942e-09 4.408574805426e-09 4.643417358017e-09 4.881740629068e-09 5.208103202647e-09 
6.680908519638e-11 5.387580652465e-10 1.281532530194e-09 1.986232024498e-09 2.555919028804e-09 3.014609572923e-09 3.406610834081e-09 3.767159567693e-09 4.133021740888e-09 4.634046210425e-09 
4.042232191744e-12 8.335685163748e-11 3.837082427595e-10 9.108791507455e-10 1.499292617853e-09 2.022719306968e-09 2.473151605556e-09 2.885679837903e-09 3.303818051294e-09 3.876382165616e-09 
-1.644498587883e-13 1.595260799330e-12 5.329078588356e-11 2.794907205336e-10 7.129653835142e-10 1.224692130636e-09 1.708438890571e-09 2.154781967898e-09 2.605053887847e-09 3.220959942764e-09 
-7.066541120495e-14 -2.184044511229e-12 -5.923957281508e-12 3.696094210271e-11 2.285391057062e-10 5.988066781572e-10 1.062316096876e-09 1.533063464585e-09 2.008789449802e-09 2.655601120006e-09 
-6.612983543944e-15 -4.134292612954e-13 -3.579011571829e-12 -7.017517341900e-12 2.763405807020e-11 1.844770494639e-10 5.178837296772e-10 9.756443170408e-10 1.477674479849e-09 2.151354292431e-09 
-2.554217149289e-16 -3.276072595050e-14 -5.844279386207e-13 -3.828043322238e-12 -1.018284058625e-11 6.426192379587e-12 1.328868721063e-10 4.648015821780e-10 9.742001720030e-10 1.683641353830e-09 
-3.941897175168e-18 -1.156441751349e-15 -4.182637754187e-14 -5.695370822114e-13 -4.022974498325e-12 -1.559283005900e-11 -2.397899328740e-11 6.594984196294e-11 4.479557085328e-10 1.213905962574e-09 
-1.634911131498e-20 -1.156419221142e-17 -8.590933162664e-16 -2.296678664827e-14 -3.312838786531e-13 -3.036215907096e-12 -1.832255535588e-11 -6.438115162177e-11 -3.534980384588e-11 6.608387353688e-10 
-3.274749206850e-24 -6.290784505612e-21 -1.119106271111e-18 -6.788979605165e-17 -2.203267751927e-15 -4.747910398019e-14 -7.563466095865e-13 -9.161901165595e-12 -7.583697827146e-11 -1.206725813360e-11 
