-2.0433321396389582e-09 3.9621534529186765e-09 5.5200467832481525e-09 6.4476872558738861e-09 7.1116133806704536e-09 7.6387746041352189e-09 8.0903717829688866e-09 8.5060825082849997e-09 8.9279529792773742e-09 9.5057077437707869e-09 
-8.8953085344096964e-09 -2.9974706647523421e-10 1.9331551811748736e-09 3.2975900574346840e-09 4.2756605442574730e-09 5.0425694154489000e-09 5.6952181595740820e-09 6.2952374608348210e-09 6.9040814992359429e-09 7.7378902763784391e-09 
-1.2468514171427039e-08 -2.7082601607825313e-09 -2.4803399704117118e-10 1.2813994655172254e-09 2.4340152149518777e-09 3.3361101707365561e-09 4.0862439933910695e-09 4.7690395319004674e-09 5.4606870438105917e-09 6.4077786524585280e-09 
-1.5124443137350114e-08 -4.4965956993032110e-09 -1.8357738342645872e-09 -2.5233306683246789e-10 9.7452044291580458e-10 1.9889164757040448e-09 2.8318780255253471e-09 3.5818741997293410e-09 4.3338709576495499e-09 5.3620539364048781e-09 
-1.7387322502202091e-08 -6.0147047313789333e-09 -3.1225007874511785e-09 -1.4461237584281963e-09 -2.2334549121435481e-10 8.2259194378429351e-10 1.7507761889994444e-09 2.5806317207450232e-09 3.3920255118617962e-09 4.4907592319110354e-09 
-1.9504770613160984e-08 -7.4262229126735962e-09 -4.3217187889988803e-09 -2.4990876103105664e-09 -1.2310627137176052e-09 -2.1210914598703171e-10 7.3470257338096171e-10 1.6518232088706156e-09 2.5461205784524662e-09 3.7183660953101414e-09 
-2.1637430813379572e-08 -8.8289321540692438e-09 -5.5274890079335778e-09 -3.5629823163344695e-09 -2.1836629403838351e-09 -1.1346902834028078e-09 -2.3282201644213985e-10 6.9744744652679901e-10 1.7068819458433843e-09 2.9858646445418066e-09 
-2.4005787257727577e-08 -1.0352970557016171e-08 -6.8325547310799742e-09 -4.7290057023925056e-09 -3.2266609923258426e-09 -2.0646986725173354e-09 -1.1366241544861473e-09 -3.0169971590349829e-10 7.3360707513539593e-10 2.2225992846142714e-09 
-2.7599458457987520e-08 -1.2515818624169348e-08 -8.6263562422867567e-09 -6.3010516115582149e-09 -4.6319554725548450e-09 -3.3104577202520059e-09 -2.2106990938525963e-09 -1.3100457224751603e-09 -4.7766762736841603e-10 1.2208922943426242e-09 
-3.5454072469347194e-08 -1.7044098626307409e-08 -1.2296887919089389e-08 -9.4587269987047919e-09 -7.4207483087365773e-09 -5.8004883710783189e-09 -4.4134630360198402e-09 -3.1533171745200040e-09 -2.0150653270973879e-09 -5.9120778722031244e-10 
