4.574193991279e-10 1.187229925078e-09 1.643203756105e-09 1.942939793842e-09 2.160516723186e-09 2.333522572298e-09 2.481742727691e-09 2.618185547651e-09 2.756650636167e-09 2.946266531340e-09 
3.957982978516e-11 3.256831411449e-10 7.842769379241e-10 1.223852738140e-09 1.580566299296e-09 1.867951612813e-09 2.113532554028e-09 2.339400490787e-09 2.568596203235e-09 2.882464855656e-09 
2.469125451502e-12 5.189374367101e-11 2.420003617031e-10 5.791156423344e-10 9.574590258992e-10 1.294670931095e-09 1.584896650018e-09 1.850676900857e-09 2.120066268305e-09 2.488945525535e-09 
-1.101125642220e-13 9.107959638647e-13 3.391187889462e-11 1.801663450071e-10 4.620493192262e-10 7.955447898896e-10 1.110909562673e-09 1.401871349225e-09 1.695380967817e-09 2.096859992639e-09 
-4.598801041250e-14 -1.429803843519e-12 -3.933575142667e-12 2.395941518377e-11 1.491854087106e-10 3.913590176876e-10 6.944558348059e-10 1.002120119015e-09 1.312936453372e-09 1.735551118893e-09 
-4.319908999431e-15 -2.705657035979e-13 -2.343089152367e-12 -4.588229907070e-12 1.811589823092e-11 1.207898115491e-10 3.387629207814e-10 6.371902962237e-10 9.638091076465e-10 1.402102674304e-09 
-1.671477258162e-16 -2.142871381419e-14 -3.819740450472e-13 -2.497521635251e-12 -6.599471999280e-12 4.482343621619e-12 8.723800285756e-11 3.023842485750e-10 6.305289196608e-10 1.086800870611e-09 
-2.576454004110e-18 -7.547466764385e-16 -2.722492110364e-14 -3.691718917746e-13 -2.591510980651e-12 -9.946886711803e-12 -1.490285136399e-11 4.350292127764e-11 2.873404843493e-10 7.716461105296e-10 
-1.061138756159e-20 -7.470084878194e-18 -5.523417150038e-16 -1.469909636934e-14 -2.110531202719e-13 -1.924074146659e-12 -1.152021145727e-11 -3.980896959869e-11 -1.879841578884e-11 4.111925919636e-10 
-2.081058902129e-24 -3.984266710051e-21 -7.062333731006e-19 -4.265840463543e-17 -1.376979150471e-15 -2.946925808376e-14 -4.651395141229e-13 -5.561751233372e-12 -4.522285730459e-11 -4.532709578763e-12 
