5.661595370252e-10 1.454125505547e-09 2.003404831467e-09 2.363638669483e-09 2.625036700186e-09 2.832885492354e-09 3.010958110477e-09 3.174881520177e-09 3.341234378582e-09 3.569002864371e-09 
4.729076743583e-11 3.864135894455e-10 9.264274677191e-10 1.442037359087e-09 1.859841747256e-09 2.196360878608e-09 2.483934627391e-09 2.748428994799e-09 3.016820552838e-09 3.384330074564e-09 
2.919699218334e-12 6.093872403132e-11 2.827073559809e-10 6.743865005443e-10 1.113076747707e-09 1.503670313603e-09 1.839800136774e-09 2.147633067526e-09 2.459648672806e-09 2.886867027882e-09 
-1.256440799913e-13 1.101650743326e-12 3.945409540107e-11 2.087468394450e-10 5.340231964646e-10 9.181979658830e-10 1.281428875397e-09 1.616545002667e-09 1.954597546082e-09 2.416982687923e-09 
-5.312182447447e-14 -1.645992078480e-12 -4.479925996177e-12 2.773847838354e-11 1.717032325982e-10 4.500601527420e-10 7.984877967951e-10 1.152016273760e-09 1.509184124023e-09 1.994813491163e-09 
-4.972898693842e-15 -3.107764294045e-13 -2.690082344487e-12 -5.275200992310e-12 2.082813730020e-11 1.389604082448e-10 3.893002003720e-10 7.317507447879e-10 1.106832450474e-09 1.610161662052e-09 
-1.919611117439e-16 -2.462661451149e-14 -4.389774899222e-13 -2.865981111458e-12 -7.544274872458e-12 5.182714766697e-12 9.981465577766e-11 3.466534430902e-10 7.243849264241e-10 1.249630747357e-09 
-2.961319774364e-18 -8.662764597778e-16 -3.121028237568e-14 -4.232907455975e-13 -2.978663311148e-12 -1.149953754821e-11 -1.745850265079e-11 4.988587439918e-11 3.317682558095e-10 8.914433994302e-10 
-1.216342037024e-20 -8.576871812589e-18 -6.358994752084e-16 -1.696922035991e-14 -2.441321580358e-13 -2.226726721318e-12 -1.331307445368e-11 -4.598363663750e-11 -2.284668989983e-11 4.760003050671e-10 
-2.408524594109e-24 -4.609805123281e-21 -8.163930797645e-19 -4.926928722330e-17 -1.590024255154e-15 -3.406892594042e-14 -5.397218630752e-13 -6.504163816267e-12 -5.348184067532e-11 -6.136928655449e-12 
