1.5782644005712349e-08 6.4639243825860199e-09 4.7166747834900713e-09 3.6727220467050430e-09 2.9231650582785708e-09 2.3278201189699745e-09 1.8193060087218736e-09 1.3546636027506587e-09 8.9069904082290895e-10 2.7102842090261166e-10 
6.4639243825860199e-09 5.7327554964459240e-09 2.3514964563092842e-09 1.8479357810867689e-09 1.4864927641027643e-09 1.1994380835839541e-09 9.5420518256270893e-10 7.3008352829690422e-10 5.0632737688007549e-10 2.0834779185547376e-10 
4.7166747834900713e-09 2.3514964563092842e-09 4.2802330169009691e-09 1.3774251654556760e-09 1.1159665468334000e-09 9.0833160064240335e-10 7.3092757356027811e-10 5.6877237156006863e-10 4.0690157920307685e-10 1.9179809397190944e-10 
3.6727220467050430e-09 1.8479357810867689e-09 1.3774251654556760e-09 3.6347739301276879e-09 8.9458389955406810e-10 7.3439460988671218e-10 5.9750982828734002e-10 4.7237517479408196e-10 3.4747808213192315e-10 1.8188903739418096e-10 
2.9231650582785708e-09 1.4864927641027643e-09 1.1159665468334000e-09 8.9458389955406810e-10 3.2742808946648239e-09 6.0970615995137523e-10 5.0192062733540865e-10 4.0336724858175151e-10 3.0502233352751217e-10 1.7499516867668068e-10 
2.3278201189699745e-09 1.1994380835839541e-09 9.0833160064240335e-10 7.3439460988671218e-10 6.0970615995137523e-10 3.0491892627960780e-09 4.2605868574805004e-10 3.4861427310401308e-10 2.7134806276438135e-10 1.6956386958386340e-10 
1.8193060087218736e-09 9.5420518256270893e-10 7.3092757356027811e-10 5.9750982828734002e-10 5.0192062733540865e-10 4.2605868574805004e-10 2.8996693180785567e-09 3.0180548409018887e-10 2.4252136054083598e-10 1.6482978547166147e-10 
1.3546636027506587e-09 7.3008352829690422e-10 5.6877237156006863e-10 4.7237517479408196e-10 4.0336724858175151e-10 3.4861427310401308e-10 3.0180548409018887e-10 2.7974692113724687e-09 2.1619656789969721e-10 1.6041842130245387e-10 
8.9069904082290895e-10 5.0632737688007549e-10 4.0690157920307685e-10 3.4747808213192315e-10 3.0502233352751217e-10 2.7134806276438135e-10 2.4252136054083598e-10 2.1619656789969721e-10 2.7286066123710919e-09 1.5625175014060079e-10 
2.7102842090261166e-10 2.0834779185547376e-10 1.9179809397190944e-10 1.8188903739418096e-10 1.7499516867668068e-10 1.6956386958386340e-10 1.6482978547166147e-10 1.6041842130245387e-10 1.5625175014060079e-10 2.6911470794334210e-09 
