2.302302878204e-09 5.410402144717e-09 7.211893258925e-09 8.380394607164e-09 9.227129030619e-09 9.900397500529e-09 1.047723009403e-08 1.100823081124e-08 1.154710177861e-08 1.228503616741e-08 
1.453953447085e-10 1.152282586624e-09 2.719219556205e-09 4.201003251099e-09 5.398666312855e-09 6.363223016303e-09 7.187581738334e-09 7.945789708548e-09 8.715168841077e-09 9.768783223687e-09 
8.528200203031e-12 1.745479058374e-10 8.020769958601e-10 1.905277704702e-09 3.140581108946e-09 4.242322121516e-09 5.191281033069e-09 6.060413007963e-09 6.941315571363e-09 8.147540548286e-09 
-3.472519736063e-13 3.168156279147e-12 1.106151383513e-10 5.855061064918e-10 1.503582748053e-09 2.595727547025e-09 3.633422799965e-09 4.592318560597e-09 5.559527053402e-09 6.882401275487e-09 
-1.493727354544e-13 -4.668433112428e-12 -1.314852928852e-11 7.661043339192e-11 4.863455093927e-10 1.290116051008e-09 2.309186358686e-09 3.351310250938e-09 4.405605308468e-09 5.838498229331e-09 
-1.412466908175e-14 -8.930023890623e-13 -7.856108293496e-12 -1.623430351010e-11 5.720653222692e-11 4.027693286645e-10 1.153849533111e-09 2.200579434620e-09 3.356748113861e-09 4.908184205703e-09 
-5.554569305020e-16 -7.236909170743e-14 -1.313104351483e-12 -8.789653759723e-12 -2.434959773751e-11 1.026693502834e-11 2.981920995327e-10 1.076654259160e-09 2.296978185699e-09 4.005761443439e-09 
-8.850698165148e-18 -2.641248702139e-15 -9.692139819640e-14 -1.339268188917e-12 -9.634711589212e-12 -3.845192626307e-11 -6.433008621112e-11 1.443773664094e-10 1.092004791973e-09 3.033960232332e-09 
-3.828145906905e-20 -2.745995956657e-17 -2.068553524882e-15 -5.613135236242e-14 -8.231487969081e-13 -7.686341648760e-12 -4.738364588476e-11 -1.713312290923e-10 -1.149960047917e-10 1.732143958887e-09 
-8.214431819914e-24 -1.596350463459e-20 -2.868285606419e-18 -1.755918159476e-16 -5.749898336463e-15 -1.251588519962e-13 -2.020675521935e-12 -2.500710789874e-11 -2.150596934555e-10 -6.281206940089e-11 
