7.327231271346e-08 2.089833080708e-08 4.181056208912e-09 5.494921613517e-10 5.057947802038e-11 3.027266241728e-12 1.011770433917e-13 1.426899787861e-15 4.600640625508e-18 5.362427895041e-22 
2.089833080708e-08 7.927722677902e-08 2.991670912465e-08 9.134678705749e-09 1.733058282998e-09 2.059836155885e-10 1.387454644795e-11 4.108027123447e-13 3.003424782709e-15 9.267077406829e-19 
4.181056208912e-09 2.991670912465e-08 7.247591085754e-08 2.902512873460e-08 1.059038423511e-08 2.274065722170e-09 2.708978192348e-10 1.449776295691e-11 2.068830131181e-13 1.483445111590e-16 
5.494921613517e-10 9.134678705749e-09 2.902512873460e-08 6.617074713707e-08 2.596848807918e-08 9.987361686967e-09 2.071236998334e-09 1.937605945896e-10 5.114295654557e-12 8.071552986079e-15 
5.057947802038e-11 1.733058282998e-09 1.059038423511e-08 2.596848807918e-08 6.073221855714e-08 2.241948644337e-08 8.236321207777e-09 1.374530246921e-09 6.754875523600e-11 2.337102049187e-13 
3.027266241728e-12 2.059836155885e-10 2.274065722170e-09 9.987361686967e-09 2.241948644337e-08 5.600810216402e-08 1.860289158979e-08 5.792489521824e-09 5.573178469920e-10 4.449485744193e-12 
1.011770433917e-13 1.387454644795e-11 2.708978192348e-10 2.071236998334e-09 8.236321207777e-09 1.860289158979e-08 5.171719344711e-08 1.452230059329e-08 2.980431896467e-09 6.148115010623e-11 
1.426899787861e-15 4.108027123447e-13 1.449776295691e-11 1.937605945896e-10 1.374530246921e-09 5.792489521824e-09 1.452230059329e-08 4.756586975125e-08 9.713847987934e-09 6.275450170956e-10 
4.600640625508e-18 3.003424782709e-15 2.068830131181e-13 5.114295654557e-12 6.754875523600e-11 5.573178469920e-10 2.980431896467e-09 9.713847987934e-09 4.322393837308e-08 4.312517008490e-09 
5.362427895041e-22 9.267077406829e-19 1.483445111590e-16 8.071552986079e-15 2.337102049187e-13 4.449485744193e-12 6.148115010623e-11 6.275450170956e-10 4.312517008490e-09 3.657540891769e-08 
