1.936520658282e-06 8.089544032295e-07 1.642149211670e-07 2.272258496781e-08 2.177612473929e-09 1.329662826306e-10 4.540715908343e-12 6.718031472159e-14 2.389381460880e-16 3.246652085867e-20 
8.089544032295e-07 2.021762551341e-06 1.218877390741e-06 3.890006652564e-07 7.562686089525e-08 9.147977023542e-09 6.350623464063e-10 1.999152489938e-11 1.615840692170e-13 5.751117718370e-17 
1.642149211670e-07 1.218877390741e-06 1.903643410431e-06 1.260267199328e-06 4.670087568611e-07 1.023602388270e-07 1.268948603455e-08 7.287122748553e-10 1.148145320032e-11 9.419846712678e-15 
2.272258496781e-08 3.890006652564e-07 1.260267199328e-06 1.698520788658e-06 1.160325380550e-06 4.585968522344e-07 9.989319049115e-08 1.007073344664e-08 2.924237210784e-10 5.241569308967e-13 
2.177612473929e-09 7.562686089525e-08 4.670087568611e-07 1.160325380550e-06 1.513184732982e-06 1.061549733470e-06 4.124684092413e-07 7.412547975024e-08 3.984205947462e-09 1.552225499406e-11 
1.329662826306e-10 9.147977023542e-09 1.023602388270e-07 4.585968522344e-07 1.061549733470e-06 1.404637231705e-06 9.761021252714e-07 3.257736269205e-07 3.404255115025e-08 3.025383530600e-10 
4.540715908343e-12 6.350623464063e-10 1.268948603455e-08 9.989319049115e-08 4.124684092413e-07 9.761021252714e-07 1.331245960325e-06 8.575274700073e-07 1.897580851098e-07 4.289956706982e-09 
6.718031472159e-14 1.999152489938e-11 7.287122748553e-10 1.007073344664e-08 7.412547975024e-08 3.257736269205e-07 8.575274700073e-07 1.239324233664e-06 6.498623578433e-07 4.515724854783e-08 
2.389381460880e-16 1.615840692170e-13 1.148145320032e-11 2.924237210784e-10 3.984205947462e-09 3.404255115025e-08 1.897580851098e-07 6.498623578433e-07 1.091120313609e-06 3.232756368405e-07 
3.246652085867e-20 5.751117718370e-17 9.419846712678e-15 5.241569308967e-13 1.552225499406e-11 3.025383530600e-10 4.289956706982e-09 4.515724854783e-08 3.232756368405e-07 6.933996144415e-07 
