1.341985324840e-07 4.447007942530e-08 8.461320101727e-09 1.073591060416e-09 9.625885292031e-11 5.656474520752e-12 1.865468021759e-13 2.601642573944e-15 8.398964459229e-18 9.830934867972e-22 
4.447007942530e-08 1.324027987703e-07 5.894782951389e-08 1.752726890487e-08 3.258041764058e-09 3.819430340607e-10 2.541408875324e-11 7.485298571090e-13 5.484944271163e-15 1.706117217657e-18 
8.461320101727e-09 5.894782951389e-08 1.134550267235e-07 5.482554898432e-08 1.973092902516e-08 4.189035967202e-09 4.943750058822e-10 2.643987289438e-11 3.777361399949e-13 2.745447139597e-16 
1.073591060416e-09 1.752726890487e-08 5.482554898432e-08 9.906189007177e-08 4.799419923806e-08 1.828366282034e-08 3.774503372558e-09 3.536839371497e-10 9.339548555971e-12 1.502777903420e-14 
9.625885292031e-11 3.258041764058e-09 1.973092902516e-08 4.799419923806e-08 8.783119482801e-08 4.087522822516e-08 1.501869410112e-08 2.509963669124e-09 1.235438873623e-10 4.379182748912e-13 
5.656474520752e-12 3.819430340607e-10 4.189035967202e-09 1.828366282034e-08 4.087522822516e-08 7.888571777153e-08 3.396402841912e-08 1.057669475426e-08 1.023585621801e-09 8.392544592635e-12 
1.865468021759e-13 2.541408875324e-11 4.943750058822e-10 3.774503372558e-09 1.501869410112e-08 3.396402841912e-08 7.113457198655e-08 2.656285658007e-08 5.521127442866e-09 1.167471953385e-10 
2.601642573944e-15 7.485298571090e-13 2.643987289438e-11 3.536839371497e-10 2.509963669124e-09 1.057669475426e-08 2.656285658007e-08 6.392510071732e-08 1.823721933206e-08 1.200367209556e-09 
8.398964459229e-18 5.484944271163e-15 3.777361399949e-13 9.339548555971e-12 1.235438873623e-10 1.023585621801e-09 5.521127442866e-09 1.823721933206e-08 5.681538487504e-08 8.363283577244e-09 
9.830934867972e-22 1.706117217657e-18 2.745447139597e-16 1.502777903420e-14 4.379182748912e-13 8.392544592635e-12 1.167471953385e-10 1.200367209556e-09 8.363283577244e-09 4.515839256672e-08 
