6.316185618052e-08 1.659294247715e-08 3.368466745879e-09 4.479166811287e-10 4.160661352685e-11 2.508784596359e-12 8.454149445829e-14 1.196315761016e-15 3.887174963219e-18 4.529627605910e-22 
1.659294247715e-08 6.925148794887e-08 2.431134185355e-08 7.494545421992e-09 1.432018096408e-09 1.715594281471e-10 1.161684105262e-11 3.451551023949e-13 2.542765203495e-15 7.825824064183e-19 
3.368466745879e-09 2.431134185355e-08 6.448308319400e-08 2.393787774980e-08 8.792895561388e-09 1.900508401412e-09 2.270812616236e-10 1.221482396700e-11 1.752198998438e-13 1.253366540806e-16 
4.479166811287e-10 7.494545421992e-09 2.393787774980e-08 5.969172116185e-08 2.167001170074e-08 8.363812437177e-09 1.739218577335e-09 1.636907313955e-10 4.328817672588e-12 6.827787491456e-15 
4.160661352685e-11 1.432018096408e-09 8.792895561388e-09 2.167001170074e-08 5.543517384780e-08 1.880346091939e-08 6.936999332271e-09 1.163496342009e-09 5.711242904047e-11 1.980188631726e-13 
2.508784596359e-12 1.715594281471e-10 1.900508401412e-09 8.363812437177e-09 1.880346091939e-08 5.159880070943e-08 1.572684218345e-08 4.904608390560e-09 4.708031463392e-10 3.776046294323e-12 
8.454149445829e-14 1.161684105262e-11 2.270812616236e-10 1.739218577335e-09 6.936999332271e-09 1.572684218345e-08 4.811671211701e-08 1.227774444069e-08 2.519117951353e-09 5.221269283820e-11 
1.196315761016e-15 3.451551023949e-13 1.221482396700e-11 1.636907313955e-10 1.163496342009e-09 4.904608390560e-09 1.227774444069e-08 4.456119147842e-08 8.233997514244e-09 5.317651708364e-10 
3.887174963219e-18 2.542765203495e-15 1.752198998438e-13 4.328817672588e-12 5.711242904047e-11 4.708031463392e-10 2.519117951353e-09 8.233997514244e-09 4.094520995486e-08 3.626404884761e-09 
4.529627605910e-22 7.825824064183e-19 1.253366540806e-16 6.827787491456e-15 1.980188631726e-13 3.776046294323e-12 5.221269283820e-11 5.317651708364e-10 3.626404884761e-09 3.519978473963e-08 
