2.771723957340e-09 3.433397838518e-10 3.835096768069e-10 4.077386069859e-10 4.251287586689e-10 4.389538901272e-10 4.508011427830e-10 4.617073868836e-10 4.727752754002e-10 4.879259340007e-10 
3.433397838518e-10 3.117899310444e-09 6.904350913492e-10 7.604369789905e-10 8.106800744277e-10 8.505460661200e-10 8.847093563473e-10 9.161621729458e-10 9.480816068554e-10 9.917812400433e-10 
3.835096768069e-10 6.904350913492e-10 3.401563291250e-09 9.819495284727e-10 1.068830541037e-09 1.137431060194e-09 1.196092628687e-09 1.250100951269e-09 1.304915911906e-09 1.379966342533e-09 
4.077386069859e-10 7.604369789905e-10 9.819495284727e-10 3.689174427017e-09 1.281658358838e-09 1.385967185902e-09 1.474564766657e-09 1.555928226398e-09 1.638510197097e-09 1.751595579851e-09 
4.251287586689e-10 8.106800744277e-10 1.068830541037e-09 1.281658358838e-09 3.999598349845e-09 1.610551845436e-09 1.737754344752e-09 1.853617055322e-09 1.970963517145e-09 2.131719679017e-09 
4.389538901272e-10 8.505460661200e-10 1.137431060194e-09 1.385967185902e-09 1.610551845436e-09 4.349258069002e-09 1.987251197526e-09 2.147437946978e-09 2.308027288157e-09 2.527891649141e-09 
4.508011427830e-10 8.847093563473e-10 1.196092628687e-09 1.474564766657e-09 1.737754344752e-09 1.987251197526e-09 4.760461062985e-09 2.441831047687e-09 2.658625274754e-09 2.952014552405e-09 
4.617073868836e-10 9.161621729458e-10 1.250100951269e-09 1.555928226398e-09 1.853617055322e-09 2.147437946978e-09 2.441831047687e-09 5.278062028465e-09 3.039724270311e-09 3.426834698737e-09 
4.727752754002e-10 9.480816068554e-10 1.304915911906e-09 1.638510197097e-09 1.970963517145e-09 2.308027288157e-09 2.658625274754e-09 3.039724270311e-09 6.012298165353e-09 4.015696468352e-09 
4.879259340007e-10 9.917812400433e-10 1.379966342533e-09 1.751595579851e-09 2.131719679017e-09 2.527891649141e-09 2.952014552405e-09 3.426834698737e-09 4.015696468352e-09 7.537074994506e-09 
