2.541591523300e-09 5.336774400273e-12 6.233298737283e-12 6.776286399212e-12 7.165943695358e-12 7.475707314159e-12 7.741158162943e-12 7.985525260042e-12 8.233514301734e-12 8.573014377774e-12 
5.336774400273e-12 2.549370698479e-09 1.383183665221e-11 1.570874145568e-11 1.705599445482e-11 1.812468805780e-11 1.904054381848e-11 1.988375012131e-11 2.073946646506e-11 2.191105679329e-11 
6.233298737283e-12 1.383183665221e-11 2.557167791732e-09 2.210311121058e-11 2.460438805973e-11 2.657903328069e-11 2.826775744107e-11 2.982260056248e-11 3.140065684353e-11 3.356134614120e-11 
6.776286399212e-12 1.570874145568e-11 2.210311121058e-11 2.565578710778e-09 3.100063934156e-11 3.410965141530e-11 3.675191431029e-11 3.917928914714e-11 4.164300779101e-11 4.501676876465e-11 
7.165943695358e-12 1.705599445482e-11 2.460438805973e-11 3.100063934156e-11 2.574908628435e-09 4.095035160271e-11 4.480010551799e-11 4.831212496809e-11 5.187064685478e-11 5.674517275325e-11 
7.475707314159e-12 1.812468805780e-11 2.657903328069e-11 3.410965141530e-11 4.095035160271e-11 2.585496939475e-09 5.234473908415e-11 5.718932477153e-11 6.205914852116e-11 6.872727435994e-11 
7.741158162943e-12 1.904054381848e-11 2.826775744107e-11 3.675191431029e-11 4.480010551799e-11 5.234473908415e-11 2.597821545872e-09 6.587102301416e-11 7.235017642077e-11 8.114791355861e-11 
7.985525260042e-12 1.988375012131e-11 2.982260056248e-11 3.917928914714e-11 4.831212496809e-11 5.718932477153e-11 6.587102301416e-11 2.612968039466e-09 8.319010574128e-11 9.460524631332e-11 
8.233514301734e-12 2.073946646506e-11 3.140065684353e-11 4.164300779101e-11 5.187064685478e-11 6.205914852116e-11 7.235017642077e-11 8.319010574128e-11 2.633694908062e-09 1.106637337592e-10 
8.573014377774e-12 2.191105679329e-11 3.356134614120e-11 4.501676876465e-11 5.674517275325e-11 6.872727435994e-11 8.114791355861e-11 9.460524631332e-11 1.106637337592e-10 2.674558303471e-09 
