2.565924221508e-09 4.399441041305e-11 5.023630527069e-11 5.400188513638e-11 5.670491670682e-11 5.885387042960e-11 6.069537691623e-11 6.239061311714e-11 6.411097505834e-11 6.646607760573e-11 
4.399441041305e-11 2.619868927265e-09 9.927040676352e-11 1.105037133414e-10 1.185703803006e-10 1.249743713247e-10 1.304623555884e-10 1.355147940797e-10 1.406421645037e-10 1.476619993222e-10 
5.023630527069e-11 9.927040676352e-11 2.665348393782e-09 1.455912552654e-10 1.592441277625e-10 1.700449293335e-10 1.792872628477e-10 1.877964172554e-10 1.964323315769e-10 2.082563288257e-10 
5.400188513638e-11 1.105037133414e-10 1.455912552654e-10 2.710025898604e-09 1.914396207926e-10 2.072862308542e-10 2.207804199064e-10 2.331833389486e-10 2.457714541976e-10 2.630084418014e-10 
5.670491670682e-11 1.185703803006e-10 1.592441277625e-10 1.914396207926e-10 2.756346051033e-09 2.396592930385e-10 2.582386129770e-10 2.752189622455e-10 2.924290464883e-10 3.160011708907e-10 
5.885387042960e-11 1.249743713247e-10 1.700449293335e-10 2.072862308542e-10 2.396592930385e-10 2.806284236901e-09 2.924043930913e-10 3.148221180290e-10 3.373873440493e-10 3.682828579284e-10 
6.069537691623e-11 1.304623555884e-10 1.792872628477e-10 2.207804199064e-10 2.582386129770e-10 2.924043930913e-10 2.862203002425e-09 3.528857265839e-10 3.818917901415e-10 4.212959595454e-10 
6.239061311714e-11 1.355147940797e-10 1.877964172554e-10 2.331833389486e-10 2.752189622455e-10 3.148221180290e-10 3.528857265839e-10 2.928848150787e-09 4.282075114711e-10 4.778826845580e-10 
6.411097505834e-11 1.406421645037e-10 1.964323315769e-10 2.457714541976e-10 2.924290464883e-10 3.373873440493e-10 3.818917901415e-10 4.282075114711e-10 3.017939993447e-09 5.450624490676e-10 
6.646607760573e-11 1.476619993222e-10 2.082563288257e-10 2.630084418014e-10 3.160011708907e-10 3.682828579284e-10 4.212959595454e-10 4.778826845580e-10 5.450624490676e-10 3.190981896097e-09 
