2.580224430020e-09 6.560738431711e-11 7.446894670712e-11 7.981159700270e-11 8.364676008699e-11 8.669579177601e-11 8.930859988059e-11 9.171387278960e-11 9.415479501457e-11 9.749627099002e-11 
6.560738431711e-11 2.656732575942e-09 1.429275734945e-10 1.583962235333e-10 1.695038177091e-10 1.783223050389e-10 1.858793931177e-10 1.928367099022e-10 1.998972082645e-10 2.095635864642e-10 
7.446894670712e-11 1.429275734945e-10 2.719079490973e-09 2.060589431814e-10 2.246167259470e-10 2.392985040358e-10 2.518618466357e-10 2.634284997178e-10 2.751674560288e-10 2.912399253099e-10 
7.981159700270e-11 1.583962235333e-10 2.060589431814e-10 2.779625760349e-09 2.680122839300e-10 2.894121889241e-10 3.076349227803e-10 3.243833468407e-10 3.413817727675e-10 3.646577683265e-10 
8.364676008699e-11 1.695038177091e-10 2.246167259470e-10 2.680122839300e-10 2.842070089356e-09 3.329284045046e-10 3.579390613572e-10 3.807924546375e-10 4.039532786735e-10 4.356762475293e-10 
8.669579177601e-11 1.783223050389e-10 2.392985040358e-10 2.894121889241e-10 3.329284045046e-10 2.909255618073e-09 4.038641013115e-10 4.340058354219e-10 4.643315873676e-10 5.058511952695e-10 
8.930859988059e-11 1.858793931177e-10 2.518618466357e-10 3.076349227803e-10 3.579390613572e-10 4.038641013115e-10 2.984501613970e-09 4.852943241276e-10 5.243059288726e-10 5.772638633988e-10 
9.171387278960e-11 1.928367099022e-10 2.634284997178e-10 3.243833468407e-10 3.807924546375e-10 4.340058354219e-10 4.852943241276e-10 3.074446908141e-09 5.871016720067e-10 6.539650854803e-10 
9.415479501457e-11 1.998972082645e-10 2.751674560288e-10 3.413817727675e-10 4.039532786735e-10 4.643315873676e-10 5.243059288726e-10 5.871016720067e-10 3.195513145593e-09 7.459611293015e-10 
9.749627099002e-11 2.095635864642e-10 2.912399253099e-10 3.646577683265e-10 4.356762475293e-10 5.058511952695e-10 5.772638633988e-10 6.539650854803e-10 7.459611293015e-10 3.433562985236e-09 
