1.537591472175e-07 5.152855480471e-08 9.719193521113e-09 1.226547772583e-09 1.097159972416e-10 6.432519491264e-12 2.121681738824e-13 2.966399277276e-15 9.569355204850e-18 1.134358273131e-21 
5.152855480471e-08 1.480500237095e-07 6.743064755018e-08 1.998781946852e-08 3.708709235328e-09 4.341234837902e-10 2.895466365558e-11 8.527582110825e-13 6.265761966861e-15 1.968064530110e-18 
9.719193521113e-09 6.743064755018e-08 1.254485025910e-07 6.244753272920e-08 2.243163611430e-08 4.765755039750e-09 5.635883251741e-10 3.010814324067e-11 4.329733745934e-13 3.164190229224e-16 
1.226547772583e-09 1.998781946852e-08 6.244753272920e-08 1.087766855034e-07 5.456562720471e-08 2.083283746100e-08 4.301224234723e-09 4.031104143181e-10 1.073935729478e-11 1.730583138736e-14 
1.097159972416e-10 3.708709235328e-09 2.243163611430e-08 5.456562720471e-08 9.612286058547e-08 4.659757463048e-08 1.710325113147e-08 2.868396224867e-09 1.423912713157e-10 5.042733793860e-13 
6.432519491264e-12 4.341234837902e-10 4.765755039750e-09 2.083283746100e-08 4.659757463048e-08 8.592359810322e-08 3.872813948059e-08 1.214063644708e-08 1.180763568474e-09 9.678476873235e-12 
2.121681738824e-13 2.895466365558e-11 5.635883251741e-10 4.301224234723e-09 1.710325113147e-08 3.872813948059e-08 7.740534018027e-08 3.061671256244e-08 6.363307868719e-09 1.351958582172e-10 
2.966399277276e-15 8.527582110825e-13 3.010814324067e-11 4.031104143181e-10 2.868396224867e-09 1.214063644708e-08 3.061671256244e-08 6.939108649744e-08 2.101834133382e-08 1.401675720191e-09 
9.569355204850e-18 6.265761966861e-15 4.329733745934e-13 1.073935729478e-11 1.423912713157e-10 1.180763568474e-09 6.363307868719e-09 2.101834133382e-08 6.147176968071e-08 9.865635779417e-09 
1.134358273131e-21 1.968064530110e-18 3.164190229224e-16 1.730583138736e-14 5.042733793860e-13 9.678476873235e-12 1.351958582172e-10 1.401675720191e-09 9.865635779417e-09 4.817993507377e-08 
