5.985574014447e-08 1.516080928711e-08 3.094779462858e-09 4.133602659418e-10 3.856222501536e-11 2.333486135319e-12 7.877234937106e-14 1.120266725390e-15 3.638565906758e-18 4.265408184745e-22 
1.516080928711e-08 6.587948380382e-08 2.241283128945e-08 6.935121357480e-09 1.330590956608e-09 1.597012755782e-10 1.085066875817e-11 3.234451587507e-13 2.380286682114e-15 7.372542059064e-19 
3.094779462858e-09 2.241283128945e-08 6.175390529765e-08 2.222131348690e-08 8.181061937987e-09 1.771542423869e-09 2.125318234202e-10 1.144117217617e-11 1.642044440689e-13 1.180279231685e-16 
4.133602659418e-10 6.935121357480e-09 2.222131348690e-08 5.749542164534e-08 2.018290583208e-08 7.814354257827e-09 1.629535564250e-09 1.532420643163e-10 4.063515212900e-12 6.422442166039e-15 
3.856222501536e-11 1.330590956608e-09 8.181061937987e-09 2.018290583208e-08 5.363026598479e-08 1.760980826576e-08 6.498175768439e-09 1.089410426060e-09 5.370858667327e-11 1.859728049828e-13 
2.333486135319e-12 1.597012755782e-10 1.771542423869e-09 7.814354257827e-09 1.760980826576e-08 5.012324273963e-08 1.472144074142e-08 4.599711845649e-09 4.433223666112e-10 3.540698290606e-12 
7.877234937106e-14 1.085066875817e-11 2.125318234202e-10 1.629535564250e-09 6.498175768439e-09 1.472144074142e-08 4.686507835049e-08 1.154696029129e-08 2.371342992422e-09 4.891227897415e-11 
1.120266725390e-15 3.234451587507e-13 1.144117217617e-11 1.532420643163e-10 1.089410426060e-09 4.599711845649e-09 1.154696029129e-08 4.360808032445e-08 7.729652235663e-09 4.986558303359e-10 
3.638565906758e-18 2.380286682114e-15 1.642044440689e-13 4.063515212900e-12 5.370858667327e-11 4.433223666112e-10 2.371342992422e-09 7.729652235663e-09 4.014678949463e-08 3.413307354860e-09 
4.265408184745e-22 7.372542059064e-19 1.180279231685e-16 6.422442166039e-15 1.859728049828e-13 3.540698290606e-12 4.891227897415e-11 4.986558303359e-10 3.413307354860e-09 3.476933973776e-08 
