2.542554627370e-07 8.610787234245e-08 1.590812542744e-08 1.991598329642e-09 1.779765550385e-10 1.048179889783e-11 3.492058822053e-13 4.940444130942e-15 1.622709062349e-17 1.988207214390e-21 
8.610787234245e-08 2.249058339840e-07 1.096374494355e-07 3.241983716281e-08 6.029443675127e-09 7.112633897165e-10 4.792702200651e-11 1.429159058812e-12 1.069089324836e-14 3.476277109446e-18 
1.590812542744e-08 1.096374494355e-07 1.859371020744e-07 1.014039319003e-07 3.662276134500e-08 7.849900857114e-09 9.375964601970e-10 5.075718385263e-11 7.430204023111e-13 5.632260017099e-16 
1.991598329642e-09 3.241983716281e-08 1.014039319003e-07 1.596000118513e-07 8.963563063685e-08 3.450831866352e-08 7.196197604853e-09 6.836274957827e-10 1.854593090396e-11 3.104460645372e-14 
1.779765550385e-10 6.029443675127e-09 3.662276134500e-08 8.963563063685e-08 1.405505410049e-07 7.768833047279e-08 2.881378290130e-08 4.896447498291e-09 2.477875893708e-10 9.117028557938e-13 
1.048179889783e-11 7.112633897165e-10 7.849900857114e-09 3.450831866352e-08 7.768833047279e-08 1.252413579716e-07 6.578853324035e-08 2.089223590890e-08 2.075526110783e-09 1.763884396009e-11 
3.492058822053e-13 4.792702200651e-11 9.375964601970e-10 7.196197604853e-09 2.881378290130e-08 6.578853324035e-08 1.126178279886e-07 5.329516436704e-08 1.133762321466e-08 2.485425283620e-10 
4.940444130942e-15 1.429159058812e-12 5.075718385263e-11 6.836274957827e-10 4.896447498291e-09 2.089223590890e-08 5.329516436704e-08 1.011561014160e-07 3.809256609436e-08 2.605159558075e-09 
1.622709062349e-17 1.069089324836e-14 7.430204023111e-13 1.854593090396e-11 2.477875893708e-10 2.075526110783e-09 1.133762321466e-08 3.809256609436e-08 8.966956188589e-08 1.868139037467e-08 
1.988207214390e-21 3.476277109446e-18 5.632260017099e-16 3.104460645372e-14 9.117028557938e-13 1.763884396009e-11 2.485425283620e-10 2.605159558075e-09 1.868139037467e-08 6.756862843327e-08 
