5.692824493433e-07 1.989455540034e-07 3.767911133463e-08 4.882229461576e-09 4.527735534463e-10 2.775496591768e-11 9.622939410715e-13 1.424565527518e-14 4.986643334475e-17 6.477585268687e-21 
1.989455540034e-07 4.914893855777e-07 2.661843438428e-07 8.144771418002e-08 1.572331471753e-08 1.927230904500e-09 1.349136935987e-10 4.219501930146e-12 3.345040642832e-14 1.139929593018e-17 
3.767911133463e-08 2.661843438428e-07 4.223835359314e-07 2.616755527425e-07 9.781283211391e-08 2.169594883492e-08 2.691808828608e-09 1.529946258138e-10 2.356084673911e-12 1.859181191957e-15 
4.882229461576e-09 8.144771418002e-08 2.616755527425e-07 3.773314030484e-07 2.453035784583e-07 9.741341634921e-08 2.111081083289e-08 2.100839353557e-09 5.943852888696e-11 1.032591338635e-13 
4.527735534463e-10 1.572331471753e-08 9.781283211391e-08 2.453035784583e-07 3.436454896968e-07 2.249150067288e-07 8.665067571560e-08 1.533063742909e-08 8.016173266482e-10 3.060642353318e-12 
2.775496591768e-11 1.927230904500e-09 2.169594883492e-08 9.741341634921e-08 2.249150067288e-07 3.179274246639e-07 2.032244754487e-07 6.656618479572e-08 6.778685187343e-09 5.991901019632e-11 
9.622939410715e-13 1.349136935987e-10 2.691808828608e-09 2.111081083289e-08 8.665067571560e-08 2.032244754487e-07 2.956737009078e-07 1.724594690752e-07 3.747853705497e-08 8.580290397051e-10 
1.424565527518e-14 4.219501930146e-12 1.529946258138e-10 2.100839353557e-09 1.533063742909e-08 6.656618479572e-08 1.724594690752e-07 2.680247998478e-07 1.284236840602e-07 9.206302964333e-09 
4.986643334475e-17 3.345040642832e-14 2.356084673911e-12 5.943852888696e-11 8.016173266482e-10 6.778685187343e-09 3.747853705497e-08 1.284236840602e-07 2.427818917292e-07 6.812250882718e-08 
6.477585268687e-21 1.139929593018e-17 1.859181191957e-15 1.032591338635e-13 3.060642353318e-12 5.991901019632e-11 8.580290397051e-10 9.206302964333e-09 6.812250882718e-08 1.740335892563e-07 
