1.5837489847967951e-08 6.4902780937668101e-09 4.7357520275931369e-09 3.6874709505439058e-09 2.9348166311182445e-09 2.3370190627962967e-09 1.8264176054719017e-09 1.3598796463017482e-09 8.9404771661755963e-10 2.7194205044422791e-10 
6.4902780937668101e-09 5.7455894641976598e-09 2.3608772631972938e-09 1.8552624923712935e-09 1.4923501223821377e-09 1.2041320698244098e-09 9.5790884802443327e-10 7.3288765008169961e-10 5.0824573834281574e-10 2.0911771601749024e-10 
4.7357520275931369e-09 2.3608772631972938e-09 4.2871369264772337e-09 1.3828556719121767e-09 1.1203433236347613e-09 9.1187413887415808e-10 7.3375985415151838e-10 5.7095937172662832e-10 4.0845336915420306e-10 1.9252976535252258e-10 
3.6874709505439058e-09 1.8552624923712935e-09 1.3828556719121767e-09 3.6390764709186267e-09 8.9807994994957130e-10 7.3725216522179984e-10 5.9982367534027867e-10 4.7419495466182462e-10 3.4881165195850335e-10 1.8259771230817145e-10 
2.9348166311182445e-09 1.4923501223821377e-09 1.1203433236347613e-09 8.9807994994957130e-10 3.2771474973127483e-09 6.1207444415306640e-10 5.0386440856680418e-10 4.0492516434817675e-10 3.0620066975791745e-10 1.7568832642347255e-10 
2.3370190627962967e-09 1.2041320698244098e-09 9.1187413887415808e-10 7.3725216522179984e-10 6.1207444415306640e-10 3.0511703162174516e-09 4.2770971630080013e-10 3.4996509647918366e-10 2.7240367429556719e-10 1.7024489311611620e-10 
1.8264176054719017e-09 9.5790884802443327e-10 7.3375985415151838e-10 5.9982367534027867e-10 5.0386440856680418e-10 4.2770971630080013e-10 2.9010708519335831e-09 3.0297986020823266e-10 2.4347219362952395e-10 1.6549992363506630e-10 
1.3598796463017482e-09 7.3288765008169961e-10 5.7095937172662832e-10 4.7419495466182462e-10 4.0492516434817675e-10 3.4996509647918366e-10 3.0297986020823266e-10 2.7984831819349456e-09 2.1705245192785712e-10 1.6107812769169216e-10 
8.9404771661755963e-10 5.0824573834281574e-10 4.0845336915420306e-10 3.4881165195850335e-10 3.0620066975791745e-10 2.7240367429556719e-10 2.4347219362952395e-10 2.1705245192785712e-10 2.7293707534178117e-09 1.5690298439564970e-10 
2.7194205044422791e-10 2.0911771601749024e-10 1.9252976535252258e-10 1.8259771230817145e-10 1.7568832642347255e-10 1.7024489311611620e-10 1.6549992363506630e-10 1.6107812769169216e-10 1.5690298439564970e-10 2.6918023078643875e-09 
