2.585518597496e-09 7.347103746124e-11 8.324534851769e-11 8.913744680540e-11 9.336704344354e-11 9.672966068143e-11 9.961118894119e-11 1.022638381520e-10 1.049558070549e-10 1.086420673387e-10 
7.347103746124e-11 2.669882263616e-09 1.584182447632e-10 1.753475974568e-10 1.875040658341e-10 1.971552748258e-10 2.054259553521e-10 2.130402310861e-10 2.207674403019e-10 2.313489813862e-10 
8.324534851769e-11 1.584182447632e-10 2.738043973006e-09 2.273541930852e-10 2.476093511971e-10 2.636335253942e-10 2.773454027462e-10 2.899694621867e-10 3.027815977745e-10 3.203267247731e-10 
8.913744680540e-11 1.753475974568e-10 2.273541930852e-10 2.804091306605e-09 2.948996903616e-10 3.182278613256e-10 3.380915731931e-10 3.563477531040e-10 3.748764614830e-10 4.002520530135e-10 
9.336704344354e-11 1.875040658341e-10 2.476093511971e-10 2.948996903616e-10 2.872147809925e-09 3.656427576097e-10 3.929005023606e-10 4.178042204417e-10 4.430421383961e-10 4.776152382553e-10 
9.672966068143e-11 1.971552748258e-10 2.636335253942e-10 3.182278613256e-10 3.656427576097e-10 2.945389399073e-09 4.429988411714e-10 4.758688664959e-10 5.089326483753e-10 5.542063012771e-10 
9.961118894119e-11 2.054259553521e-10 2.773454027462e-10 3.380915731931e-10 3.929005023606e-10 4.429988411714e-10 3.027516322079e-09 5.319336882881e-10 5.745227962271e-10 6.323295558115e-10 
1.022638381520e-10 2.130402310861e-10 2.899694621867e-10 3.563477531040e-10 4.178042204417e-10 4.758688664959e-10 5.319336882881e-10 3.125879995378e-09 6.433647029239e-10 7.164576258364e-10 
1.049558070549e-10 2.207674403019e-10 3.027815977745e-10 3.748764614830e-10 4.430421383961e-10 5.089326483753e-10 5.745227962271e-10 6.433647029239e-10 3.258693150653e-09 8.177128385949e-10 
1.086420673387e-10 2.313489813862e-10 3.203267247731e-10 4.002520530135e-10 4.776152382553e-10 5.542063012771e-10 6.323295558115e-10 7.164576258364e-10 8.177128385949e-10 3.520989454807e-09 
