2.0663069941029269e-08 8.8670205012722096e-09 6.4814112940407575e-09 5.0560094352907836e-09 4.0325339389472722e-09 3.2195655008844075e-09 2.5250448664159019e-09 1.8901939821603509e-09 1.2558290980989790e-09 4.0921109505577999e-10 
8.8670205012722096e-09 6.9312414287191080e-09 3.2395122008861437e-09 2.5504328866883163e-09 2.0558103945859456e-09 1.6629548579564586e-09 1.3272749070974634e-09 1.0203682300765018e-09 7.1373156190759812e-10 3.0561886552961023e-10 
6.4814112940407575e-09 3.2395122008861437e-09 4.9422563036785494e-09 1.9044087402327879e-09 1.5460259266606400e-09 1.2613961952397094e-09 1.0181631152362410e-09 7.9574535124094084e-10 5.7354117034261822e-10 2.7839795736810118e-10 
5.0560094352907836e-09 2.5504328866883163e-09 1.9044087402327879e-09 4.0568859517599876e-09 1.2414392749790101e-09 1.0214666524047885e-09 8.3346134635926798e-10 6.6152174044384568e-10 4.8976413706815263e-10 2.6211737251544910e-10 
4.0325339389472722e-09 2.0558103945859456e-09 1.5460259266606400e-09 1.2414392749790101e-09 3.5614499125358129e-09 8.4946053683168092e-10 7.0111920639998916e-10 5.6542549951012006e-10 4.2989706984703969e-10 2.5072907537844680e-10 
3.2195655008844075e-09 1.6629548579564586e-09 1.2613961952397094e-09 1.0214666524047885e-09 8.4946053683168092e-10 3.2513624507085308e-09 5.9607595614471028e-10 4.8916860299095352e-10 3.8240404478940025e-10 2.4174064950945676e-10 
2.5250448664159019e-09 1.3272749070974634e-09 1.0181631152362410e-09 8.3346134635926798e-10 7.0111920639998916e-10 5.9607595614471028e-10 3.0447171965056956e-09 4.2396066388897021e-10 3.4174021134236116e-10 2.3393086310441069e-10 
1.8901939821603509e-09 1.0203682300765018e-09 7.9574535124094084e-10 6.6152174044384568e-10 5.6542549951012006e-10 4.8916860299095352e-10 4.2396066388897021e-10 2.9027637859928242e-09 3.0457664574159776e-10 2.2666827825017383e-10 
1.2558290980989790e-09 7.1373156190759812e-10 5.7354117034261822e-10 4.8976413706815263e-10 4.2989706984703969e-10 3.8240404478940025e-10 3.4174021134236116e-10 3.0457664574159776e-10 2.8061767524510765e-09 2.1969360419510720e-10 
4.0921109505577999e-10 3.0561886552961023e-10 2.7839795736810118e-10 2.6211737251544910e-10 2.5072907537844680e-10 2.4174064950945676e-10 2.3393086310441069e-10 2.2666827825017383e-10 2.1969360419510720e-10 2.7514363836993624e-09 
