2.6578180166912461e-08 1.1792736053020152e-08 8.6366713545199251e-09 6.7508304541350760e-09 5.3967061862620455e-09 4.3210196581094255e-09 3.4018935704031286e-09 2.5614192172259206e-09 1.7210712909743752e-09 6.0052785524830158e-10 
1.1792736053020152e-08 8.3954432674778184e-09 4.3269701210292068e-09 3.4127431340420272e-09 2.7564814822964878e-09 2.2352018332733679e-09 1.7897075649644464e-09 1.3822413957931203e-09 9.7485736252299962e-10 4.3303432980215474e-10 
8.6366713545199251e-09 4.3269701210292068e-09 5.7544279286557389e-09 2.5520653292890254e-09 2.0755912136027220e-09 1.6971400680905176e-09 1.3736716669487084e-09 1.0777674351452760e-09 7.8193300230611641e-10 3.8920931809190026e-10 
6.7508304541350760e-09 3.4127431340420272e-09 2.5520653292890254e-09 4.5762677042793751e-09 1.6687583242953803e-09 1.3756419848612610e-09 1.1250764147285552e-09 8.9582909864915938e-10 6.6664690644123631e-10 3.6301142169998322e-10 
5.3967061862620455e-09 2.7564814822964878e-09 2.0755912136027220e-09 1.6687583242953803e-09 3.9154091389409223e-09 1.1451346047955767e-09 9.4692839542630753e-10 7.6554593418530174e-10 5.8423266045164043e-10 3.4458550288969458e-10 
4.3210196581094255e-09 2.2352018332733679e-09 1.6971400680905176e-09 1.3756419848612610e-09 1.1451346047955767e-09 3.5005642154805891e-09 8.0550660840171969e-10 6.6214125019407191e-10 5.1883692063927141e-10 3.3001669601525954e-10 
3.4018935704031286e-09 1.7897075649644464e-09 1.3736716669487084e-09 1.1250764147285552e-09 9.4692839542630753e-10 8.0550660840171969e-10 3.2230134196171059e-09 5.7369913123161842e-10 4.6283560861472850e-10 3.1739384170912107e-10 
2.5614192172259206e-09 1.3822413957931203e-09 1.0777674351452760e-09 8.9582909864915938e-10 7.6554593418530174e-10 6.6214125019407191e-10 5.7369913123161842e-10 3.0311981035120251e-09 4.1161552626028043e-10 3.0567693488430196e-10 
1.7210712909743752e-09 9.7485736252299962e-10 7.8193300230611641e-10 6.6664690644123631e-10 5.8423266045164043e-10 5.1883692063927141e-10 4.6283560861472850e-10 4.1161552626028043e-10 2.8991630690197335e-09 2.9427349968075847e-10 
6.0052785524830158e-10 4.3303432980215474e-10 3.8920931809190026e-10 3.6301142169998322e-10 3.4458550288969458e-10 3.3001669601525954e-10 3.1739384170912107e-10 3.0567693488430196e-10 2.9427349968075847e-10 2.8207641822311209e-09 
