2.5665590576361327e-08 1.1340696133991854e-08 8.3033325683344360e-09 6.4884314154776686e-09 5.1852495704142351e-09 4.1500400130620226e-09 3.2655211955384815e-09 2.4567327883285950e-09 1.6481309121163866e-09 5.6977316710810321e-10 
1.1340696133991854e-08 8.1689804899782542e-09 4.1586571237983528e-09 3.2791821660018521e-09 2.6478700290880882e-09 2.1464134574228919e-09 1.7178708398982843e-09 1.3259294680925427e-09 9.3410200909421590e-10 4.1291176457463656e-10 
8.3033325683344360e-09 4.1586571237983528e-09 5.6286602963207068e-09 2.4517240756083069e-09 1.9935017049985729e-09 1.6295516301056819e-09 1.3184852409104336e-09 1.0339412030998561e-09 7.4949146354105655e-10 3.7184669052154896e-10 
6.4884314154776686e-09 3.2791821660018521e-09 2.4517240756083069e-09 4.4957787932379490e-09 1.6025178347119736e-09 1.3207221847090112e-09 1.0798398929394763e-09 8.5946395576337489e-10 6.3917321111853555e-10 3.4729748229512963e-10 
5.1852495704142351e-09 2.6478700290880882e-09 1.9935017049985729e-09 1.6025178347119736e-09 3.8605406107624012e-09 1.0993015200663315e-09 9.0882586388391212e-10 7.3452744257320732e-10 5.6031488209569137e-10 3.3004336751595310e-10 
4.1500400130620226e-09 2.1464134574228919e-09 1.6295516301056819e-09 1.3207221847090112e-09 1.0993015200663315e-09 3.4619497991969176e-09 7.7307022550711834e-10 6.3536892647015536e-10 4.9774295550343961e-10 3.1640418305438439e-10 
3.2655211955384815e-09 1.7178708398982843e-09 1.3184852409104336e-09 1.0798398929394763e-09 9.0882586388391212e-10 7.7307022550711834e-10 3.1954266361791385e-09 5.5056108115433288e-10 4.4416088794380248e-10 3.0458261043632443e-10 
2.4567327883285950e-09 1.3259294680925427e-09 1.0339412030998561e-09 8.5946395576337489e-10 7.3452744257320732e-10 6.3536892647015536e-10 5.5056108115433288e-10 3.0113929499344831e-09 3.9515853173197907e-10 2.9360696654363995e-10 
1.6481309121163866e-09 9.3410200909421590e-10 7.4949146354105655e-10 6.3917321111853555e-10 5.6031488209569137e-10 4.9774295550343961e-10 4.4416088794380248e-10 3.9515853173197907e-10 2.8849246411123478e-09 2.8294216712946165e-10 
5.6977316710810321e-10 4.1291176457463656e-10 3.7184669052154896e-10 3.4729748229512963e-10 3.3004336751595310e-10 3.1640418305438439e-10 3.0458261043632443e-10 2.9360696654363995e-10 2.8294216712946165e-10 2.8103195107055193e-09 
