1.1180494334376863e-07 5.4325607354378114e-08 4.0163662232612644e-08 3.1699687375848962e-08 2.5622338549711013e-08 2.0793704744855835e-08 1.6665035323443966e-08 1.2884700920255387e-08 9.0983061142268595e-09 4.0750375577446163e-09 
5.4325607354378114e-08 2.9796160773909376e-08 2.0279488983515345e-08 1.6108868216835713e-08 1.3114771731895946e-08 1.0735909174135857e-08 8.7015146575007720e-09 6.8382272638062435e-09 4.9714953486910928e-09 2.4992339092729927e-09 
4.0163662232612644e-08 2.0279488983515345e-08 1.7691313409249573e-08 1.2088772404100922e-08 9.8892854320371998e-09 8.1417699565191524e-09 6.6471247852284113e-09 5.2779172528323436e-09 3.9059372805673199e-09 2.0911322022795124e-09 
3.1699687375848962e-08 1.6108868216835713e-08 1.2088772404100922e-08 1.2224583824812735e-08 7.9615606199611943e-09 6.5913450364035314e-09 5.4192508359182412e-09 4.3453182607846608e-09 3.2690227596269298e-09 1.8471390085246378e-09 
2.5622338549711013e-08 1.3114771731895946e-08 9.8892854320371998e-09 7.9615606199611943e-09 9.1166620647524491e-09 5.4790047423215988e-09 4.5385401496723562e-09 3.6766243413886518e-09 2.8126605071577132e-09 1.6729522254885972e-09 
2.0793704744855835e-08 1.0735909174135857e-08 8.1417699565191524e-09 6.5913450364035314e-09 5.4790047423215988e-09 7.1337465957978495e-09 3.8389330138007300e-09 3.1454491976124067e-09 2.4501316394520271e-09 1.5345977972609996e-09 
1.6665035323443966e-08 8.7015146575007720e-09 6.6471247852284113e-09 5.4192508359182412e-09 4.5385401496723562e-09 3.8389330138007300e-09 5.7786226353645127e-09 2.6908090428529315e-09 2.1395727447737343e-09 1.4155408035135885e-09 
1.2884700920255387e-08 6.8382272638062435e-09 5.2779172528323436e-09 4.3453182607846608e-09 3.6766243413886518e-09 3.1454491976124067e-09 2.6908090428529315e-09 4.8122758396831070e-09 1.8547848872620729e-09 1.3055286272346290e-09 
9.0983061142268595e-09 4.9714953486910928e-09 3.9059372805673199e-09 3.2690227596269298e-09 2.8126605071577132e-09 2.4501316394520271e-09 2.1395727447737343e-09 1.8547848872620729e-09 4.1080893527154543e-09 1.1954554127056562e-09 
4.0750375577446163e-09 2.4992339092729927e-09 2.0911322022795124e-09 1.8471390085246378e-09 1.6729522254885972e-09 1.5345977972609996e-09 1.4155408035135885e-09 1.3055286272346290e-09 1.1954554127056562e-09 3.5983780276977093e-09 
