2.542134610582e-09 6.246641376267e-12 7.287404083583e-12 7.917594259950e-12 8.369842976034e-12 8.729366627553e-12 9.037458701564e-12 9.321080158917e-12 9.608905735657e-12 1.000304593291e-11 
6.246641376267e-12 2.551163398090e-09 1.607244044723e-11 1.823297358640e-11 1.978392108673e-11 2.101428655085e-11 2.206869344361e-11 2.303945653427e-11 2.402462245438e-11 2.537370881013e-11 
7.287404083583e-12 1.607244044723e-11 2.560124923217e-09 2.555372021511e-11 2.841543540526e-11 3.067512867834e-11 3.260777424939e-11 3.438719095051e-11 3.619316824608e-11 3.866632721184e-11 
7.917594259950e-12 1.823297358640e-11 2.555372021511e-11 2.569728703201e-09 3.568920389279e-11 3.922755006597e-11 4.223535271888e-11 4.499870066977e-11 4.780341818436e-11 5.164465354352e-11 
8.369842976034e-12 1.978392108673e-11 2.841543540526e-11 3.568920389279e-11 2.580323304384e-09 4.696452406084e-11 5.132508378000e-11 5.530410064808e-11 5.933603226586e-11 6.485963196784e-11 
8.729366627553e-12 2.101428655085e-11 3.067512867834e-11 3.922755006597e-11 4.696452406084e-11 2.592290281763e-09 5.981812097901e-11 6.528320635312e-11 7.077816039794e-11 7.830299500561e-11 
9.037458701564e-12 2.206869344361e-11 3.260777424939e-11 4.223535271888e-11 5.132508378000e-11 5.981812097901e-11 2.606162050905e-09 7.501884631528e-11 8.230231669523e-11 9.219501787120e-11 
9.321080158917e-12 2.303945653427e-11 3.438719095051e-11 4.499870066977e-11 5.530410064808e-11 6.528320635312e-11 7.501884631528e-11 2.623146716331e-09 9.440800929766e-11 1.072004121673e-10 
9.608905735657e-12 2.402462245438e-11 3.619316824608e-11 4.780341818436e-11 5.933603226586e-11 7.077816039794e-11 8.230231669523e-11 9.440800929766e-11 2.646296690577e-09 1.250700320400e-10 
1.000304593291e-11 2.537370881013e-11 3.866632721184e-11 5.164465354352e-11 6.485963196784e-11 7.830299500561e-11 9.219501787120e-11 1.072004121673e-10 1.250700320400e-10 2.691770478286e-09 
