3.2261287327847850e-08 1.4612359685237939e-08 1.0718240581217752e-08 8.3913033685615264e-09 6.7204292303318597e-09 5.3930618124082582e-09 4.2587381173339787e-09 3.2212061326146970e-09 2.1834126273910826e-09 8.0062994757034311e-10 
1.4612359685237939e-08 9.8096054101531190e-09 5.3788204433647943e-09 4.2480595672753041e-09 3.4363411862342407e-09 2.7915442845708496e-09 2.2404179131426089e-09 1.7361977845624384e-09 1.2318513703262807e-09 5.6148034844933684e-10 
1.0718240581217752e-08 5.3788204433647943e-09 6.5408014822950874e-09 3.1797777148980593e-09 2.5894104425406802e-09 2.1204683551492094e-09 1.7196028794376759e-09 1.3527933605292363e-09 9.8589135690719759e-10 4.9907165247838265e-10 
8.3913033685615264e-09 4.2480595672753041e-09 3.1797777148980593e-09 5.0799105049809419e-09 2.0833512735054553e-09 1.7194807300354791e-09 1.4083910045137030e-09 1.1236862367643826e-09 8.3891235764358352e-10 4.6177078522435964e-10 
6.7204292303318597e-09 3.4363411862342407e-09 2.5894104425406802e-09 2.0833512735054553e-09 4.2588016183356857e-09 1.4319537958977888e-09 1.1853419883420568e-09 9.5959565011440646e-10 7.3380564812820704e-10 4.3544139535572660e-10 
5.3930618124082582e-09 2.7915442845708496e-09 2.1204683551492094e-09 1.7194807300354791e-09 1.4319537958977888e-09 3.7420836846246372e-09 1.0082551116526315e-09 8.2933947392977975e-10 6.5038706888791268e-10 4.1459977601799368e-10 
4.2587381173339787e-09 2.2404179131426089e-09 1.7196028794376759e-09 1.4083910045137030e-09 1.1853419883420568e-09 1.0082551116526315e-09 3.3952351033284003e-09 7.1791392847869045e-10 5.7894481599065457e-10 3.9657343283711275e-10 
3.2212061326146970e-09 1.7361977845624384e-09 1.3527933605292363e-09 1.1236862367643826e-09 9.5959565011440646e-10 8.2933947392977975e-10 7.1791392847869045e-10 3.1543318756252402e-09 5.1356651820912887e-10 3.7985998777199143e-10 
2.1834126273910826e-09 1.2318513703262807e-09 9.8589135690719759e-10 8.3891235764358352e-10 7.3380564812820704e-10 6.5038706888791268e-10 5.7894481599065457e-10 5.1356651820912887e-10 2.9869418421552281e-09 3.6346757024839750e-10 
8.0062994757034311e-10 5.6148034844933684e-10 4.9907165247838265e-10 4.6177078522435964e-10 4.3544139535572660e-10 4.1459977601799368e-10 3.9657343283711275e-10 3.7985998777199143e-10 3.6346757024839750e-10 2.8838975416580725e-09 
