2.552571207227e-09 2.322666147162e-11 2.675804658494e-11 2.889103173547e-11 3.042205411261e-11 3.163922496218e-11 3.268226120083e-11 3.364245014799e-11 3.461687052090e-11 3.595083363326e-11 
2.322666147162e-11 2.583136432083e-09 5.526827558058e-11 6.196513516722e-11 6.677415798395e-11 7.059137440234e-11 7.386261451724e-11 7.687426173806e-11 7.993057697542e-11 8.411500240834e-11 
2.675804658494e-11 5.526827558058e-11 2.610477283865e-09 8.345497031166e-11 9.181990145954e-11 9.843510223619e-11 1.040952961072e-10 1.093065451899e-10 1.145954492123e-10 1.218369145902e-10 
2.889103173547e-11 6.196513516722e-11 8.345497031166e-11 2.638051218675e-09 1.119742905493e-10 1.218552218153e-10 1.302671284270e-10 1.379984599961e-10 1.458452812065e-10 1.565901000638e-10 
3.042205411261e-11 6.677415798395e-11 9.181990145954e-11 1.119742905493e-10 2.667106766949e-09 1.423813692515e-10 1.541057121340e-10 1.648197445361e-10 1.756787597575e-10 1.905521901027e-10 
3.163922496218e-11 7.059137440234e-11 9.843510223619e-11 1.218552218153e-10 1.423813692515e-10 2.698754372641e-09 1.759190297714e-10 1.901739283915e-10 2.045241751838e-10 2.241728873868e-10 
3.268226120083e-11 7.386261451724e-11 1.040952961072e-10 1.302671284270e-10 1.541057121340e-10 1.759190297714e-10 2.734399533456e-09 2.145401905837e-10 2.330709229588e-10 2.582562147421e-10 
3.364245014799e-11 7.687426173806e-11 1.093065451899e-10 1.379984599961e-10 1.648197445361e-10 1.901739283915e-10 2.145401905837e-10 2.776986617166e-09 2.627141224561e-10 2.945792252130e-10 
3.461687052090e-11 7.993057697542e-11 1.145954492123e-10 1.458452812065e-10 1.756787597575e-10 2.045241751838e-10 2.330709229588e-10 2.627141224561e-10 2.833875606572e-09 3.374431645297e-10 
3.595083363326e-11 8.411500240834e-11 1.218369145902e-10 1.565901000638e-10 1.905521901027e-10 2.241728873868e-10 2.582562147421e-10 2.945792252130e-10 3.374431645297e-10 2.943661812577e-09 
