2.543696822596e-09 8.850685338965e-12 1.029806280749e-11 1.117394333800e-11 1.180254758955e-11 1.230227529407e-11 1.273051301747e-11 1.312473699374e-11 1.352480401903e-11 1.407249732131e-11 
8.850685338965e-12 2.556246643981e-09 2.239644800785e-11 2.534063938641e-11 2.745443926772e-11 2.913161219046e-11 3.056891909597e-11 3.189219513052e-11 3.323510119758e-11 3.507370991315e-11 
1.029806280749e-11 2.239644800785e-11 2.568413496855e-09 3.518746608974e-11 3.903139974167e-11 4.206809155836e-11 4.466564013070e-11 4.705722244037e-11 4.948448181773e-11 5.280788668043e-11 
1.117394333800e-11 2.534063938641e-11 3.518746608974e-11 2.581253436623e-09 4.866614781962e-11 5.336148646863e-11 5.735476428381e-11 6.102399367510e-11 6.474811503492e-11 6.984776234531e-11 
1.180254758955e-11 2.745443926772e-11 3.903139974167e-11 4.866614781962e-11 2.595241497823e-09 6.348275208464e-11 6.920778310741e-11 7.443444743966e-11 7.973110300777e-11 8.698624397763e-11 
1.230227529407e-11 2.913161219046e-11 4.206809155836e-11 5.336148646863e-11 6.348275208464e-11 2.610876643665e-09 8.020911609118e-11 8.731996041007e-11 9.447326577285e-11 1.042679744254e-10 
1.273051301747e-11 3.056891909597e-11 4.466564013070e-11 5.735476428381e-11 6.920778310741e-11 8.020911609118e-11 2.628840127235e-09 9.982375811330e-11 1.092288247213e-10 1.220065030471e-10 
1.312473699374e-11 3.189219513052e-11 4.705722244037e-11 6.102399367510e-11 7.443444743966e-11 8.731996041007e-11 9.982375811330e-11 2.650659179587e-09 1.246558889183e-10 1.410636622345e-10 
1.352480401903e-11 3.323510119758e-11 4.948448181773e-11 6.474811503492e-11 7.973110300777e-11 9.447326577285e-11 1.092288247213e-10 1.246558889183e-10 2.680172896167e-09 1.636459631560e-10 
1.407249732131e-11 3.507370991315e-11 5.280788668043e-11 6.984776234531e-11 8.698624397763e-11 1.042679744254e-10 1.220065030471e-10 1.410636622345e-10 1.636459631560e-10 2.737701476713e-09 
