2.543955587011e-09 9.280050281506e-12 1.079346385778e-11 1.170922595536e-11 1.236645786523e-11 1.288894485170e-11 1.333668579979e-11 1.374886396576e-11 1.416715182605e-11 1.473994275231e-11 
9.280050281506e-12 2.557077050418e-09 2.342495670108e-11 2.649401368224e-11 2.869748657066e-11 3.044584889872e-11 3.194416416109e-11 3.332360686091e-11 3.472351389328e-11 3.664054486604e-11 
1.079346385778e-11 2.342495670108e-11 2.569752964773e-09 3.673882760406e-11 4.073730295796e-11 4.389629011583e-11 4.659850073965e-11 4.908644155393e-11 5.161149649480e-11 5.506937468097e-11 
1.170922595536e-11 2.649401368224e-11 3.673882760406e-11 2.583100400478e-09 5.073965778961e-11 5.561554603631e-11 5.976260134271e-11 6.357319148594e-11 6.744078874584e-11 7.273765558491e-11 
1.236645786523e-11 2.869748657066e-11 4.073730295796e-11 5.073965778961e-11 2.597616415882e-09 6.610571228034e-11 7.204216843474e-11 7.746224361792e-11 8.295497055318e-11 9.047959265046e-11 
1.288894485170e-11 3.044584889872e-11 4.389629011583e-11 5.561554603631e-11 6.610571228034e-11 2.613818395927e-09 8.342903826913e-11 9.079383707210e-11 9.820299410686e-11 1.083491326713e-10 
1.333668579979e-11 3.194416416109e-11 4.659850073965e-11 5.976260134271e-11 7.204216843474e-11 8.342903826913e-11 2.632411865382e-09 1.037226274703e-10 1.134535657259e-10 1.266759444264e-10 
1.374886396576e-11 3.332360686091e-11 4.908644155393e-11 6.357319148594e-11 7.746224361792e-11 9.079383707210e-11 1.037226274703e-10 2.654972403756e-09 1.293872258014e-10 1.463505315159e-10 
1.416715182605e-11 3.472351389328e-11 5.161149649480e-11 6.744078874584e-11 8.295497055318e-11 9.820299410686e-11 1.134535657259e-10 1.293872258014e-10 2.685460188486e-09 1.696569099363e-10 
1.473994275231e-11 3.664054486604e-11 5.506937468097e-11 7.273765558491e-11 9.047959265046e-11 1.083491326713e-10 1.266759444264e-10 1.463505315159e-10 1.696569099363e-10 2.744837185940e-09 
