2.542139675753e-09 6.255334703672e-12 7.297550851161e-12 7.928620704544e-12 8.381500784446e-12 8.741526359667e-12 9.050048535715e-12 9.334065869096e-12 9.622292824350e-12 1.001687827520e-11 
6.255334703672e-12 2.551181081595e-09 1.609480702262e-11 1.825831777036e-11 1.981140372521e-11 2.104346628530e-11 2.209932752108e-11 2.307142939648e-11 2.405795304046e-11 2.540863384689e-11 
7.297550851161e-12 1.609480702262e-11 2.560154910814e-09 2.558900125934e-11 2.845458899688e-11 3.071734387344e-11 3.265260890424e-11 3.443443710780e-11 3.624286045408e-11 3.871896551373e-11 
7.928620704544e-12 1.825831777036e-11 2.558900125934e-11 2.569771585427e-09 3.573796389316e-11 3.928099456569e-11 4.229278504271e-11 4.505979812295e-11 4.786823370239e-11 5.171402193766e-11 
8.381500784446e-12 1.981140372521e-11 2.845458899688e-11 3.573796389316e-11 2.580380058092e-09 4.702788441326e-11 5.139407623408e-11 5.537824160055e-11 5.941538995900e-11 6.494545858591e-11 
8.741526359667e-12 2.104346628530e-11 3.071734387344e-11 3.928099456569e-11 4.702788441326e-11 2.592362286779e-09 5.989767520719e-11 6.536964462541e-11 7.087153349774e-11 7.840504760425e-11 
9.050048535715e-12 2.209932752108e-11 3.265260890424e-11 4.229278504271e-11 5.139407623408e-11 5.989767520719e-11 2.606251250665e-09 7.511701359225e-11 8.240943215133e-11 9.231335247335e-11 
9.334065869096e-12 2.307142939648e-11 3.443443710780e-11 4.505979812295e-11 5.537824160055e-11 6.536964462541e-11 7.511701359225e-11 2.623256332438e-09 9.452919325052e-11 1.073358392807e-10 
9.622292824350e-12 2.405795304046e-11 3.624286045408e-11 4.786823370239e-11 5.941538995900e-11 7.087153349774e-11 8.240943215133e-11 9.452919325052e-11 2.646433152060e-09 1.252251463778e-10 
1.001687827520e-11 2.540863384689e-11 3.871896551373e-11 5.171402193766e-11 6.494545858591e-11 7.840504760425e-11 9.231335247335e-11 1.073358392807e-10 1.252251463778e-10 2.691954113829e-09 
