2.2078791694140006e-07 7.4680286607766015e-08 1.3838648483393487e-08 1.7321311451994689e-09 1.5446197858978988e-10 9.0711238211267793e-12 3.0051294591571438e-13 4.2361194735850052e-15 1.3891198570320947e-17 1.6869749813086814e-21 
7.4680286607766015e-08 1.9926846894415717e-07 9.5383041257269242e-08 2.8157862221405666e-08 5.2244169864438265e-09 6.1367097401183123e-10 4.1144564868129307e-11 1.2250525118218126e-12 9.1384909721074969e-15 2.9441257604856895e-18 
1.3838648483393487e-08 9.5383041257269242e-08 1.6524547624591680e-07 8.7927952606965668e-08 3.1660196022113148e-08 6.7532975968681047e-09 8.0409763283346566e-10 4.3486996930049609e-11 6.3408569914796824e-13 4.7616200573267327e-16 
1.7321311451994689e-09 2.8157862221405666e-08 8.7927952606965668e-08 1.4186605970048744e-07 7.7223879630640582e-08 2.9619768614965986e-08 6.1688552163885133e-09 5.8515741108823252e-10 1.5798163528444017e-11 2.6198660862820515e-14 
1.5446197858978988e-10 5.2244169864438265e-09 3.1660196022113148e-08 7.7223879630640582e-08 1.2467512252266082e-07 6.6610854502780202e-08 2.4688125651380750e-08 4.1847456743193589e-09 2.1063442305705429e-10 7.6792814234896211e-13 
9.0711238211267793e-12 6.1367097401183123e-10 6.7532975968681047e-09 2.9619768614965986e-08 6.6610854502780202e-08 1.1136458335359360e-07 5.6293794995677589e-08 1.7814892479223137e-08 1.7598547733791948e-09 1.4825391350512034e-11 
3.0051294591571438e-13 4.1144564868129307e-11 8.0409763283346566e-10 6.1688552163885133e-09 2.4688125651380750e-08 5.6293794995677589e-08 1.0024634343747482e-07 4.5300469266310060e-08 9.5826339008280388e-09 2.0835475509927110e-10 
4.2361194735850052e-15 1.2250525118218126e-12 4.3486996930049609e-11 5.8515741108823252e-10 4.1847456743193589e-09 1.7814892479223137e-08 4.5300469266310060e-08 8.9949286970363842e-08 3.2062347743490185e-08 2.1765987295379287e-09 
1.3891198570320947e-17 9.1384909721074969e-15 6.3408569914796824e-13 1.5798163528444017e-11 2.1063442305705429e-10 1.7598547733791948e-09 9.5826339008280388e-09 3.2062347743490185e-08 7.9649339283831648e-08 1.5543967932413385e-08 
1.6869749813086814e-21 2.9441257604856895e-18 4.7616200573267327e-16 2.6198660862820515e-14 7.6792814234896211e-13 1.4825391350512034e-11 2.0835475509927110e-10 2.1765987295379287e-09 1.5543967932413385e-08 6.0730599039730442e-08 
