2.535972493571e-07 8.584421630911e-08 1.585915833377e-08 1.985488254433e-09 1.774349671863e-10 1.045027551169e-11 3.481724344537e-13 4.926109957241e-15 1.618123512538e-17 1.982832989740e-21 
8.584421630911e-08 2.243003623971e-07 1.093005336207e-07 3.232085888240e-08 6.011219042343e-09 7.091425986791e-10 4.778650388631e-11 1.425050265998e-12 1.066095629283e-14 3.466919501676e-18 
1.585915833377e-08 1.093005336207e-07 1.854549541796e-07 1.010964857623e-07 3.651294575029e-08 7.826695149363e-09 9.348703458750e-10 5.061248935187e-11 7.409574073204e-13 5.617130600980e-16 
1.985488254433e-09 3.232085888240e-08 1.010964857623e-07 1.592052730399e-07 8.936948416165e-08 3.440726367256e-08 7.175455890138e-09 6.816955630455e-10 1.849485940227e-11 3.096119325072e-14 
1.774349671863e-10 6.011219042343e-09 3.651294575029e-08 8.936948416165e-08 1.402207743472e-07 7.746322394744e-08 2.873156437185e-08 4.882745263011e-09 2.471107409299e-10 9.092474451473e-13 
1.045027551169e-11 7.091425986791e-10 7.826695149363e-09 3.440726367256e-08 7.746322394744e-08 1.249636417050e-07 6.560307694727e-08 2.083444030892e-08 2.069899004856e-09 1.759117591769e-11 
3.481724344537e-13 4.778650388631e-11 9.348703458750e-10 7.175455890138e-09 2.873156437185e-08 6.560307694727e-08 1.123833654533e-07 5.314963130851e-08 1.130702144941e-08 2.478697766004e-10 
4.926109957241e-15 1.425050265998e-12 5.061248935187e-11 6.816955630455e-10 4.882745263011e-09 2.083444030892e-08 5.314963130851e-08 1.009589922913e-07 3.798944794959e-08 2.598173042802e-09 
1.618123512538e-17 1.066095629283e-14 7.409574073204e-13 1.849485940227e-11 2.471107409299e-10 2.069899004856e-09 1.130702144941e-08 3.798944794959e-08 8.950330929497e-08 1.863334226257e-08 
1.982832989740e-21 3.466919501676e-18 5.617130600980e-16 3.096119325072e-14 9.092474451473e-13 1.759117591769e-11 2.478697766004e-10 2.598173042802e-09 1.863334226257e-08 6.747429709678e-08 
