9.2403044767091418e-08 2.8702466090133746e-08 5.6241863809179155e-09 7.2765545833203392e-10 6.6144901338291340e-11 3.9215495622641107e-12 1.3009127233674089e-13 1.8205982526595072e-15 5.8548349118950734e-18 6.7970749763655354e-22 
2.8702466090133746e-08 9.7144444777983545e-08 3.9768911618361082e-08 1.1993715872853648e-08 2.2522290091488420e-09 2.6571126424400588e-10 1.7765328096603734e-11 5.2333708783587926e-13 3.8187707730300638e-15 1.1754854269564543e-18 
5.6241863809179155e-09 3.9768911618361082e-08 8.6432782765391909e-08 3.7813199124854334e-08 1.3697204741916910e-08 2.9222122130093961e-09 3.4587979974601015e-10 1.8458442534108016e-11 2.6273566546687554e-13 1.8841214880499514e-16 
7.2765545833203392e-10 1.1993715872853648e-08 3.7813199124854334e-08 7.7354837582769505e-08 3.3435513067052620e-08 1.2782760814589645e-08 2.6396815844098634e-09 2.4656020662223633e-10 6.4878051281734021e-12 1.0269309071878527e-14 
6.6144901338291340e-11 2.2522290091488420e-09 1.3697204741916910e-08 3.3435513067052620e-08 6.9874798553561777e-08 2.8598727110581431e-08 1.0486895303706088e-08 1.7474237079066134e-09 8.5632151479605084e-11 2.9793102889931200e-13 
3.9215495622641107e-12 2.6571126424400588e-10 2.9222122130093961e-09 1.2782760814589645e-08 2.8598727110581431e-08 6.3611803893002141e-08 2.3667926511376022e-08 7.3526048162992130e-09 7.0670081711886384e-10 5.6836387883403249e-12 
1.3009127233674089e-13 1.7765328096603734e-11 3.4587979974601015e-10 2.6396815844098634e-09 1.0486895303706088e-08 2.3667926511376022e-08 5.8066041603464198e-08 1.8409728038274444e-08 3.7866827183572620e-09 7.8679808682437110e-11 
1.8205982526595072e-15 5.2333708783587926e-13 1.8458442534108016e-11 2.4656020662223633e-10 1.7474237079066134e-09 7.3526048162992130e-09 1.8409728038274444e-08 5.2777940682540206e-08 1.2390240229119998e-08 8.0435645720623838e-10 
5.8548349118950734e-18 3.8187707730300638e-15 2.6273566546687554e-13 6.4878051281734021e-12 8.5632151479605084e-11 7.0670081711886384e-10 3.7866827183572620e-09 1.2390240229119998e-08 4.7437274423132633e-08 5.5474639590674933e-09 
6.7970749763655354e-22 1.1754854269564543e-18 1.8841214880499514e-16 1.0269309071878527e-14 2.9793102889931200e-13 5.6836387883403249e-12 7.8679808682437110e-11 8.0435645720623838e-10 5.5474639590674933e-09 3.9140041219526563e-08 
