2.916168903729e-07 9.873699368415e-08 1.821481189553e-08 2.283922219757e-09 2.047934869067e-10 1.211156484749e-11 4.035022565298e-13 5.740335999528e-15 1.912055956955e-17 2.379853761500e-21 
9.873699368415e-08 2.534209508620e-07 1.256670298602e-07 3.725143040327e-08 6.957741421603e-09 8.219937031220e-10 5.546348461397e-11 1.669262138217e-12 1.264699930025e-14 4.170336370685e-18 
1.821481189553e-08 1.256670298602e-07 2.093480773650e-07 1.168820948195e-07 4.232353376661e-08 9.072993212589e-09 1.088571152665e-09 5.955707406541e-11 8.818311142515e-13 6.770271500140e-16 
2.283922219757e-09 3.725143040327e-08 1.168820948195e-07 1.800358300096e-07 1.035874652703e-07 3.995138978564e-08 8.393044480059e-09 8.055267971397e-10 2.207699756067e-11 3.738894721489e-14 
2.047934869067e-10 6.957741421603e-09 4.232353376661e-08 1.035874652703e-07 1.581811155585e-07 9.034830685699e-08 3.379195818636e-08 5.793594413741e-09 2.958598886730e-10 1.100189122822e-12 
1.211156484749e-11 8.219937031220e-10 9.072993212589e-09 3.995138978564e-08 9.034830685699e-08 1.418264011064e-07 7.760678734781e-08 2.482864256416e-08 2.486286164854e-09 2.133306294927e-11 
4.035022565298e-13 5.546348461397e-11 1.088571152665e-09 8.393044480059e-09 3.379195818636e-08 7.760678734781e-08 1.283723676487e-07 6.364156990745e-08 1.363137020404e-08 3.014595774078e-10 
5.740335999528e-15 1.669262138217e-12 5.955707406541e-11 8.055267971397e-10 5.793594413741e-09 2.482864256416e-08 6.364156990745e-08 1.157793182475e-07 4.600156333636e-08 3.173100864639e-09 
1.912055956955e-17 1.264699930025e-14 8.818311142515e-13 2.207699756067e-11 2.958598886730e-10 2.486286164854e-09 1.363137020404e-08 4.600156333636e-08 1.029042794310e-07 2.288749736991e-08 
2.379853761500e-21 4.170336370685e-18 6.770271500140e-16 3.738894721489e-14 1.100189122822e-12 2.133306294927e-11 3.014595774078e-10 3.173100864639e-09 2.288749736991e-08 7.674119168963e-08 
