7.2485062131323078e-08 2.0597465666604128e-08 4.1272630820072829e-09 5.4302639795948060e-10 4.9999541646094551e-11 2.9945544568842261e-12 1.0015855054720615e-13 1.4109244317996127e-15 4.5585344178557901e-18 5.2963162892848772e-22 
2.0597465666604128e-08 7.8608960382564389e-08 2.9555307885977945e-08 9.0302855229125990e-09 1.7136111685936973e-09 2.0389363621307434e-10 1.3725472793716120e-11 4.0643694190613872e-13 2.9755350891473036e-15 9.1547509150887625e-19 
4.1272630820072829e-09 2.9555307885977945e-08 7.1969335409375601e-08 2.8694512584286037e-08 1.0478757393355830e-08 2.2508637626298491e-09 2.6789634384796832e-10 1.4355713900862532e-11 2.0479701090992913e-13 1.4664015097898585e-16 
5.4302639795948060e-10 9.0302855229125990e-09 2.8694512584286037e-08 6.5764134246082118e-08 2.5707189858313617e-08 9.8795986350093185e-09 2.0488707621215378e-09 1.9196178212275741e-10 5.0576297957903155e-12 7.9859504774538609e-15 
4.9999541646094551e-11 1.7136111685936973e-09 1.0478757393355830e-08 2.5707189858313617e-08 6.0386286566082893e-08 2.2171024147057474e-08 8.1547556535198089e-09 1.3615505443926866e-09 6.6744623982350590e-11 2.3144540311307147e-13 
2.9945544568842261e-12 2.0389363621307434e-10 2.2508637626298491e-09 9.8795986350093185e-09 2.2171024147057474e-08 5.5725011968150775e-08 1.8431588692521681e-08 5.7315024749702979e-09 5.5054197898538189e-10 4.4092302772635005e-12 
1.0015855054720615e-13 1.3725472793716120e-11 2.6789634384796832e-10 2.0488707621215378e-09 8.1547556535198089e-09 1.8431588692521681e-08 5.1480356647512883e-08 1.4349018566678949e-08 2.9466720001559483e-09 6.0916898342996581e-11 
1.4109244317996127e-15 4.0643694190613872e-13 1.4355713900862532e-11 1.9196178212275741e-10 1.3615505443926866e-09 5.7315024749702979e-09 1.4349018566678949e-08 4.7337420520228549e-08 9.6206110702429524e-09 6.2071882538838833e-10 
4.5585344178557901e-18 2.9755350891473036e-15 2.0479701090992913e-13 5.0576297957903155e-12 6.6744623982350590e-11 5.5054197898538189e-10 2.9466720001559483e-09 9.6206110702429524e-09 4.3072693676414283e-08 4.2541980790862262e-09 
5.2963162892848772e-22 9.1547509150887625e-19 1.4664015097898585e-16 7.9859504774538609e-15 2.3144540311307147e-13 4.4092302772635005e-12 6.0916898342996581e-11 6.2071882538838833e-10 4.2541980790862262e-09 3.6478005284562997e-08 
