8.2267533877678182e-08 2.4638365310330236e-08 4.8784786073703342e-09 6.3602440365808177e-10 5.8148656951340513e-11 3.4627982809749065e-12 1.1527657524752414e-13 1.6175973553757857e-15 5.2103623110205380e-18 6.0467784007207461e-22 
2.4638365310330236e-08 8.7901662514497983e-08 3.4695692776540731e-08 1.0525184274116793e-08 1.9856297656981396e-09 2.3511882901070747e-10 1.5765099328291764e-11 4.6534549714506675e-13 3.3990959352388248e-15 1.0453164972472885e-18 
4.8784786073703342e-09 3.4695692776540731e-08 7.9263490631615889e-08 3.3298843206465259e-08 1.2104479284278232e-08 2.5899199339060883e-09 3.0724320014838504e-10 1.6420919956523007e-11 2.3387226808716584e-13 1.6747083796492704e-16 
6.3602440365808177e-10 1.0525184274116793e-08 3.3298843206465259e-08 7.1618846158650619e-08 2.9610678332975255e-08 1.1345212983775402e-08 2.3466857581812391e-09 2.1941583199344821e-10 5.7745938363500422e-12 9.1229901421989525e-15 
5.8148656951340513e-11 1.9856297656981396e-09 1.2104479284278232e-08 2.9610678332975255e-08 6.5177073799838629e-08 2.5413067433129949e-08 9.3288411558054283e-09 1.5553630547171567e-09 7.6201045946213397e-11 2.6450547959437818e-13 
3.4627982809749065e-12 2.3511882901070747e-10 2.5899199339060883e-09 1.1345212983775402e-08 2.5413067433129949e-08 5.9697033114161548e-08 2.1063826902442332e-08 6.5446502482776075e-09 6.2859000284531436e-10 5.0419915803532388e-12 
1.1527657524752414e-13 1.5765099328291764e-11 3.0724320014838504e-10 2.3466857581812391e-09 9.3288411558054283e-09 2.1063826902442332e-08 5.4785371444734788e-08 1.6381989508971653e-08 3.3654914962230356e-09 6.9722123083518110e-11 
1.6175973553757857e-15 4.6534549714506675e-13 1.6420919956523007e-11 2.1941583199344821e-10 1.5553630547171567e-09 6.5446502482776075e-09 1.6381989508971653e-08 5.0052886827164567e-08 1.0997198174773070e-08 7.1156111014416326e-10 
5.2103623110205380e-18 3.3990959352388248e-15 2.3387226808716584e-13 5.7745938363500422e-12 7.6201045946213397e-11 6.2859000284531436e-10 3.3654914962230356e-09 1.0997198174773070e-08 4.5234217319763169e-08 4.8915567734585711e-09 
6.0467784007207461e-22 1.0453164972472885e-18 1.6747083796492704e-16 9.1229901421989525e-15 2.6450547959437818e-13 5.0419915803532388e-12 6.9722123083518110e-11 7.1156111014416326e-10 4.8915567734585711e-09 3.7779804312506217e-08 
