6.9259836506302867e-08 1.9236148971297622e-08 3.8715227189700282e-09 5.1115787330698097e-10 4.7196472750977531e-11 2.8331158989473909e-12 9.4943449662049118e-14 1.3396901187568862e-15 4.3344209900388573e-18 5.0404926524773397e-22 
1.9236148971297622e-08 7.5450560441620344e-08 2.7796455071517214e-08 8.5166223415207641e-09 1.6198995910884735e-09 1.9312228372585249e-10 1.3022165526577732e-11 3.8614241257191538e-13 2.8301762045595151e-15 8.7126181399707850e-19 
3.8715227189700282e-09 2.7796455071517214e-08 6.9464193362902258e-08 2.7109263585595082e-08 9.9181154533358716e-09 2.1339113857820207e-09 2.5433350695852514e-10 1.3644804793560905e-11 1.9483779626829763e-13 1.3955440662819078e-16 
5.1115787330698097e-10 8.5166223415207641e-09 2.7109263585595082e-08 6.3745410712488961e-08 2.4360602216469660e-08 9.3742475651511286e-09 1.9462579836086291e-09 1.8252349738150312e-10 4.8124891988197374e-12 7.5996524343871362e-15 
4.7196472750977531e-11 1.6198995910884735e-09 9.9181154533358716e-09 2.4360602216469660e-08 5.8734229476538518e-08 2.1053665068512343e-08 7.7505585798113065e-09 1.2950483775636096e-09 6.3516838814250424e-11 2.2023154322434895e-13 
2.8331158989473909e-12 1.9312228372585249e-10 2.1339113857820207e-09 9.3742475651511286e-09 2.1053665068512343e-08 5.4357140717721767e-08 1.7527058218677282e-08 5.4531956416577086e-09 5.2394659739973560e-10 4.1950753731443912e-12 
9.4943449662049118e-14 1.3022165526577732e-11 2.5433350695852514e-10 1.9462579836086291e-09 7.7505585798113065e-09 1.7527058218677282e-08 5.0348181926049690e-08 1.3655134077176802e-08 2.8042401630743422e-09 5.7946434862876442e-11 
1.3396901187568862e-15 3.8614241257191538e-13 1.3644804793560905e-11 1.8252349738150312e-10 1.2950483775636096e-09 5.4531956416577086e-09 1.3655134077176802e-08 4.6413105109895322e-08 9.1540558139248097e-09 5.9021928862992493e-10 
4.3344209900388573e-18 2.8301762045595151e-15 1.9483779626829763e-13 4.8124891988197374e-12 6.3516838814250424e-11 5.2394659739973560e-10 2.8042401630743422e-09 9.1540558139248097e-09 4.2345145189639622e-08 4.0415059565652171e-09 
5.0404926524773397e-22 8.7126181399707850e-19 1.3955440662819078e-16 7.5996524343871362e-15 2.2023154322434895e-13 4.1950753731443912e-12 5.7946434862876442e-11 5.9021928862992493e-10 4.0415059565652171e-09 3.6046949827129167e-08 
