1.191585748946e-07 3.895518859958e-08 7.476932009612e-09 9.537581650481e-10 8.588204262420e-11 5.054807648983e-12 1.668906543832e-13 2.331664246737e-15 7.485613214039e-18 8.770627028506e-22 
3.895518859958e-08 1.201553766422e-07 5.230478967385e-08 1.561555933763e-08 2.910845177125e-09 3.414180629309e-10 2.277125006001e-11 6.695258765015e-13 4.888831858643e-15 1.518324532914e-18 
7.476932009612e-09 5.230478967385e-08 1.041108141784e-07 4.896342369877e-08 1.763353431271e-08 3.748583755108e-09 4.430322037549e-10 2.359990700364e-11 3.370323031594e-13 2.435397913192e-16 
9.537581650481e-10 1.561555933763e-08 4.896342369877e-08 9.152810111842e-08 4.291921802064e-08 1.638292844515e-08 3.378080001047e-09 3.153033651582e-10 8.340769752386e-12 1.328409885805e-14 
8.588204262420e-11 2.910845177125e-09 1.763353431271e-08 4.291921802064e-08 8.162022215588e-08 3.661974261135e-08 1.340885513952e-08 2.237658011204e-09 1.103229707460e-10 3.858497812410e-13 
5.054807648983e-12 3.414180629309e-10 3.748583755108e-09 1.638292844515e-08 3.661974261135e-08 7.348431841920e-08 3.027248186470e-08 9.440989965142e-09 9.121631219228e-10 7.376620969850e-12 
1.668906543832e-13 2.277125006001e-11 4.430322037549e-10 3.378080001047e-09 1.340885513952e-08 3.027248186470e-08 6.650757494847e-08 2.371955002569e-08 4.895342572873e-09 1.025269954422e-10 
2.331664246737e-15 6.695258765015e-13 2.359990700364e-11 3.153033651582e-10 2.237658011204e-09 9.440989965142e-09 2.371955002569e-08 5.995084866711e-08 1.606077819263e-08 1.055890089585e-09 
7.485613214039e-18 4.888831858643e-15 3.370323031594e-13 8.340769752386e-12 1.103229707460e-10 9.121631219228e-10 4.895342572873e-09 1.606077819263e-08 5.335477691730e-08 7.362286617044e-09 
8.770627028506e-22 1.518324532914e-18 2.435397913192e-16 1.328409885805e-14 3.858497812410e-13 7.376620969850e-12 1.025269954422e-10 1.055890089585e-09 7.362286617044e-09 4.290251648459e-08 
