5.785804389741e-08 1.427928136457e-08 2.924590121843e-09 3.918136285645e-10 3.662787543816e-11 2.222804374342e-12 7.510269138428e-14 1.070359307658e-15 3.485110718056e-18 4.088372226962e-22 
1.427928136457e-08 6.378651968126e-08 2.122932433454e-08 6.582686521085e-09 1.266090471327e-09 1.522391613232e-10 1.035114796945e-11 3.095543514815e-13 2.278411197594e-15 7.074459570241e-19 
2.924590121843e-09 2.122932433454e-08 6.004006030161e-08 2.112757699893e-08 7.795635368019e-09 1.689177954291e-09 2.030011481988e-10 1.095792451124e-11 1.571038532980e-13 1.133585885201e-16 
3.918136285645e-10 6.582686521085e-09 2.112757699893e-08 5.610936643993e-08 1.924264903837e-08 7.455811096473e-09 1.558819517557e-09 1.467631709246e-10 3.888174870881e-12 6.171727063979e-15 
3.662787543816e-11 1.266090471327e-09 7.795635368019e-09 1.924264903837e-08 5.245722661418e-08 1.683025526662e-08 6.223290894545e-09 1.042777653425e-09 5.142894745699e-11 1.787176783554e-13 
2.222804374342e-12 1.522391613232e-10 1.689177954291e-09 7.455811096473e-09 1.683025526662e-08 4.919210017254e-08 1.409757864003e-08 4.400965544526e-09 4.250798830360e-10 3.400369100879e-12 
7.510269138428e-14 1.035114796945e-11 2.030011481988e-10 1.558819517557e-09 6.223290894545e-09 1.409757864003e-08 4.605921403294e-08 1.105748117988e-08 2.277309495027e-09 4.690638949818e-11 
1.070359307658e-15 3.095543514815e-13 1.095792451124e-11 1.467631709246e-10 1.042777653425e-09 4.400965544526e-09 1.105748117988e-08 4.298914531344e-08 7.425411958909e-09 4.773538499519e-10 
3.485110718056e-18 2.278411197594e-15 1.571038532980e-13 3.888174870881e-12 5.142894745699e-11 4.250798830360e-10 2.277309495027e-09 7.425411958909e-09 3.964730027252e-08 3.268667253209e-09 
4.088372226962e-22 7.074459570241e-19 1.133585885201e-16 6.171727063979e-15 1.787176783554e-13 3.400369100879e-12 4.690638949818e-11 4.773538499519e-10 3.268667253209e-09 3.450131300632e-08 
