7.515615304056e-08 2.169570013500e-08 4.331523932696e-09 5.682802729785e-10 5.224709293514e-11 3.122919468499e-12 1.043566692296e-13 1.469642584758e-15 4.737364107065e-18 5.517233291895e-22 
2.169570013500e-08 8.113501357330e-08 3.095132240328e-08 9.439812454252e-09 1.788611708033e-09 2.124614986512e-10 1.430344880261e-11 4.228499193555e-13 3.094235486138e-15 9.530017180733e-19 
4.331523932696e-09 3.095132240328e-08 7.396226095602e-08 2.996648358055e-08 1.092413376037e-08 2.345313083956e-09 2.790669708464e-10 1.492328239270e-11 2.131649728192e-13 1.525222118566e-16 
5.682802729785e-10 9.439812454252e-09 2.996648358055e-08 6.736934638644e-08 2.678428857421e-08 1.029512656594e-08 2.132338115075e-09 1.995222786582e-10 5.268137965141e-12 8.299973971512e-15 
5.224709293514e-11 1.788611708033e-09 1.092413376037e-08 2.678428857421e-08 6.174071679353e-08 2.308867740766e-08 8.477920454460e-09 1.416027664334e-09 6.954032111741e-11 2.404478831352e-13 
3.122919468499e-12 2.124614986512e-10 2.345313083956e-09 1.029512656594e-08 2.308867740766e-08 5.682233630120e-08 1.915864113169e-08 5.967668100906e-09 5.733340126491e-10 4.581799598890e-12 
1.043566692296e-13 1.430344880261e-11 2.790669708464e-10 2.132338115075e-09 8.477920454460e-09 1.915864113169e-08 5.243024531280e-08 1.494989968174e-08 3.064803351877e-09 6.337940093472e-11 
1.469642584758e-15 4.228499193555e-13 1.492328239270e-11 1.995222786582e-10 1.416027664334e-09 5.967668100906e-09 1.494989968174e-08 4.811508103978e-08 9.997228408087e-09 6.473801751207e-10 
4.737364107065e-18 3.094235486138e-15 2.131649728192e-13 5.268137965141e-12 6.954032111741e-11 5.733340126491e-10 3.064803351877e-09 9.997228408087e-09 4.369220487081e-08 4.444524801409e-09 
5.517233291895e-22 9.530017180733e-19 1.525222118566e-16 8.299973971512e-15 2.404478831352e-13 4.581799598890e-12 6.337940093472e-11 6.473801751207e-10 4.444524801409e-09 3.683188162599e-08 
