1.783547864366e-07 6.016477997676e-08 1.125461399836e-08 1.414300901046e-09 1.261817327914e-10 7.401909420910e-12 2.440749305429e-13 3.422058219850e-15 1.111725337238e-17 1.327057506458e-21 
6.016477997676e-08 1.671488550906e-07 7.782694207301e-08 2.300330603697e-08 4.265689754146e-09 4.995850360832e-10 3.332135295322e-11 9.872158586173e-13 7.278524586906e-15 2.311825612893e-18 
1.125461399836e-08 7.782694207301e-08 1.401572885135e-07 7.181239660651e-08 2.581420043793e-08 5.482865239071e-09 6.498581836580e-10 3.493557537757e-11 5.029425054556e-13 3.731351074012e-16 
1.414300901046e-09 2.300330603697e-08 7.181239660651e-08 1.209199820893e-07 6.278575431537e-08 2.398052623514e-08 4.974464133731e-09 4.682204207634e-10 1.248822395472e-11 2.047553393048e-14 
1.261817327914e-10 4.265689754146e-09 2.581420043793e-08 6.278575431537e-08 1.063574660319e-07 5.378882512908e-08 1.984071260034e-08 3.332095731907e-09 1.660303245437e-10 5.980370201125e-13 
7.401909420910e-12 4.995850360832e-10 5.482865239071e-09 2.398052623514e-08 5.378882512908e-08 9.511489873487e-08 4.498905717947e-08 1.410895590290e-08 1.383414027643e-09 1.148949535696e-11 
2.440749305429e-13 3.332135295322e-11 6.498581836580e-10 4.974464133731e-09 1.984071260034e-08 4.498905717947e-08 8.535971531663e-08 3.570542134508e-08 7.504846192273e-09 1.603624853088e-10 
3.422058219850e-15 9.872158586173e-13 3.493557537757e-11 4.682204207634e-10 3.332095731907e-09 1.410895590290e-08 3.570542134508e-08 7.664925710685e-08 2.492504644737e-08 1.658344299326e-09 
1.111725337238e-17 7.278524586906e-15 5.029425054556e-13 1.248822395472e-11 1.660303245437e-10 1.383414027643e-09 7.504846192273e-09 2.492504644737e-08 6.761133427318e-08 1.167350409226e-08 
1.327057506458e-21 2.311825612893e-18 3.731351074012e-16 2.047553393048e-14 5.980370201125e-13 1.148949535696e-11 1.603624853088e-10 1.658344299326e-09 1.167350409226e-08 5.217802186190e-08 
