1.986927169387e-07 6.717687171822e-08 1.250493200998e-08 1.567916160178e-09 1.398651329043e-10 8.200331758399e-12 2.713249464811e-13 3.811329447474e-15 1.242648300691e-17 1.496900204923e-21 
6.717687171822e-08 1.826887198408e-07 8.631197409285e-08 2.549794029558e-08 4.726466683183e-09 5.543114722631e-10 3.710583583745e-11 1.099208873198e-12 8.169953912854e-15 2.603657789433e-18 
1.250493200998e-08 8.631197409285e-08 1.522973692933e-07 7.958402804529e-08 2.861160252151e-08 6.096286771203e-09 7.237884350811e-10 3.894830496493e-11 5.664572654562e-13 4.196520917077e-16 
1.567916160178e-09 2.549794029558e-08 7.958402804529e-08 1.309427670118e-07 6.973326521838e-08 2.670560128709e-08 5.539364944768e-09 5.235006195040e-10 1.409260386605e-11 2.300999271729e-14 
1.398651329043e-10 4.726466683183e-09 2.861160252151e-08 6.973326521838e-08 1.152210409955e-07 5.990291221258e-08 2.211573184255e-08 3.740876801240e-09 1.874198461052e-10 6.721799358579e-13 
8.200331758399e-12 5.543114722631e-10 6.096286771203e-09 2.670560128709e-08 5.990291221258e-08 1.027429680142e-07 5.035063681115e-08 1.590480078939e-08 1.559585506287e-09 1.293296720162e-11 
2.713249464811e-13 3.710583583745e-11 7.237884350811e-10 5.539364944768e-09 2.211573184255e-08 5.035063681115e-08 9.256229151323e-08 4.030283976902e-08 8.441989289132e-09 1.810995424326e-10 
3.811329447474e-15 1.099208873198e-12 3.894830496493e-11 5.235006195040e-10 3.740876801240e-09 1.590480078939e-08 4.030283976902e-08 8.274083022799e-08 2.803657145087e-08 1.883412606971e-09 
1.242648300691e-17 8.169953912854e-15 5.664572654562e-13 1.409260386605e-11 1.874198461052e-10 1.559585506287e-09 8.441989289132e-09 2.803657145087e-08 7.282765654368e-08 1.336249424304e-08 
1.496900204923e-21 2.603657789433e-18 4.196520917077e-16 2.300999271729e-14 6.721799358579e-13 1.293296720162e-11 1.810995424326e-10 1.883412606971e-09 1.336249424304e-08 5.591076434640e-08 
