2.233532212958e-07 7.560043955841e-08 1.401040816645e-08 1.754357772845e-09 1.564814352193e-10 9.199805820933e-12 3.046889908635e-13 4.300832674262e-15 1.412019554586e-17 1.699969738787e-21 
7.560043955841e-08 2.013842159976e-07 9.659830376360e-08 2.852266209944e-08 5.296177179759e-09 6.223772642743e-10 4.172286046208e-11 1.245504456914e-12 9.272184490970e-15 2.964623807727e-18 
1.401040816645e-08 9.659830376360e-08 1.670162642373e-07 8.910781513882e-08 3.211077233133e-08 6.847433057727e-09 8.161836653743e-10 4.422798485125e-11 6.420281544751e-13 4.792293987686e-16 
1.754357772845e-09 2.852266209944e-08 8.910781513882e-08 1.434789238166e-07 7.831028983595e-08 3.003962582479e-08 6.269360290125e-09 5.946827190375e-10 1.596508892646e-11 2.635670462004e-14 
1.564814352193e-10 5.296177179759e-09 3.211077233133e-08 7.831028983595e-08 1.260252930479e-07 6.764546943996e-08 2.510828861761e-08 4.245072986870e-09 2.125037085668e-10 7.723052270651e-13 
9.199805820933e-12 6.223772642743e-10 6.847433057727e-09 3.003962582479e-08 6.764546943996e-08 1.127775030761e-07 5.719002606048e-08 1.802245701603e-08 1.773045057111e-09 1.490589940990e-11 
3.046889908635e-13 4.172286046208e-11 8.161836653743e-10 6.269360290125e-09 2.510828861761e-08 5.719002606048e-08 1.011555588477e-07 4.570030662919e-08 9.644338275002e-09 2.094384236797e-10 
4.300832674262e-15 1.245504456914e-12 4.422798485125e-11 5.946827190375e-10 4.245072986870e-09 1.802245701603e-08 4.570030662919e-08 9.037120876492e-08 3.224334126738e-08 2.187267902895e-09 
1.412019554586e-17 9.272184490970e-15 6.420281544751e-13 1.596508892646e-11 2.125037085668e-10 1.773045057111e-09 9.644338275002e-09 3.224334126738e-08 7.991052986347e-08 1.560842340573e-08 
1.699969738787e-21 2.964623807727e-18 4.792293987686e-16 2.635670462004e-14 7.723052270651e-13 1.490589940990e-11 2.094384236797e-10 2.187267902895e-09 1.560842340573e-08 6.083541439808e-08 
