1.749912912262e-10 4.715825353443e-10 6.639820339934e-10 7.917139387956e-10 8.845912064306e-10 9.584459117164e-10 1.021717362502e-09 1.079961026420e-09 1.139067923893e-09 1.220009794806e-09 
1.715587370115e-11 1.453506105129e-10 3.570335490769e-10 5.638334271794e-10 7.330244860015e-10 8.695412368352e-10 9.861801532901e-10 1.093446708399e-09 1.202292445595e-09 1.351349601990e-09 
1.113143268172e-12 2.421424116661e-11 1.158117456737e-10 2.820949715629e-10 4.714798538161e-10 6.412466681785e-10 7.874979585663e-10 9.214105547230e-10 1.057130188675e-09 1.242971828545e-09 
-5.985797260166e-14 3.010220146569e-13 1.639988209527e-11 9.054705614120e-11 2.359220824882e-10 4.095169680593e-10 5.744191335636e-10 7.266753518739e-10 8.802346994560e-10 1.090270947088e-09 
-2.379072979149e-14 -7.530403247282e-13 -2.169921783084e-12 1.210810256120e-11 7.772027526504e-11 2.062740205698e-10 3.684809303422e-10 5.335544439884e-10 7.003421372137e-10 9.270897563639e-10 
-2.260214904182e-15 -1.430393266646e-13 -1.254930884402e-12 -2.548768957112e-12 9.396401147394e-12 6.467242240110e-11 1.829488872781e-10 3.453916123607e-10 5.234441046280e-10 7.623390778360e-10 
-8.883585969620e-17 -1.151713538694e-14 -2.071143058113e-13 -1.364156528204e-12 -3.634207674873e-12 2.319474394667e-12 4.737384279158e-11 1.652460270152e-10 3.456906775237e-10 5.964546593102e-10 
-1.396741326809e-18 -4.113002214852e-16 -1.487470706011e-14 -2.021915178647e-13 -1.424536628203e-12 -5.501387955804e-12 -8.333127505388e-12 2.402109180414e-11 1.588505495150e-10 4.250073671993e-10 
-5.807112209127e-21 -4.099252619747e-18 -3.040278992204e-16 -8.112265498535e-15 -1.166283614371e-13 -1.061792050288e-12 -6.319116710162e-12 -2.155873186881e-11 -9.374421023508e-12 2.240845190984e-10 
-1.149849594376e-24 -2.197473291449e-21 -3.883508894921e-19 -2.336895291353e-17 -7.512021059103e-16 -1.600960442201e-14 -2.517050397229e-13 -2.998750708235e-12 -2.418256757281e-11 -3.235662124971e-13 
