4.921471160065e-09 1.119850442836e-08 1.482124457867e-08 1.717810832802e-08 1.888733628999e-08 2.024646096700e-08 2.141088658455e-08 2.248278950314e-08 2.357057944223e-08 2.506020725839e-08 
2.895942130427e-10 2.327769366479e-09 5.563683517338e-09 8.673480232180e-09 1.120785303838e-08 1.325271639361e-08 1.500017461078e-08 1.660723795781e-08 1.823795400651e-08 2.047111201907e-08 
1.724526994937e-11 3.622175920003e-10 1.704197279000e-09 4.127623215368e-09 6.892770961199e-09 9.380774466543e-09 1.152804446105e-08 1.349432632756e-08 1.548695144823e-08 1.821542262164e-08 
-8.572614644118e-13 4.245537478060e-12 2.361275261185e-10 1.313959502821e-09 3.453544676776e-09 6.044221632907e-09 8.527740586657e-09 1.082632119532e-08 1.314410796392e-08 1.631384008381e-08 
-3.484864343193e-13 -1.120120914418e-11 -3.416137340799e-11 1.707673084231e-10 1.152457344966e-09 3.128793261163e-09 5.673120662841e-09 8.290266297057e-09 1.094021400162e-08 1.454060815248e-08 
-3.366505452686e-14 -2.176397142481e-12 -1.965771634978e-11 -4.331279382382e-11 1.337882248283e-10 1.004097392917e-09 2.927790124029e-09 5.636037448447e-09 8.645433606539e-09 1.268443612854e-08 
-1.369470252558e-15 -1.822087371844e-13 -3.360244312121e-12 -2.284602690743e-11 -6.485427050742e-11 1.870313800277e-11 7.588722748766e-10 2.808010767048e-09 6.083518722288e-09 1.069325909252e-08 
-2.263681627934e-17 -6.835517212501e-15 -2.531072836122e-13 -3.533198452969e-12 -2.579450325612e-11 -1.056351363473e-10 -1.896501332090e-10 3.522008202867e-10 2.979393184135e-09 8.445933986873e-09 
-1.006724735154e-19 -7.301801370402e-17 -5.568428778664e-15 -1.531842257167e-13 -2.280641608975e-12 -2.165157750387e-11 -1.357479452393e-10 -4.975075345667e-10 -3.350869042040e-10 4.967862923827e-09 
-2.295550452086e-23 -4.506514530177e-20 -8.163378443528e-18 -5.029244827139e-16 -1.654058352024e-14 -3.607467022380e-13 -5.815388272372e-12 -7.144789161214e-11 -6.061756963024e-10 -1.916214141034e-10 
