-5.6976543650633593e-10 6.7969179951216363e-10 1.0044294264885138e-09 1.1978243688613813e-09 1.3361479484290828e-09 1.4459348070827732e-09 1.5399758811740852e-09 1.6265430924634110e-09 1.7143929684864304e-09 1.8347039193882652e-09 
-2.2952679760679041e-09 -1.1069993181236311e-10 4.5623847159376624e-10 8.0338256498888995e-10 1.0524378889806381e-09 1.2475429465429079e-09 1.4134746284230844e-09 1.5660059068432116e-09 1.7207789280986572e-09 1.9327396979174260e-09 
-3.3970813133447427e-09 -7.4753692270701464e-10 -8.0230973222289529e-11 3.3461113705928897e-10 6.4781169759307883e-10 8.9297912280763470e-10 1.0966815181641056e-09 1.2820351029113870e-09 1.4697847020865301e-09 1.7268753585586470e-09 
-4.1956662231196322e-09 -1.2488378684480024e-09 -5.1116466921867129e-10 -7.2388257460490132e-11 2.6782917744029338e-10 5.4930551978972183e-10 7.8308985953335415e-10 9.9101416326228846e-10 1.1995075631273943e-09 1.4845895770498177e-09 
-4.8004011701285994e-09 -1.6583450870305620e-09 -8.5939806438676274e-10 -3.9646738215501218e-10 -5.8560235158480169e-11 2.3081297623442895e-10 4.8741837020133704e-10 7.1654696565922758e-10 9.4061081642479103e-10 1.2441573171555641e-09 
-5.2692081968431910e-09 -2.0022171370755727e-09 -1.1625979637606907e-09 -6.6988346828577439e-10 -3.2713059218075992e-10 -5.1154118124592566e-11 2.0564063468286049e-10 4.5376962922416464e-10 6.9525212814572910e-10 1.0121778005441962e-09 
-5.6309039157185236e-09 -2.2928963584892445e-09 -1.4325319169269823e-09 -9.2069499715299218e-10 -5.6159026500797615e-10 -2.8848918057482649e-10 -5.2772308995801933e-11 1.9084689630113930e-10 4.5361377945172735e-10 7.8619604134423051e-10 
-5.9062145724655982e-09 -2.5422040603514265e-09 -1.6747869849688629e-09 -1.1565046590515971e-09 -7.8648545697556420e-10 -5.0065154350524346e-10 -2.7239759914506698e-10 -6.5410076361989295e-11 1.9157853622538527e-10 5.5686141884564298e-10 
-6.2261633942264280e-09 -2.8183097170917508e-09 -1.9395618533527194e-09 -1.4142061904245819e-09 -1.0371245149956707e-09 -7.3869446472918127e-10 -4.9083517109514145e-10 -2.8841274517229652e-10 -9.8076520571871426e-11 2.8785808993955894e-10 
-6.7225189455390734e-09 -3.2223782342169547e-09 -2.3198293200376459e-09 -1.7802326634025086e-09 -1.3927683978674902e-09 -1.0847253477390387e-09 -8.2107678919199467e-10 -5.8205340679792508e-10 -3.6879336547370304e-10 -9.5744820203619310e-11 
