-1.3731376834140226e-09 2.1964304705009198e-09 3.1230389677217235e-09 3.6747454925460441e-09 4.0695289463315423e-09 4.3829603532234517e-09 4.6514590297919417e-09 4.8986208854060066e-09 5.1494450197234177e-09 5.4929504258591721e-09 
-5.6077048754809033e-09 -2.0258078428340513e-10 1.2014905674931123e-09 2.0597588833797188e-09 2.6749520461464827e-09 3.1572471801455762e-09 3.5676719651804312e-09 3.9450022308766693e-09 4.3278828018979368e-09 4.8522358359164917e-09 
-7.8700801511791065e-09 -1.7069095082794200e-09 -1.5343523760165057e-10 8.1268589432379994e-10 1.5407107082220793e-09 2.1102661623574282e-09 2.5838662387378368e-09 3.0150093119343647e-09 3.4517643887656397e-09 4.0498285259019687e-09 
-9.4474932563791700e-09 -2.8023225417300731e-09 -1.1390105718913301e-09 -1.4869556756013713e-10 6.1917252659788446e-10 1.2536411908300358e-09 1.7804767399877978e-09 2.2492609353171570e-09 2.7194331136877585e-09 3.3623342050990118e-09 
-1.0674605106182453e-08 -3.6850609394614340e-09 -1.9080098944143883e-09 -8.7816121102036545e-10 -1.2602004917035440e-10 5.1783708359201099e-10 1.0884387025447229e-09 1.5980361076833401e-09 2.0964929516570485e-09 2.7717516369498972e-09 
-1.1712303402078946e-08 -4.4519292520110958e-09 -2.5860176409636993e-09 -1.4909765208733980e-09 -7.2906963153797821e-10 -1.1575505048405338e-10 4.5454050512361644e-10 1.0057883540579349e-09 1.5426701882261677e-09 2.2470950690689991e-09 
-1.2652723033923911e-08 -5.1560153125138918e-09 -3.2237434551544723e-09 -2.0741432576028480e-09 -1.2673684015466218e-09 -6.5374082031157070e-10 -1.2483941179244366e-10 4.2122616756825144e-10 1.0115406330365706e-09 1.7591524286609641e-09 
-1.3592025698809825e-08 -5.8557601122666452e-09 -3.8609460354730913e-09 -2.6690201909729614e-09 -1.8179289026590515e-09 -1.1601021596284047e-09 -6.3468734909675102e-10 -1.5994746121620578e-10 4.2887947148802388e-10 1.2706374992338414e-09 
-1.4994155867671191e-08 -6.7941442610864842e-09 -4.6796921542917495e-09 -3.4155742648073024e-09 -2.5082139000164207e-09 -1.7899525500370091e-09 -1.1927405315085155e-09 -7.0416657363704179e-10 -2.4913824593246832e-10 6.7638450354988187e-10 
-1.8053083970456066e-08 -8.6706447925608798e-09 -6.2512816247825144e-09 -4.8048444666225550e-09 -3.7662114739997348e-09 -2.9404677553678889e-09 -2.2336379564218505e-09 -1.5919335273593621e-09 -1.0145758791203907e-09 -2.8643509067073407e-10 
