7.7707172465792759e-08 3.7278339368346356e-08 2.7511981420492323e-08 2.1675252562311515e-08 1.7484204952708118e-08 1.4154339478986489e-08 1.1307471278327868e-08 8.7012975203595852e-09 6.0914781943799827e-09 2.6253819636387736e-09 
3.7278339368346356e-08 2.1212620262234503e-08 1.3878097513370652e-08 1.1011777792102893e-08 8.9540453751468389e-09 7.3191860347472592e-09 5.9212017922777523e-09 4.6410576424658837e-09 3.3588798545700950e-09 1.6592362218974064e-09 
2.7511981420492323e-08 1.3878097513370652e-08 1.2901494926457534e-08 8.2622306397420254e-09 6.7542488146480199e-09 5.5561865864716838e-09 4.5315901077277129e-09 3.5931785406350463e-09 2.6531470392476554e-09 1.4087273071798402e-09 
2.1675252562311515e-08 1.1011777792102893e-08 8.2622306397420254e-09 9.1574791830027266e-09 5.4396021230605307e-09 4.5025646674762733e-09 3.7010933197041588e-09 2.9669031026059336e-09 2.2313462740278057e-09 1.2589776207414380e-09 
1.7484204952708118e-08 8.9540453751468389e-09 6.7542488146480199e-09 5.4396021230605307e-09 7.0347374494322270e-09 3.7467494636680354e-09 3.1055172895807331e-09 2.5179709381405387e-09 1.9292560899745834e-09 1.1522726908680646e-09 
1.4154339478986489e-08 7.3191860347472592e-09 5.5561865864716838e-09 4.5025646674762733e-09 3.7467494636680354e-09 5.6847882361769389e-09 2.6324632787344281e-09 2.1614130249835453e-09 1.6893250303564073e-09 1.0675645966173692e-09 
1.1307471278327868e-08 5.9212017922777523e-09 4.5315901077277129e-09 3.7010933197041588e-09 3.1055172895807331e-09 2.6324632787344281e-09 4.7660871081580423e-09 1.8562576494527270e-09 1.4837927565674914e-09 9.9461228108434400e-10 
8.7012975203595852e-09 4.6410576424658837e-09 3.5931785406350463e-09 2.9669031026059336e-09 2.5179709381405387e-09 2.1614130249835453e-09 1.8562576494527270e-09 4.1149072155965162e-09 1.2953856599318361e-09 9.2716410796019757e-10 
6.0914781943799827e-09 3.3588798545700950e-09 2.6531470392476554e-09 2.2313462740278057e-09 1.9292560899745834e-09 1.6893250303564073e-09 1.4837927565674914e-09 1.2953856599318361e-09 3.6453947843114487e-09 8.5986718449173073e-10 
2.6253819636387736e-09 1.6592362218974064e-09 1.4087273071798402e-09 1.2589776207414380e-09 1.1522726908680646e-09 1.0675645966173692e-09 9.9461228108434400e-10 9.2716410796019757e-10 8.5986718449173073e-10 3.3167299855540359e-09 
