3.120163144281e-09 8.739330658144e-10 9.839751466495e-10 1.050417677368e-09 1.098101617431e-09 1.136009495220e-09 1.168494312004e-09 1.198398954142e-09 1.228746871510e-09 1.270303817115e-09 
8.739330658144e-10 4.070360123360e-09 1.853574541236e-09 2.056959423172e-09 2.202882903980e-09 2.318644146225e-09 2.417849339084e-09 2.509184909054e-09 2.601875628800e-09 2.728805308147e-09 
9.839751466495e-10 1.853574541236e-09 4.901374624313e-09 2.715379738476e-09 2.973199887075e-09 3.176706062714e-09 3.350735358449e-09 3.510967772536e-09 3.673593227769e-09 3.896296406043e-09 
1.050417677368e-09 2.056959423172e-09 2.715379738476e-09 5.760158470032e-09 3.616601837899e-09 3.931424659018e-09 4.198875869217e-09 4.444540137366e-09 4.693884064909e-09 5.035378964290e-09 
1.098101617431e-09 2.202882903980e-09 2.973199887075e-09 3.616601837899e-09 6.702835704889e-09 4.621461412943e-09 5.010662335661e-09 5.365487717560e-09 5.724952992555e-09 6.217428179719e-09 
1.136009495220e-09 2.318644146225e-09 3.176706062714e-09 3.931424659018e-09 4.621461412943e-09 7.775644102848e-09 5.778516310166e-09 6.270488595502e-09 6.764539341903e-09 7.441055390059e-09 
1.168494312004e-09 2.417849339084e-09 3.350735358449e-09 4.198875869217e-09 5.010662335661e-09 5.778516310166e-09 9.032912385029e-09 7.162880507230e-09 7.824684261539e-09 8.722188200512e-09 
1.198398954142e-09 2.509184909054e-09 3.510967772536e-09 4.444540137366e-09 5.365487717560e-09 6.270488595502e-09 7.162880507230e-09 1.059215568597e-08 8.952088091340e-09 1.012252473564e-08 
1.228746871510e-09 2.601875628800e-09 3.673593227769e-09 4.693884064909e-09 5.724952992555e-09 6.764539341903e-09 7.824684261539e-09 8.952088091340e-09 1.275438399209e-08 1.181883202067e-08 
1.270303817115e-09 2.728805308147e-09 3.896296406043e-09 5.035378964290e-09 6.217428179719e-09 7.441055390059e-09 8.722188200512e-09 1.012252473564e-08 1.181883202067e-08 1.711037917848e-08 
