2.8031386295211557e-07 1.3855698634333280e-07 1.0266771731010908e-07 8.1217283004737693e-08 6.5816338919956588e-08 5.3579837150024595e-08 4.3115912551777126e-08 3.3533459070073226e-08 2.3937824616690856e-08 1.1224127265263524e-08 
1.3855698634333280e-07 7.2161665871178585e-08 5.1850678554812657e-08 4.1228063795748848e-08 3.3602134748206346e-08 2.7543064950962594e-08 2.2360784625545529e-08 1.7613619845603459e-08 1.2858269651943303e-08 6.5674638216079378e-09 
1.0266771731010908e-07 5.1850678554812657e-08 4.1286582205211940e-08 3.0916544247982327e-08 2.5294641628838703e-08 2.0827810349599517e-08 1.7006916449258481e-08 1.3506099965109746e-08 9.9983815140087789e-09 5.3631174304027504e-09 
8.1217283004737693e-08 4.1228063795748848e-08 3.0916544247982327e-08 2.7291713278155953e-08 2.0329165649319429e-08 1.6813918565508591e-08 1.3806622852994290e-08 1.1050686363770364e-08 8.2886309814115928e-09 4.6428168630457534e-09 
6.5816338919956588e-08 3.3602134748206346e-08 2.5294641628838703e-08 2.0329165649319429e-08 1.9303870109775474e-08 1.3933601432804934e-08 1.1510498486065112e-08 9.2893572530110865e-09 7.0627023116033219e-09 4.1273689714089278e-09 
5.3579837150024595e-08 2.7543064950962594e-08 2.0827810349599517e-08 1.6813918565508591e-08 1.3933601432804934e-08 1.4183507160329913e-08 9.6862737255405806e-09 7.8899872803827988e-09 6.0885853802435390e-09 3.7176837182848252e-09 
4.3115912551777126e-08 2.2360784625545529e-08 1.7006916449258481e-08 1.3806622852994290e-08 1.1510498486065112e-08 9.6862737255405806e-09 1.0663312972698354e-08 6.6921511209075556e-09 5.2541289040714169e-09 3.3654768552026042e-09 
3.3533459070073226e-08 1.7613619845603459e-08 1.3506099965109746e-08 1.1050686363770364e-08 9.2893572530110865e-09 7.8899872803827988e-09 6.6921511209075556e-09 8.1316868744140008e-09 4.4886539296632206e-09 3.0402461439302563e-09 
2.3937824616690856e-08 1.2858269651943303e-08 9.9983815140087789e-09 8.2886309814115928e-09 7.0627023116033219e-09 6.0885853802435390e-09 5.2541289040714169e-09 4.4886539296632206e-09 6.2598611324522127e-09 2.7138247595481023e-09 
1.1224127265263524e-08 6.5674638216079378e-09 5.3631174304027504e-09 4.6428168630457534e-09 4.1273689714089278e-09 3.7176837182848252e-09 3.3654768552026042e-09 3.0402461439302563e-09 2.7138247595481023e-09 4.8443172363992693e-09 
