1.4010856588566068e-07 6.8502977260992871e-08 5.0699151696403670e-08 4.0058355167008134e-08 3.2418087650692560e-08 2.6347580057526402e-08 2.1156729650352253e-08 1.6403288517417749e-08 1.1641638825731238e-08 5.3264357817145943e-09 
6.8502977260992871e-08 3.6943773233002293e-08 2.5614596373004876e-08 2.0360577528752347e-08 1.6588686531300635e-08 1.3591787889217180e-08 1.1028692730355669e-08 8.6808926853676885e-09 6.3283876954198770e-09 3.2134070495289404e-09 
5.0699151696403670e-08 2.5614596373004876e-08 2.1685511415106045e-08 1.5281445181382854e-08 1.2506550636382915e-08 1.0301809396277417e-08 8.4159850997713401e-09 6.6882167331666029e-09 4.9566440385213164e-09 2.6664748432770417e-09 
4.0058355167008134e-08 2.0360577528752347e-08 1.5281445181382854e-08 1.4784218027223970e-08 1.0066762096014237e-08 8.3354336782106457e-09 6.8543523338869166e-09 5.4971387266550928e-09 4.1366682822847363e-09 2.3394477389562458e-09 
3.2418087650692560e-08 1.6588686531300635e-08 1.2506550636382915e-08 1.0066762096014237e-08 1.0854310945916112e-08 6.9245677117494789e-09 5.7341316422397026e-09 4.6429825484342174e-09 3.5489942330329431e-09 2.1057725531226071e-09 
2.6347580057526402e-08 1.3591787889217180e-08 1.0301809396277417e-08 8.3354336782106457e-09 6.9245677117494789e-09 8.3420872855553247e-09 4.8442112110574573e-09 3.9644344488712048e-09 3.0821068217748886e-09 1.9201227527977087e-09 
2.1156729650352253e-08 1.1028692730355669e-08 8.4159850997713401e-09 6.8543523338869166e-09 5.7341316422397026e-09 4.8442112110574573e-09 6.6209799477203990e-09 3.3836262897184294e-09 2.6821453718216723e-09 1.7604307043543798e-09 
1.6403288517417749e-08 8.6808926853676885e-09 6.6882167331666029e-09 5.4971387266550928e-09 4.6429825484342174e-09 3.9644344488712048e-09 3.3836262897184294e-09 5.3892921610081973e-09 2.3153016179912976e-09 1.6129119869782370e-09 
1.1641638825731238e-08 6.3283876954198770e-09 4.9566440385213164e-09 4.1366682822847363e-09 3.5489942330329431e-09 3.0821068217748886e-09 2.6821453718216723e-09 2.3153016179912976e-09 4.4862372606744266e-09 1.4651159021690942e-09 
5.3264357817145943e-09 3.2134070495289404e-09 2.6664748432770417e-09 2.3394477389562458e-09 2.1057725531226071e-09 1.9201227527977087e-09 1.7604307043543798e-09 1.6129119869782370e-09 1.4651159021690942e-09 3.8201624885972434e-09 
