4.8016814584548653e-08 2.2454702491689734e-08 1.6520812933842441e-08 1.2974746062512018e-08 1.0428445858793722e-08 8.4054710208814328e-09 6.6762976166518954e-09 5.0939503486968289e-09 3.5101697200874318e-09 1.4031440849569548e-09 
2.2454702491689734e-08 1.3750997936665407e-08 8.3145317682964369e-09 6.5826937184659726e-09 5.3394368549540957e-09 4.3517485570931465e-09 3.5073441676788454e-09 2.7344383262519488e-09 1.9607600965016412e-09 9.3370620451990109e-10 
1.6520812933842441e-08 8.3145317682964369e-09 8.7373598751974059e-09 4.9345553988510616e-09 4.0270480228233828e-09 3.3061159102885524e-09 2.6896958746703605e-09 2.1253679488051871e-09 1.5604366456086578e-09 8.1166391783810469e-10 
1.2974746062512018e-08 6.5826937184659726e-09 4.9345553988510616e-09 6.4881248351195196e-09 3.2428056259749632e-09 2.6812714549636811e-09 2.2010766442412858e-09 1.7613871208174028e-09 1.3211995389788490e-09 7.3872217706400896e-10 
1.0428445858793722e-08 5.3394368549540957e-09 4.0270480228233828e-09 3.2428056259749632e-09 5.2186199607212921e-09 2.2331375720673801e-09 1.8507796486802468e-09 1.5005917102909662e-09 1.1499929665334665e-09 6.8695591048603205e-10 
8.4054710208814328e-09 4.3517485570931465e-09 3.3061159102885524e-09 2.6812714549636811e-09 2.2331375720673801e-09 4.4156586837977553e-09 1.5726039403051369e-09 1.2935131731755218e-09 1.0140626869523946e-09 6.4591021923651492e-10 
6.6762976166518954e-09 3.5073441676788454e-09 2.6896958746703605e-09 2.2010766442412858e-09 1.8507796486802468e-09 1.5726039403051369e-09 3.8730511777139543e-09 1.1163246192657414e-09 8.9763042290506611e-10 6.1049744292553546e-10 
5.0939503486968289e-09 2.7344383262519488e-09 2.1253679488051871e-09 1.7613871208174028e-09 1.5005917102909662e-09 1.2935131731755218e-09 1.1163246192657414e-09 3.4924060852941468e-09 7.9098242387424145e-10 5.7771777875258887e-10 
3.5101697200874318e-09 1.9607600965016412e-09 1.5604366456086578e-09 1.3211995389788490e-09 1.1499929665334665e-09 1.0140626869523946e-09 8.9763042290506611e-10 7.9098242387424145e-10 3.2230001311929724e-09 5.4523175070005063e-10 
1.4031440849569548e-09 9.3370620451990109e-10 8.1166391783810469e-10 7.3872217706400896e-10 6.8695591048603205e-10 6.4591021923651492e-10 6.1049744292553546e-10 5.7771777875258887e-10 5.4523175070005063e-10 3.0457543843788884e-09 
