-4.7071141430232795e-09 1.0637448078766011e-08 1.4617569027611349e-08 1.6988431674923742e-08 1.8685281524166327e-08 2.0032467030058424e-08 2.1186518975912893e-08 2.2248871341538446e-08 2.3326973243649400e-08 2.4803436633852976e-08 
-2.3924363459512025e-08 -1.0515118062278707e-09 4.8841613475259477e-09 8.5165505344431589e-09 1.1123983565862821e-08 1.3167216335901367e-08 1.4904792636434795e-08 1.6501944537906579e-08 1.8122560697372415e-08 2.0341975284799721e-08 
-3.5947826754052879e-08 -7.9951771240393592e-09 -9.5598936898623950e-10 3.4142227031635401e-09 6.7168818743479574e-09 9.3064064510131825e-09 1.1457717815311251e-08 1.3413878502299031e-08 1.5394865147279591e-08 1.8107406175122244e-08 
-4.6572317588990938e-08 -1.3994038010583923e-08 -5.8311864984878478e-09 -9.8516925634663526e-10 2.7615611520860516e-09 5.8707130935330238e-09 8.4610956722311030e-09 1.0763225173796226e-08 1.3069006363737027e-08 1.6220936770585705e-08 
-5.6832177315865173e-08 -1.9773318452704845e-08 -1.0340502382017232e-08 -4.8724415500990423e-09 -8.9963422588754073e-10 2.4960891874749660e-09 5.5221709322989285e-09 8.2324537081462331e-09 1.0879475452333531e-08 1.4460639459272087e-08 
-6.7003796361374917e-08 -2.5595088372817287e-08 -1.4948749530694388e-08 -8.6938461854475394e-09 -4.3441966325850916e-09 -8.5890930305593551e-10 2.3763304842416443e-09 5.5202747863250533e-09 8.5941307305802495e-09 1.2616187114884900e-08 
-7.8209904104610679e-08 -3.1996731430840485e-08 -2.0083819722376159e-08 -1.2992814425565914e-08 -8.0094377794195757e-09 -4.2190460616540321e-09 -9.7619787604764818e-10 2.3593523380159703e-09 6.0089524904502536e-09 1.0636238836456230e-08 
-9.2012532407274922e-08 -3.9748280584604263e-08 -2.6270758448198613e-08 -1.8216878674974338e-08 -1.2462516213022983e-08 -8.0065965587015841e-09 -4.4491395249095553e-09 -1.2737282764176250e-09 2.6743505384083588e-09 8.3957346842006759e-09 
-1.0952416680825816e-07 -4.9682249677244913e-08 -3.4250277263848465e-08 -2.5023974519191500e-08 -1.8401049215871667e-08 -1.3156483861865014e-08 -8.7900494493069514e-09 -5.2163635414826770e-09 -1.9198048759555369e-09 4.8244380852145376e-09 
-1.4512167123545035e-07 -6.9833396494972909e-08 -5.0418047290581310e-08 -3.8810002632720048e-08 -3.0474473850428306e-08 -2.3847306585490491e-08 -1.8173863193678091e-08 -1.3017411302116466e-08 -8.3407752449231132e-09 -2.5093374610606480e-09 
