-1.2468321296370450e-09 1.9209777312316452e-09 2.7434696756624399e-09 3.2332061221421744e-09 3.5836394452464760e-09 3.8618587741958334e-09 4.1001958593146037e-09 4.3195956041508172e-09 4.5422480285425311e-09 4.8471709005372391e-09 
-5.0553462122620856e-09 -1.8759321641158772e-10 1.0768970793374146e-09 1.8499519780773098e-09 2.4041052628951175e-09 2.8385376951001895e-09 3.2082280691633884e-09 3.5481110961932879e-09 3.8929962361488773e-09 4.3653129174302293e-09 
-7.1184981867848008e-09 -1.5450593420365919e-09 -1.4014921834792794e-10 7.3357655351610604e-10 1.3920140325214283e-09 1.9071454485300523e-09 2.3354952599116406e-09 2.7254514645020664e-09 3.1204881146558646e-09 3.6614239732757006e-09 
-8.5503857631663184e-09 -2.5362470927950076e-09 -1.0307341491665313e-09 -1.3433433390372196e-10 5.6070946278760827e-10 1.1349822843401194e-09 1.6118271277837032e-09 2.0361513017022858e-09 2.4617522825310919e-09 3.0437114298701364e-09 
-9.6498163429397626e-09 -3.3308727067903667e-09 -1.7241994269187184e-09 -7.9303176840490112e-10 -1.1288256940372002e-10 4.6934747264350260e-10 9.8524910825604896e-10 1.4459615800834113e-09 1.8966483017984031e-09 2.5072328269458559e-09 
-1.0561947373726054e-08 -4.0141046367594149e-09 -2.3311976170817888e-09 -1.3435350019348296e-09 -6.5627929002993771e-10 -1.0293848499851776e-10 4.1158432602491175e-10 9.0875070707229808e-10 1.3929094713528525e-09 2.0282897623670708e-09 
-1.1368386500884941e-08 -4.6320601801870158e-09 -2.8956492643415667e-09 -1.8625541045970412e-09 -1.1375412453616391e-09 -5.8603299020294801e-10 -1.1048909529431988e-10 3.8045281570515415e-10 9.1081764251232236e-10 1.5825524249895643e-09 
-1.2151092365710006e-08 -5.2344362120249371e-09 -3.4508272201578453e-09 -2.3850647309104870e-09 -1.6240567420178459e-09 -1.0358736077144499e-09 -5.6600690573833310e-10 -1.4114215595207460e-10 3.8566521610740718e-10 1.1379244434998933e-09 
-1.3302021982875766e-08 -6.0268497242730195e-09 -4.1507360268209249e-09 -3.0290684897712579e-09 -2.2239376994940270e-09 -1.5866048130331419e-09 -1.0567342891528502e-09 -6.2323644173123192e-10 -2.1875848696655705e-10 6.0268005581005308e-10 
-1.5791455132769289e-08 -7.5832837195820421e-09 -5.4665598264201071e-09 -4.2010134258282737e-09 -3.2922475051778906e-09 -2.5697375662808768e-09 -1.9512732078169281e-09 -1.3898610091669830e-09 -8.8505349291191822e-10 -2.4711198486220468e-10 
