-4.1361020345144718e-10 4.6329885291678875e-10 6.9128697360317388e-10 8.2708666181003547e-10 9.2420725553898957e-10 1.0012856314272492e-09 1.0673086392800750e-09 1.1280850806249527e-09 1.1897625258760072e-09 1.2742298386165700e-09 
-1.6840895312155234e-09 -8.8150940600038006e-11 3.2589002277717204e-10 5.7956629254493087e-10 7.6164824736833410e-10 9.0425533016692713e-10 1.0255112533749938e-09 1.1369693083195312e-09 1.2500656497626710e-09 1.4049498126741394e-09 
-2.5480167503820332e-09 -5.6440708949856744e-10 -6.4931573060326152e-11 2.4547583398291875e-10 4.8001976693866522e-10 6.6369670921749564e-10 8.1626627816993361e-10 9.5506144233931125e-10 1.0956441111333260e-09 1.2881461826625383e-09 
-3.1968843194713617e-09 -9.5375579458689381e-10 -3.9210720118829188e-10 -5.8209138222988291e-11 2.0060177843111073e-10 4.1488764911182844e-10 5.9294282382205375e-10 7.5127326645343057e-10 9.1000935992663868e-10 1.1270478048379919e-09 
-3.6994844644338495e-09 -1.2794060395712075e-09 -6.6389433829540934e-10 -3.0722795942145095e-10 -4.7060568698176285e-11 1.7569703492975879e-10 3.7336716075244835e-10 5.4993484906617810e-10 7.2256797436714830e-10 9.5640989903745477e-10 
-4.0941497592717350e-09 -1.5565596232873589e-09 -9.0431946579994965e-10 -5.2149743001939153e-10 -2.5520047353739460e-10 -4.0895827215179046e-11 1.5849608892913226e-10 3.5126784857990817e-10 5.3891273615849502e-10 7.8513550284158838e-10 
-4.3991455386716840e-09 -1.7917931284484742e-09 -1.1196997895600351e-09 -7.1983597039946021e-10 -4.3925420636123021e-10 -2.2586993812489840e-10 -4.1764179392412507e-11 1.4850033504504960e-10 3.5379613868042170e-10 6.1363913286533897e-10 
-4.6258115998891105e-09 -1.9912687206794751e-09 -1.3118954015223436e-09 -9.0595346149706959e-10 -6.1612282727053996e-10 -3.9221203916214371e-10 -2.1339443838903231e-10 -5.1250692195002947e-11 1.5004711185593836e-10 4.3612170341398151e-10 
-4.8659801447870919e-09 -2.2025648504714700e-09 -1.5157262025245347e-09 -1.1050881208067071e-09 -8.1033891251515476e-10 -5.7706424720892850e-10 -3.8332031846111428e-10 -2.2508476434614143e-10 -7.6150433604786217e-11 2.2558029265272189e-10 
-5.1608521784903501e-09 -2.4729306538873699e-09 -1.7797693493370726e-09 -1.3653422292184936e-09 -1.0677497275099339e-09 -8.3115217755054694e-10 -6.2865321464796470e-10 -4.4510690656500648e-10 -2.8157574525059813e-10 -7.1567370893319866e-11 
