-5.4720741721734084e-10 6.4865570867276434e-10 9.5949319307218303e-10 1.1446193516337807e-09 1.2770312641010307e-09 1.3821274799345295e-09 1.4721519487825733e-09 1.5550227913946798e-09 1.6391221959221370e-09 1.7542964137071459e-09 
-2.2064498876611705e-09 -1.0727871223952240e-10 4.3751529374547083e-10 7.7112067345700451e-10 1.0104780421552712e-09 1.1979885597269360e-09 1.3574618894729372e-09 1.5040577021786057e-09 1.6528091488427811e-09 1.8565226289911848e-09 
-3.2723872525502182e-09 -7.2055723031960978e-10 -7.7811342347871802e-11 3.2174662748677092e-10 6.2341764136756161e-10 8.5957687130259828e-10 1.0558003024447496e-09 1.2343499612923791e-09 1.4152087642538731e-09 1.6628626778123872e-09 
-4.0474116173067752e-09 -1.2050163122806879e-09 -4.9339524469657576e-10 -7.0116023867520761e-11 2.5805088718231061e-10 5.2956485139439829e-10 7.5509435783313360e-10 9.5568550969215863e-10 1.1568279333762228e-09 1.4318575468220646e-09 
-4.6353506837316585e-09 -1.6015645413995536e-09 -8.3006510739677270e-10 -3.8300074174445485e-10 -5.6691000683196226e-11 2.2272230945594825e-10 4.7049931882443433e-10 6.9176213686030148e-10 9.0814474495092820e-10 1.2012867002125791e-09 
-5.0914339648981218e-09 -1.9348651358361054e-09 -1.1235571870673805e-09 -6.4742110373413189e-10 -3.1617606275931138e-10 -4.9474581499089639e-11 1.9865959028145130e-10 4.3841353399973998e-10 6.7176350362740934e-10 9.7803305134048084e-10 
-5.4430165070069351e-09 -2.2165630871166564e-09 -1.3848884237344679e-09 -8.9009645881090130e-10 -5.4292540276719945e-10 -2.7887343324069870e-10 -5.0968885595596700e-11 1.8453186249291337e-10 4.3851807714463056e-10 7.6002648739022148e-10 
-5.7094702029070239e-09 -2.4576803887917485e-09 -1.6191368692626601e-09 -1.1180882150015196e-09 -7.6035939996588248e-10 -4.8399870737930459e-10 -2.6327334228844133e-10 -6.3097607592398801e-11 1.8533655192253270e-10 5.3841455084633182e-10 
-6.0162070512301166e-09 -2.7234243179515318e-09 -1.8742850732296460e-09 -1.3666128312970545e-09 -1.0022138745374567e-09 -7.1381314399236145e-10 -4.7426685334103811e-10 -2.7858078776955813e-10 -9.4513147079698147e-11 2.7836443094614810e-10 
-6.4823288991002239e-09 -3.1073202744435230e-09 -2.2369728983635597e-09 -1.7166098103231583e-09 -1.3429466193131806e-09 -1.0458695866205570e-09 -7.9160246076804499e-10 -5.6108016227785107e-10 -3.5537435305377921e-10 -9.1856277693649127e-11 
