-3.9893796629802493e-09 9.1392353083789894e-09 1.2544235292189185e-08 1.4572379572395289e-08 1.6024010290642804e-08 1.7176559261646440e-08 1.8163890380991589e-08 1.9072770645837834e-08 1.9995125268680100e-08 2.1258292381141991e-08 
-1.9993273445950552e-08 -8.2737202663254685e-10 4.1475599806969386e-09 7.1908874783726434e-09 9.3748505014938583e-09 1.1086564042633461e-08 1.2542428735913362e-08 1.3880687674691964e-08 1.5238614241467482e-08 1.7098278919148020e-08 
-2.9626598931004490e-08 -6.5618807842071951e-09 -7.5234124624148268e-10 2.8548507262589897e-09 5.5796800743013653e-09 7.7157743272347697e-09 9.4905011144296085e-09 1.1104541753204823e-08 1.2739155111588050e-08 1.4977417123156602e-08 
-3.7968004339024098e-08 -1.1389014455058123e-08 -4.7302109897873662e-09 -7.7601354582503611e-10 2.2831846521143487e-09 4.8202363347979460e-09 6.9323808906220510e-09 8.8102578828363765e-09 1.0691460388620694e-08 1.3263015637861040e-08 
-4.5938940684302902e-08 -1.5974668325801412e-08 -8.3486912064324360e-09 -3.9277742359764916e-09 -7.1290032033473494e-10 2.0333079381116077e-09 4.4782988294935042e-09 6.6699472497869953e-09 8.8104090814548296e-09 1.1705972129858141e-08 
-5.4163627540121628e-08 -2.0693186446314063e-08 -1.2087855220529632e-08 -7.0315960097591504e-09 -3.5148223189815281e-09 -6.9956518200968175e-10 1.9136477772689428e-09 4.4577940974508260e-09 6.9424767410224930e-09 1.0192836073911086e-08 
-6.2823582162414398e-08 -2.5681919437585742e-08 -1.6107482018892079e-08 -1.0408520489691866e-08 -6.4044334725119543e-09 -3.3613274434576735e-09 -7.5394699003859635e-10 1.9369010250486396e-09 4.8681784758614924e-09 8.5824061441366956e-09 
-7.2238402110487392e-08 -3.1190633070029365e-08 -2.0605543190518789e-08 -1.4280233272579500e-08 -9.7616705349159893e-09 -6.2646578942665063e-09 -3.4707136427318971e-09 -9.6539588785797785e-10 2.1329711905448222e-09 6.6194419136560280e-09 
-8.7628337156027757e-08 -3.9784758830223106e-08 -2.7446905134092254e-08 -2.0070481238892019e-08 -1.4775436604544393e-08 -1.0581995601808651e-08 -7.0873775238023037e-09 -4.2183121362666383e-09 -1.5985516398975662e-09 3.7717560332597948e-09 
-1.1728722622173512e-07 -5.6390389504932380e-08 -4.0686307049438097e-08 -3.1297153711020531e-08 -2.4554970467175954e-08 -1.9194583867506243e-08 -1.4605522451143390e-08 -1.0434723668944482e-08 -6.6670983476634333e-09 -1.9604598690902946e-09 
