-1.4917224531149978e-09 2.4927687244416128e-09 3.5269877156149739e-09 4.1427908123092844e-09 4.5834759591426792e-09 4.9333675534581766e-09 5.2331064404979758e-09 5.5090295651672824e-09 5.7890433616328928e-09 6.1725227884543315e-09 
-6.1567828701567119e-09 -2.1658475454979069e-10 1.3266647023573732e-09 2.2698950392335204e-09 2.9459830737651690e-09 3.4760692137505535e-09 3.9271889750203450e-09 4.3419407450035622e-09 4.7627967629238549e-09 5.3391547981288492e-09 
-8.6183297680838191e-09 -1.8684655351110502e-09 -1.6686108502147842e-10 8.9132727359383103e-10 1.6886416704380596e-09 2.3124530838983789e-09 2.8312166661577940e-09 3.3034873500694287e-09 3.7819084032495949e-09 4.4370244070701218e-09 
-1.0350024094189347e-08 -3.0708773954947062e-09 -1.2486105776460098e-09 -1.6364651931473210e-10 6.7744881310311569e-10 1.3724364813966071e-09 1.9496178784001551e-09 2.4632328485902738e-09 2.9783629477222115e-09 3.6827296784601193e-09 
-1.1720848108394956e-08 -4.0477219501649257e-09 -2.0966172044774357e-09 -9.6577044249927097e-10 -1.4000542816544200e-10 5.6671606814214671e-10 1.1931226051061587e-09 1.7526914192869234e-09 2.3000328211483795e-09 3.0414756152347023e-09 
-1.2906957742741712e-08 -4.9077691894029876e-09 -2.8517845472481178e-09 -1.6450396145480103e-09 -8.0535003169771164e-10 -1.2961906396881453e-10 4.9855435621253641e-10 1.1059231340569556e-09 1.6976335902838046e-09 2.4739228377764094e-09 
-1.4011756907608035e-08 -5.7116649172386152e-09 -3.5721527371331410e-09 -2.2991620357887546e-09 -1.4056544823423986e-09 -7.2599752340364049e-10 -1.4044634365219030e-10 4.6386319522077932e-10 1.1175285261805058e-09 1.9455765141079805e-09 
-1.5152607318705643e-08 -6.5300212973825348e-09 -4.3065003106194147e-09 -2.9778636171969073e-09 -2.0290790194354058e-09 -1.2955833518451728e-09 -7.0961991973955353e-10 -1.8062566533637181e-10 4.7514838409565802e-10 1.4137781784327781e-09 
-1.6873923536010500e-08 -7.6478457696968956e-09 -5.2686345479852941e-09 -3.8461805742713732e-09 -2.8251368474493942e-09 -2.0168248344396246e-09 -1.3445441399878700e-09 -7.9425697649126486e-10 -2.8252802638600873e-10 7.5815123173638509e-10 
-2.0640349966462684e-08 -9.9163918654781963e-09 -7.1508966076753890e-09 -5.4974629274458733e-09 -4.3101620831193941e-09 -3.3662023460462183e-09 -2.5581514699010837e-09 -1.8243853292383193e-09 -1.1632908961145632e-09 -3.3099990963773760e-10 
