1.460270071649e-09 3.537152555706e-09 4.763041242426e-09 5.559919242064e-09 6.137465910695e-09 6.596691941272e-09 6.990139379574e-09 7.352325642224e-09 7.719880067229e-09 8.223212658223e-09 
1.009593417092e-10 8.040101094984e-10 1.899733606203e-09 2.934726810063e-09 3.770468820923e-09 4.443348885733e-09 5.018416977109e-09 5.547347391318e-09 6.084072539404e-09 6.819082640507e-09 
5.982327602507e-12 1.223036835071e-10 5.602478691500e-10 1.327170180894e-09 2.183416678490e-09 2.945487162501e-09 3.601458648771e-09 4.202256146214e-09 4.811212572040e-09 5.645065061153e-09 
-2.368249364679e-13 2.319208920061e-12 7.724103658381e-11 4.060307105111e-10 1.037527429235e-09 1.784485136060e-09 2.491987814825e-09 3.145182536455e-09 3.804077730232e-09 4.705321736298e-09 
-1.029379121901e-13 -3.192213328980e-12 -8.742340164522e-12 5.351263481490e-11 3.330781202806e-10 8.765328708152e-10 1.560655926363e-09 2.257088179141e-09 2.961056993294e-09 3.918088840099e-09 
-9.657674693450e-15 -6.054462829894e-13 -5.272621163483e-12 -1.058182372513e-11 3.977518395610e-11 2.717646831071e-10 7.688204788817e-10 1.453818363999e-09 2.206719499206e-09 3.217181443986e-09 
-3.749448276914e-16 -4.842952199353e-14 -8.703137469813e-13 -5.744542219566e-12 -1.544489860174e-11 8.920631262031e-12 1.978481895699e-10 6.976511013071e-10 1.471270903048e-09 2.551464334351e-09 
-5.869200448480e-18 -1.731776518069e-15 -6.285478372529e-14 -8.587916731238e-13 -6.098997926819e-12 -2.391434654716e-11 -3.826341964778e-11 9.598126727660e-11 6.847510084897e-10 1.877583154995e-09 
-2.462532802154e-20 -1.748559205687e-17 -1.305659013156e-15 -3.513300869036e-14 -5.107864959285e-13 -4.725163864244e-12 -2.881895270551e-11 -1.026415307321e-10 -6.238972215931e-11 1.045510874361e-09 
-5.073176090757e-24 -9.802526604922e-21 -1.752504610890e-18 -1.067813220257e-16 -3.479880782301e-15 -7.533440683098e-14 -1.207664692515e-12 -1.478932767145e-11 -1.251609808513e-10 -3.103035878270e-11 
