2.553973513891e-09 5.965387371262e-09 7.937003753749e-09 9.215637552821e-09 1.014217355847e-08 1.087889490062e-08 1.151008782704e-08 1.209112528119e-08 1.268076839425e-08 1.348807503838e-08 
1.585844818250e-10 1.256943070765e-09 2.967537474679e-09 4.585991019288e-09 5.894647713795e-09 6.948798251689e-09 7.849727899766e-09 8.678348693843e-09 9.519168302619e-09 1.067048319349e-08 
9.308913162534e-12 1.906900868337e-10 8.764010537601e-10 2.083198059613e-09 3.437226944408e-09 4.646356742293e-09 5.688106335955e-09 6.642200551331e-09 7.609189797712e-09 8.933173364158e-09 
-3.806548302280e-13 3.366056651556e-12 1.205035669091e-10 6.414873407404e-10 1.652890534231e-09 2.859241508760e-09 4.006900058598e-09 5.067702474302e-09 6.137662438635e-09 7.600939158870e-09 
-1.643448197985e-13 -5.161214597810e-12 -1.470809801282e-11 8.399964048304e-11 5.374645971206e-10 1.430023847864e-09 2.564211060670e-09 3.725417031249e-09 4.900429322108e-09 6.497188952067e-09 
-1.560559948600e-14 -9.896915282170e-13 -8.735261950243e-12 -1.819012227553e-11 6.317107382521e-11 4.481399489590e-10 1.287587980314e-09 2.460434400318e-09 3.757199428193e-09 5.497171276544e-09 
-6.166364958310e-16 -8.056764981151e-14 -1.465556565849e-12 -9.839538860602e-12 -2.740887711341e-11 1.084281015618e-11 3.335354462361e-10 1.209668895158e-09 2.585400365830e-09 4.513158937909e-09 
-9.879463169464e-18 -2.955708261398e-15 -1.087137248789e-13 -1.505769899961e-12 -1.085859913630e-11 -4.343629626783e-11 -7.294271115963e-11 1.616729032160e-10 1.232529257928e-09 3.436555613577e-09 
-4.302026923970e-20 -3.092353292854e-17 -2.332763716379e-15 -6.336290759371e-14 -9.300983346265e-13 -8.699551082123e-12 -5.382614653934e-11 -1.959927570238e-10 -1.336528453456e-10 1.977838349739e-09 
-9.288445925769e-24 -1.807482620852e-20 -3.253580259125e-18 -1.996326242500e-16 -6.553528731331e-15 -1.429864517394e-13 -2.311792768126e-12 -2.857430448330e-11 -2.444445002327e-10 -7.535950244930e-11 
