3.753098470608e-10 9.830635095383e-10 1.366139289112e-09 1.618492002465e-09 1.801735514186e-09 1.947441914616e-09 2.072271981361e-09 2.187182272213e-09 2.303794464947e-09 2.463456155084e-09 
3.348629555759e-11 2.772926338744e-10 6.704931102647e-10 1.048776466898e-09 1.356221480569e-09 1.603982721116e-09 1.815693921179e-09 2.010406699687e-09 2.207985889480e-09 2.478526940052e-09 
2.108808882018e-12 4.462229880205e-11 2.090333409784e-10 5.017949875545e-10 8.312953603884e-10 1.125224808821e-09 1.378227540763e-09 1.609917525835e-09 1.844748244427e-09 2.166276957554e-09 
-9.710649163043e-14 7.456739795111e-13 2.935060520144e-11 1.570985022476e-10 4.039255488382e-10 6.961924635309e-10 9.727938717319e-10 1.228029865924e-09 1.485487852482e-09 1.837626900374e-09 
-4.029690474578e-14 -1.255946348546e-12 -3.463962360087e-12 2.097976312252e-11 1.307984195024e-10 3.436247476634e-10 6.104606684171e-10 8.813331588515e-10 1.154967490086e-09 1.527010630167e-09 
-3.788297247849e-15 -2.373141445308e-13 -2.058261654395e-12 -4.055395147770e-12 1.588627872679e-11 1.064966174277e-10 2.988270243225e-10 5.618218097699e-10 8.497144122919e-10 1.236048814751e-09 
-1.467253151859e-16 -1.885756593405e-14 -3.367005516007e-13 -2.200835710267e-12 -5.787324403037e-12 4.077816733808e-12 7.693345998249e-11 2.662985075360e-10 5.555701097600e-10 9.576152194701e-10 
-2.271817221391e-18 -6.652283356239e-16 -2.395792260821e-14 -3.244713936577e-13 -2.277970490643e-12 -8.765099905664e-12 -1.319456884844e-11 3.855255649350e-11 2.539832459561e-10 6.798519654732e-10 
-9.329770334046e-21 -6.567328577443e-18 -4.861604662415e-16 -1.295700934218e-14 -1.861854904009e-13 -1.695402975090e-12 -1.010202885060e-11 -3.457332363180e-11 -1.565279884235e-11 3.595187491907e-10 
-1.835871765242e-24 -3.509806384836e-21 -6.206468825797e-19 -3.737735292856e-17 -1.202764046498e-15 -2.567085414961e-14 -4.045664186204e-13 -4.842818948919e-12 -3.948609582649e-11 -2.683648103552e-12 
