7.164555804814e-10 1.815340410992e-09 2.487157519027e-09 2.926651580776e-09 3.245440372301e-09 3.498916833310e-09 3.716078429510e-09 3.915981504337e-09 4.118843347357e-09 4.396591608722e-09 
5.725789891459e-11 4.643866625329e-10 1.108336278297e-09 1.720876076017e-09 2.216497585512e-09 2.615609743980e-09 2.956678662745e-09 3.270373304522e-09 3.588684405203e-09 4.024537357561e-09 
3.496191241706e-12 7.246110702761e-11 3.345949324023e-10 7.956064736689e-10 1.310864859741e-09 1.769382700053e-09 2.163917530622e-09 2.525244080060e-09 2.891476678704e-09 3.392916974502e-09 
-1.448587885461e-13 1.369723353782e-12 4.654041277473e-11 2.448844246533e-10 6.255208738123e-10 1.074664089724e-09 1.499132884705e-09 1.890789512963e-09 2.285878396484e-09 2.826261723430e-09 
-6.203834070235e-14 -1.921075990240e-12 -5.211451418485e-12 3.254091474856e-11 2.007692353112e-10 5.254473071326e-10 9.319510410152e-10 1.344682473589e-09 1.761662528127e-09 2.328593537365e-09 
-5.811460505722e-15 -3.627467375392e-13 -3.133998755616e-12 -6.130196239598e-12 2.423636776025e-11 1.618649469663e-10 4.543798665858e-10 8.549428380012e-10 1.293718369852e-09 1.882583682647e-09 
-2.238688424062e-16 -2.869799637897e-14 -5.121528598681e-13 -3.353032908475e-12 -8.865942040103e-12 5.991127690268e-12 1.168539196851e-10 4.057269132479e-10 8.485079022570e-10 1.465007776238e-09 
-3.455061396646e-18 -1.013146113913e-15 -3.655355853294e-14 -4.958907931199e-13 -3.488173719046e-12 -1.347781750229e-11 -2.071842123067e-11 5.735464920012e-11 3.893281092187e-10 1.051714951143e-09 
-1.425096329038e-20 -1.004488173988e-17 -7.447760983886e-16 -1.990171311330e-14 -2.872039907061e-13 -2.632763873323e-12 -1.584335804484e-11 -5.502880684885e-11 -2.772413502556e-11 5.666572294441e-10 
-2.840503293163e-24 -5.455764435417e-21 -9.692859422965e-19 -5.864664796424e-17 -1.895863277353e-15 -4.064902064428e-14 -6.437810253882e-13 -7.760074585820e-12 -6.433889616339e-11 -1.002825728168e-11 
