5.080091682158e-10 1.311550476729e-09 1.811112470982e-09 2.139119131093e-09 2.377170265357e-09 2.566452179684e-09 2.728614323827e-09 2.877888687649e-09 3.029372453924e-09 3.236777051242e-09 
4.319428363904e-11 3.541891054291e-10 8.510518992840e-10 1.326372838466e-09 1.711791917834e-09 2.022265897301e-09 2.287574485201e-09 2.531584159142e-09 2.779184232785e-09 3.118215033239e-09 
2.681513148132e-12 5.616348145074e-11 2.612062798874e-10 6.239314881833e-10 1.030625769875e-09 1.392931927555e-09 1.704715013514e-09 1.990241727870e-09 2.279641642671e-09 2.675883524347e-09 
-1.170179562350e-13 1.007799981355e-12 3.650795194502e-11 1.935723374513e-10 4.959447541431e-10 8.532350009023e-10 1.191023525592e-09 1.502690426792e-09 1.817079874303e-09 2.247086452215e-09 
-4.931952589524e-14 -1.532045243451e-12 -4.189135169861e-12 2.579107882887e-11 1.598277249714e-10 4.187880892706e-10 7.430409096241e-10 1.072162009089e-09 1.404628943778e-09 1.856662772527e-09 
-4.628334817661e-15 -2.892792045115e-13 -2.501602008261e-12 -4.897754978694e-12 1.935234221105e-11 1.292401939177e-10 3.625538150549e-10 6.816418765959e-10 1.030888049055e-09 1.499579372780e-09 
-1.785909728581e-16 -2.290089069791e-14 -4.085472475660e-13 -2.671531262098e-12 -7.038853467435e-12 4.906697773659e-12 9.332632501919e-11 3.229439792754e-10 6.738735997192e-10 1.161981948870e-09 
-2.756205281859e-18 -8.073903531806e-16 -2.909170565690e-14 -3.940137105157e-13 -2.765132624604e-12 -1.064019498991e-11 -1.612806519481e-11 4.616663855351e-11 3.079675682340e-10 8.276038207489e-10 
-1.132884323148e-20 -7.971361712370e-18 -5.899361559604e-16 -1.572971861243e-14 -2.263789256296e-13 -2.067693940231e-12 -1.237958054829e-11 -4.263762698859e-11 -2.002727624757e-11 4.408996391970e-10 
-2.235075672722e-24 -4.282573789130e-21 -7.590327179794e-19 -4.581161333738e-17 -1.477025017710e-15 -3.157347861946e-14 -4.981571295296e-13 -5.971634495092e-12 -4.901736702103e-11 -5.495626610060e-12 
