3.218073530395e-09 7.423735788440e-09 9.843602344867e-09 1.141291580727e-08 1.255021580066e-08 1.345453762195e-08 1.422932518654e-08 1.494255165787e-08 1.566634859903e-08 1.665734810628e-08 
1.935624688023e-10 1.536007530736e-09 3.631534196901e-09 5.620670609798e-09 7.232708907730e-09 8.531940846957e-09 9.642295188029e-09 1.066350691671e-08 1.169975818339e-08 1.311869937611e-08 
1.134394684139e-11 2.331950453449e-10 1.078210679847e-09 2.578519966491e-09 4.272372609186e-09 5.789164791964e-09 7.096712393043e-09 8.294166931906e-09 9.507765051786e-09 1.116942326481e-08 
-4.942019365499e-13 3.586124307522e-12 1.482935332792e-10 8.030521104027e-10 2.085146936059e-09 3.622524391322e-09 5.088828616737e-09 6.444898061839e-09 7.812575258203e-09 9.682962730600e-09 
-2.086597768536e-13 -6.613700608325e-12 -1.936313929652e-11 1.049510464960e-10 6.846321857896e-10 1.834116175878e-09 3.301848324738e-09 4.808307136545e-09 6.333240860985e-09 8.405206846289e-09 
-1.994078160568e-14 -1.273140540405e-12 -1.132633486156e-11 -2.409527142695e-11 7.974984160310e-11 5.784246088405e-10 1.674456358132e-09 3.214294243161e-09 4.920267930610e-09 7.208924972240e-09 
-7.956678012002e-16 -1.046131050511e-13 -1.914188014105e-12 -1.294815967830e-11 -3.660243440872e-11 1.170684607997e-11 4.351422140794e-10 1.596024514243e-09 3.426187581540e-09 5.992805255031e-09 
-1.289717143096e-17 -3.880966151330e-15 -1.434962501780e-13 -1.997721672068e-12 -1.448242794474e-11 -5.827748202333e-11 -9.907509029058e-11 2.117358892030e-10 1.643743608536e-09 4.606502326302e-09 
-5.698693940518e-20 -4.113698620216e-17 -3.112790356275e-15 -8.475141842671e-14 -1.246673125417e-12 -1.168843478540e-11 -7.260102604428e-11 -2.667440464509e-10 -1.935959124958e-10 2.681116320120e-09 
-1.246157760008e-23 -2.428667955711e-20 -4.379464587230e-18 -2.693148478132e-16 -8.866769107645e-15 -1.942029714831e-13 -3.156244686803e-12 -3.927671661072e-11 -3.376412117716e-10 -9.893083331849e-11 
