7.224938815774e-09 1.652853468205e-08 2.199961415197e-08 2.557784829567e-08 2.817509728114e-08 3.024040674717e-08 3.200982137982e-08 3.363863646839e-08 3.529159110654e-08 3.755476990801e-08 
4.449429771357e-10 3.639569110289e-09 8.802548190971e-09 1.381676779365e-08 1.792035130985e-08 2.123499733512e-08 2.406741360847e-08 2.667208248905e-08 2.931506673916e-08 3.293411569964e-08 
2.716638862814e-11 5.826226136419e-10 2.777044436137e-09 6.779784057511e-09 1.138794151076e-08 1.555579400524e-08 1.915472781002e-08 2.244941513831e-08 2.578810887139e-08 3.035940290115e-08 
-1.470470362890e-12 5.298997365745e-12 3.832266722071e-10 2.186019401366e-09 5.828540139835e-09 1.027357122600e-08 1.453581336265e-08 1.847875670701e-08 2.245478137886e-08 2.789197217253e-08 
-5.907742158859e-13 -1.937843478046e-11 -6.174359368403e-11 2.862474012117e-10 1.988006721742e-09 5.412844216663e-09 9.802875322893e-09 1.431397135527e-08 1.888379903445e-08 2.509248826952e-08 
-5.808528756989e-14 -3.783433830981e-12 -3.414941386371e-11 -7.405594280456e-11 2.362863887622e-10 1.735032686516e-09 5.030826209638e-09 9.681009655832e-09 1.486153173737e-08 2.181448964790e-08 
-2.379053908209e-15 -3.147533795556e-13 -5.768603641582e-12 -3.906595229651e-11 -1.112892367983e-10 2.709546963331e-11 1.287963868580e-09 4.823660397181e-09 1.051781000230e-08 1.854338825652e-08 
-3.885878485843e-17 -1.170430371521e-14 -4.343303839222e-13 -6.094301728099e-12 -4.483684894737e-11 -1.855920988623e-10 -3.403295253672e-10 5.942789742515e-10 5.209696133724e-09 1.486806141536e-08 
-1.733614535238e-19 -1.265050724633e-16 -9.701079583782e-15 -2.681753242478e-13 -4.010267195635e-12 -3.823562441089e-11 -2.408883216993e-10 -8.891859457735e-10 -6.184486768774e-10 8.852501210226e-09 
-4.045196519946e-23 -7.961627329640e-20 -1.445520780216e-17 -8.925835313708e-16 -2.942647708848e-14 -6.434312725124e-13 -1.039943754254e-11 -1.279706058507e-10 -1.079506209432e-09 -2.322879115001e-10 
