8.918061069149e-08 2.106017659042e-07 2.813110590143e-07 3.272798521865e-07 3.606071077786e-07 3.871071072386e-07 4.098110935249e-07 4.307111154113e-07 4.519209066383e-07 4.809657800501e-07 
5.704781359004e-09 4.555560916323e-08 1.084087888128e-07 1.684265564537e-07 2.171209834287e-07 2.563564674855e-07 2.898846672933e-07 3.207213616378e-07 3.520123502216e-07 3.948633221866e-07 
3.378291284145e-10 7.043675327753e-09 3.281022601917e-08 7.861406205681e-08 1.301554102729e-07 1.761446971140e-07 2.157334069197e-07 2.519865601606e-07 2.887313630944e-07 3.390465523692e-07 
-1.514136322509e-11 1.162211073578e-10 4.582506047746e-09 2.454264997285e-08 6.315827559538e-08 1.089325966933e-07 1.522610836550e-07 1.922415773901e-07 2.325700094565e-07 2.877331154294e-07 
-6.305198620891e-12 -1.968571019314e-10 -5.471196348650e-10 3.268721194609e-09 2.048114628822e-08 5.386547969203e-08 9.571817179964e-08 1.382089412208e-07 1.811319879097e-07 2.394938028094e-07 
-5.937251147608e-13 -3.726120452045e-11 -3.235756630225e-10 -6.386818306303e-10 2.487981351194e-09 1.669406990957e-08 4.686669272245e-08 8.814885975481e-08 1.333228322754e-07 1.939401073849e-07 
-2.304418456884e-14 -2.961656188770e-12 -5.287423185031e-11 -3.458169286672e-10 -9.118419287989e-10 6.299428712491e-10 1.207983101389e-08 4.182103925739e-08 8.715801032976e-08 1.501429860912e-07 
-3.566502561077e-16 -1.044769077098e-13 -3.765395070261e-12 -5.101251390150e-11 -3.578697382197e-10 -1.372968808588e-09 -2.047885662558e-09 6.075240518591e-09 3.972306597278e-08 1.061642060521e-07 
-1.466589100640e-18 -1.031863136552e-15 -7.628248835036e-14 -2.029363631039e-12 -2.910556002610e-11 -2.646085347655e-10 -1.575225990259e-09 -5.385485011015e-09 -2.350250560457e-09 5.592535842571e-08 
-2.866830852786e-22 -5.476359461757e-19 -9.680161859935e-17 -5.828525570254e-15 -1.874991420479e-13 -3.998372737768e-12 -6.286747044517e-11 -7.483129532098e-10 -6.031459938915e-09 -1.736414977487e-10 
