-2.4494359238697554e-09 5.1569176852318793e-09 7.1297486359650033e-09 8.3045447075946953e-09 9.1454105325368271e-09 9.8130726273786062e-09 1.0385032180623601e-08 1.0911539907216780e-08 1.1445846011726562e-08 1.2177567436771460e-08 
-1.1152760255721924e-08 -3.8515136455938771e-10 2.4117439585483378e-09 4.1210477307323270e-09 5.3465910147409526e-09 6.3074950535933632e-09 7.1251525072017147e-09 7.8768488117775297e-09 8.6395931414862470e-09 9.6841461155341519e-09 
-1.5797384027556016e-08 -3.4462214576805364e-09 -3.3330442616693506e-10 1.6013134121142660e-09 3.0600183786374004e-09 4.2021317378020845e-09 5.1516862133810920e-09 6.0158220313935915e-09 6.8911051780563706e-09 8.0896226903670455e-09 
-1.9428616964497771e-08 -5.7903583723453960e-09 -2.3751464514584159e-09 -3.4385434852865646e-10 1.2292538927023989e-09 2.5309416079558827e-09 3.6132666131640033e-09 4.5760447976956495e-09 5.5411349289131932e-09 6.8605683142566811e-09 
-2.2671351133785480e-08 -7.8551924428250776e-09 -4.0863473439940013e-09 -1.9016747401565221e-09 -3.0966805767263803e-10 1.0515058333906980e-09 2.2607017548917894e-09 3.3425821965197026e-09 4.4000442832188717e-09 5.8315395514525980e-09 
-2.5832720900263364e-08 -9.8465931550980735e-09 -5.7373038622013024e-09 -3.3241319958087188e-09 -1.6453991993783042e-09 -2.9793200750622507e-10 9.5366266977798648e-10 2.1676486622827715e-09 3.3522645318869039e-09 4.9040738588638573e-09 
-2.9130184327476052e-08 -1.1895662728247521e-08 -7.4531916206361897e-09 -4.8094240909856700e-09 -2.9526437724743089e-09 -1.5406471535817917e-09 -3.2840999681820020e-10 9.2136779149315745e-10 2.2804005474532137e-09 4.0024865513974435e-09 
-3.2863913626232234e-08 -1.4180477052814865e-08 -9.3627329585914693e-09 -6.4839112857295208e-09 -4.4276293231171108e-09 -2.8366877025035971e-09 -1.5659791202440938e-09 -4.2492169909734752e-10 9.8983890543450779e-10 3.0290681568233541e-09 
-3.8501476215159036e-08 -1.7466545826517499e-08 -1.2042299160459087e-08 -8.7993805848087971e-09 -6.4715810165293016e-09 -4.6283880304003605e-09 -3.0937815882778061e-09 -1.8358109710005588e-09 -6.7701738684664240e-10 1.6883346908908982e-09 
-5.0615314054478890e-08 -2.4340379372432148e-08 -1.7564870710079721e-08 -1.3514017640978203e-08 -1.0605223537146927e-08 -8.2926204988948586e-09 -6.3128559358078401e-09 -4.5137123575650515e-09 -2.8864798337275501e-09 -8.5354904886918219e-10 
