-7.7537685188732713e-10 1.0047056593473305e-09 1.4672012877298833e-09 1.7426081531447271e-09 1.9396213234333931e-09 2.0960078223603403e-09 2.2299693023417993e-09 2.3532845263728971e-09 2.4784262067941184e-09 2.6498050571598897e-09 
-3.1036801262859691e-09 -1.3570459669026392e-10 6.3487296179172661e-10 1.1063984951269849e-09 1.4445541057664349e-09 1.7095396592759088e-09 1.9349615441698542e-09 2.1421911350502638e-09 2.3524664030778567e-09 2.6404313999941028e-09 
-4.4934693094897303e-09 -9.8253220616700101e-10 -9.7932693128801394e-11 4.5211558531361588e-10 8.6703261465694940e-10 1.1917192977341613e-09 1.4615908856715723e-09 1.7072133143958107e-09 1.9560223119923325e-09 2.2967177078535427e-09 
-5.4716254167543173e-09 -1.6254879285039843e-09 -6.6271093538883135e-10 -8.9732745644805936e-11 3.5457534662693416e-10 7.2189789446079827e-10 1.0269101083957407e-09 1.2982568688276832e-09 1.5703928204679232e-09 1.9424991805834501e-09 
-6.2037998453255920e-09 -2.1416099376114872e-09 -1.1087551970640874e-09 -5.1023366502093780e-10 -7.3131831894578062e-11 3.0115322483229258e-10 6.3285326112775270e-10 9.2899620176790172e-10 1.2186635071605608e-09 1.6111175456353941e-09 
-6.7740619862708142e-09 -2.5734573282696033e-09 -1.4938850402052305e-09 -8.6037224747097044e-10 -4.1960051740655848e-10 -6.4597936630319562e-11 2.6564879627001792e-10 5.8461285446042658e-10 8.9505918618620067e-10 1.3025630418497950e-09 
-7.2261426500839130e-09 -2.9425405360984599e-09 -1.8384146789338993e-09 -1.1815555149027242e-09 -7.2068265847147104e-10 -3.7012704412009754e-10 -6.7548158896440870e-11 2.4503844408657383e-10 5.8217013483123597e-10 1.0089911545506541e-09 
-7.5957766329514583e-09 -3.2699507258292648e-09 -2.1544891666645124e-09 -1.4879892751136674e-09 -1.0121365317993118e-09 -6.4449945999157689e-10 -3.5085488205540931e-10 -8.4684033840441979e-11 2.4554582235061599e-10 7.1532620915387108e-10 
-8.0757827295393336e-09 -3.6564616993650534e-09 -2.5168580901683795e-09 -1.8355412129512049e-09 -1.3465093329139956e-09 -9.5945792644857944e-10 -6.3790092050271271e-10 -3.7511371739624361e-10 -1.2845739900234815e-10 3.7149266275395887e-10 
-8.9766968272800982e-09 -4.3055573915221334e-09 -3.1010124513766119e-09 -2.3808547844246763e-09 -1.8637317657834083e-09 -1.4526038944021509e-09 -1.1007128122833011e-09 -7.8155340821286372e-10 -4.9600529106475933e-10 -1.3189811594320997e-10 
