-5.4810052889471877e-10 6.4924724272942586e-10 9.6045987991012361e-10 1.1458054161144091e-09 1.2783715402455525e-09 1.3835883523122166e-09 1.4737148039739408e-09 1.5566783940814023e-09 1.6408707681978320e-09 1.7561704002980413e-09 
-2.2102621577634454e-09 -1.0756755669152358e-10 4.3811796887522797e-10 7.7226704305298944e-10 1.0120113249985749e-09 1.1998205058280773e-09 1.3595446875143786e-09 1.5063689192833758e-09 1.6553500866126380e-09 1.8593747902852373e-09 
-3.2788284195088350e-09 -7.2201217213341928e-10 -7.8043630872806820e-11 3.2226976689460369e-10 6.2451375322286441e-10 8.6111776209374144e-10 1.0577051314470756e-09 1.2365822415009465e-09 1.4177700004722959e-09 1.6658702298619795e-09 
-4.0561155854679368e-09 -1.2076022711405173e-09 -4.9448390416322756e-10 -7.0326733916128971e-11 2.5852236103638691e-10 5.3060259160606997e-10 7.5659807075813475e-10 9.5759799711429013e-10 1.1591461898014457e-09 1.4347257743049443e-09 
-4.6459784036306632e-09 -1.6052011400105295e-09 -8.3195693804073256e-10 -3.8389562610844636e-10 -5.6865036935598817e-11 2.2316750816651818e-10 4.7149522063842449e-10 6.9324565804959607e-10 9.1009873079521424e-10 1.2038714453089284e-09 
-5.1036861899488488e-09 -1.9394624092510397e-09 -1.1262202115576998e-09 -6.4896107519359070e-10 -3.1694445924558296e-10 -4.9626866130986145e-11 1.9908363404780221e-10 4.3939721895164440e-10 6.7328623097822867e-10 9.8025246432599971e-10 
-5.4566072060327417e-09 -2.2220191625593309e-09 -1.3882814472608782e-09 -8.9227313206499358e-10 -5.4425676066508556e-10 -2.7957024692900158e-10 -5.1122484888135661e-11 1.8494559878262442e-10 4.3954778899114574e-10 7.6182213286869415e-10 
-5.7241137841613809e-09 -2.4638881674741372e-09 -1.6232033315130460e-09 -1.1208859747216914e-09 -7.6225808559282438e-10 -4.8520932284884776e-10 -2.6394321485592310e-10 -6.3282592582233405e-11 1.8576801901594044e-10 5.3972336364322628e-10 
-6.0318550702424132e-09 -2.7303939085234251e-09 -1.8790511449830015e-09 -1.3700723677381418e-09 -1.0047420246950007e-09 -7.1560896918142862e-10 -4.7546012676990178e-10 -2.7929317484510862e-10 -9.4782536005787716e-11 2.7904091513780864e-10 
-6.4986972467685828e-09 -3.1150215394840987e-09 -2.2424744196982187e-09 -1.7208072939793702e-09 -1.3462142481266644e-09 -1.0484025420099866e-09 -7.9351034830950586e-10 -5.6242592271781234e-10 -3.5623298392640402e-10 -9.2099562841390622e-11 
