-9.9456295184538435e-08 2.0202691043575714e-07 2.8022681928647879e-07 3.2680285917106289e-07 3.6013718990452336e-07 3.8660318026959902e-07 4.0927510703113795e-07 4.3014532948451430e-07 4.5132467035995819e-07 4.8032934835551871e-07 
-4.5926653926019846e-07 -1.8218298849258782e-08 9.6293010365005923e-08 1.6633835143919600e-07 2.1657544516651036e-07 2.5594799584540499e-07 2.8944338948822819e-07 3.2023569076767273e-07 3.5148054881797177e-07 3.9426934554835124e-07 
-6.6303171804428671e-07 -1.4509441385321965e-07 -1.4602060677303064e-08 6.6525457854150140e-08 1.2773382614051234e-07 1.7563881346579791e-07 2.1545343260698042e-07 2.5168805250822647e-07 2.8839220420419874e-07 3.3865132619915727e-07 
-8.1067100013496239e-07 -2.4099537930099498e-07 -9.8386865855272480e-08 -1.3532982171464197e-08 5.2261313000634048e-08 1.0667050906754501e-07 1.5185454434530761e-07 1.9204759725090322e-07 2.3235525466970937e-07 2.8746969640975783e-07 
-9.2205940742086902e-07 -3.1837916785562754e-07 -1.6488127207970663e-07 -7.5934322299562321e-08 -1.0987876992659946e-08 4.4627712021474822e-08 9.3925132009718000e-08 1.3793848096906490e-07 1.8098625785268031e-07 2.3930845462537972e-07 
-1.0079193533473891e-06 -3.8290971011145655e-07 -2.2227875889152502e-07 -1.2801718046532654e-07 -6.2437159050853965e-08 -9.6196942872962408e-09 3.9520502203752816e-08 8.6983282785047588e-08 1.3317330691600692e-07 1.9380462347442854e-07 
-1.0738539861425721e-06 -4.3723186240618045e-07 -2.7313851010790693e-07 -1.7551795016827792e-07 -1.0702705704843157e-07 -5.4932644381206740e-08 -9.9591186953972393e-09 3.6512705775945290e-08 8.6616199021004280e-08 1.5003936573274796e-07 
-1.1237869897378124e-06 -4.8369409028927782e-07 -3.1863915817122201e-07 -2.2001745923327475e-07 -1.4960785010347048e-07 -9.5216651713444975e-08 -5.1775447701747685e-08 -1.2370201021218449e-08 3.6533718677465274e-08 1.0601863481870439e-07 
-1.1818801546901549e-06 -5.3497253740233279e-07 -3.6815545573158724e-07 -2.6842318361886935e-07 -1.9683830267244735e-07 -1.4018445200821683e-07 -9.3130553632096082e-08 -5.4696020296401745e-08 -1.8534706017818859e-08 5.4723688187075333e-08 
-1.2619391316145079e-06 -6.0471618501075399e-07 -4.3523836651896600e-07 -3.3391317228028989e-07 -2.6115468257101230e-07 -2.0330973138688562e-07 -1.5380171110496829e-07 -1.0892373132124767e-07 -6.8919645147629657e-08 -1.7615585507828853e-08 
