-1.0165329385642093e-09 1.4405054657005014e-09 2.0786478013309528e-09 2.4586209225386821e-09 2.7304757970760569e-09 2.9462917986774990e-09 3.1311663017928181e-09 3.3013500277264961e-09 3.4740560860346178e-09 3.7105777276583094e-09 
-4.0782997130872403e-09 -1.6256580624485628e-10 8.5439422887858081e-10 1.4763575047071452e-09 1.9222710466649415e-09 2.2717808733292946e-09 2.5691644218331423e-09 2.8425616875072702e-09 3.1199808737003037e-09 3.4999042936144585e-09 
-5.8041393263216894e-09 -1.2631497546927241e-09 -1.1874402941191792e-10 5.9296698314595860e-10 1.1295210022503835e-09 1.5493103624712284e-09 1.8983125899106326e-09 2.2160043579653977e-09 2.5378299374577173e-09 2.9785162597717247e-09 
-7.0010277148855112e-09 -2.0773919385104714e-09 -8.4495958458346241e-10 -1.1126458074433014e-10 4.5771256315279848e-10 9.2791437883642129e-10 1.3183094355714662e-09 1.6656638152228951e-09 2.0140564739539098e-09 2.4904454066134728e-09 
-7.9018643095070878e-09 -2.7270262512684929e-09 -1.4113406123564120e-09 -6.4890016211904947e-10 -9.1958131840047341e-11 3.8492311824908223e-10 8.0746124595936913e-10 1.1847105316750670e-09 1.5537375926551332e-09 2.0537187333459205e-09 
-8.6213130946445536e-09 -3.2754168117045838e-09 -1.9015060370827624e-09 -1.0952725999821158e-09 -5.3430470933907752e-10 -8.2502132691201764e-11 3.3774122378637699e-10 7.4366655167460493e-10 1.1388252714868951e-09 1.6574883537819774e-09 
-9.2218384884519842e-09 -3.7559937877757135e-09 -2.3471316609941428e-09 -1.5089668534498236e-09 -9.2085066624401786e-10 -4.7350620138317232e-10 -8.7525284878731334e-11 3.1113564984168661e-10 7.4139897097871690e-10 1.2862096320706751e-09 
-9.7612548782881772e-09 -4.2033602001535714e-09 -2.7701914820987862e-09 -1.9138507858032615e-09 -1.3024316780309665e-09 -8.2998803936252871e-10 -4.5263003889645492e-10 -1.1095528812577134e-10 3.1290016858018626e-10 9.1695133974488209e-10 
-1.0522640351277885e-08 -4.7658525741452470e-09 -3.2813538763411191e-09 -2.3938363983081660e-09 -1.7567918978614406e-09 -1.2525593580447972e-09 -8.3351716326521357e-10 -4.9092417890591520e-10 -1.7033358700784889e-10 4.8038449499455014e-10 
-1.2095810754717394e-08 -5.8052052083649175e-09 -4.1830441447196522e-09 -3.2132040249191882e-09 -2.5167886690010897e-09 -1.9631140689825720e-09 -1.4891938305362089e-09 -1.0591739447157583e-09 -6.7349396294729796e-10 -1.8403322296811696e-10 
