-2.4513296593704984e-09 5.1644911184589789e-09 7.1397861054494132e-09 8.3160519703538186e-09 9.1579725745178670e-09 9.8264752799414268e-09 1.0399158312209950e-08 1.0926335870676953e-08 1.1461326916506259e-08 1.2193999841037249e-08 
-1.1163606418201780e-08 -3.8534612813803319e-10 2.4143366926305916e-09 4.1253702186327093e-09 5.3521576441553208e-09 6.3140348171494549e-09 7.1325221645696069e-09 7.8849863800463950e-09 8.6485172666319131e-09 9.6941666483333585e-09 
-1.5811163575706735e-08 -3.4491778067281891e-09 -3.3357079298363982e-10 1.6027758284650030e-09 3.0628350072061413e-09 4.2060032892318331e-09 5.1564224590432329e-09 6.0213451975751579e-09 6.8974328651576913e-09 8.0970739833383607e-09 
-1.9444109770996904e-08 -5.7949527262722197e-09 -2.3770762352851396e-09 -3.4419954615094800e-10 1.2302293008357504e-09 2.5330515618612122e-09 3.6163040318939313e-09 4.5798912356754052e-09 5.5457932606988706e-09 6.8663593619482356e-09 
-2.2688045563345260e-08 -7.8609669902041279e-09 -4.0893740670102690e-09 -1.9031560225681927e-09 -3.0999695118884758e-10 1.0522466903627159e-09 2.2624322666332781e-09 3.3451833346221827e-09 4.4034765656955357e-09 5.8361105484593271e-09 
-2.5850370744770274e-08 -9.8533319848295478e-09 -5.7412365722985758e-09 -3.3264453382275668e-09 -1.6466258703496647e-09 -2.9826846542939176e-10 9.5424607369744539e-10 2.1691832055723633e-09 3.3547023689657492e-09 4.9076676493561176e-09 
-2.9148690867088152e-08 -1.1903258339243163e-08 -7.4579628066685541e-09 -4.8125158372962331e-09 -2.9545858742231543e-09 -1.5417675834470948e-09 -3.2881591745287807e-10 9.2183555146556658e-10 2.2819100174016058e-09 4.0052373021813510e-09 
-3.2883337717239140e-08 -1.4188927232902760e-08 -9.3683388062186665e-09 -6.4878084452928064e-09 -4.4303075771498571e-09 -2.8384570988033952e-09 -1.5671067279974537e-09 -4.2549653966189010e-10 9.9024165273672932e-10 3.0310059590690947e-09 
-3.8522443497708299e-08 -1.7476172560299300e-08 -1.2048984986926023e-08 -8.8042963468646777e-09 -6.4752170395528526e-09 -4.6310091665410917e-09 -3.0955942584927607e-09 -1.8371131648885188e-09 -6.7797686334167292e-10 1.6891112460706464e-09 
-5.0640633581829528e-08 -2.4352766272585656e-08 -1.7573902018394215e-08 -1.3521027905664084e-08 -1.0610770030021802e-08 -8.2969917373617966e-09 -6.3162113278164748e-09 -4.5161563825688138e-09 -2.8883019860299934e-09 -8.5480690244975795e-10 
