-1.3078376926993498e-09 2.0521989114307006e-09 2.9245114284326042e-09 3.4439000228895253e-09 3.8155538941275571e-09 4.1106212699104090e-09 4.3633898762690859e-09 4.5960730707417586e-09 4.8322049363463962e-09 5.1555885394387188e-09 
-5.3202968401644447e-09 -1.9478281310682013e-10 1.1366659766912276e-09 1.9506042221137960e-09 2.5340417482343046e-09 2.9914346077677592e-09 3.3806652407608634e-09 3.7385116237577681e-09 4.1016230917826380e-09 4.5989014721245010e-09 
-7.4785446682547279e-09 -1.6225610109906036e-09 -1.4648171008353507e-10 7.7152006389892750e-10 1.4633124286237341e-09 2.0045258579793765e-09 2.4545574748374688e-09 2.8642477753961840e-09 3.2792731671137251e-09 3.8475811344904673e-09 
-8.9792691576501066e-09 -2.6634087829538768e-09 -1.0824630513052653e-09 -1.4116520937284999e-10 5.8871490223542101e-10 1.1917847200777952e-09 1.6925376583633234e-09 2.1381213089762303e-09 2.5850342389792893e-09 3.1961330753951838e-09 
-1.0138619315189633e-08 -3.4997755187590086e-09 -1.8118358815063493e-09 -8.3360865004643798e-10 -1.1911804971218193e-10 4.9252336962132384e-10 1.0345316657188136e-09 1.5185684232046429e-09 1.9920437479584591e-09 2.6334804596918705e-09 
-1.1109399677542482e-08 -4.2224316118912076e-09 -2.4524270630057503e-09 -1.4136671605505432e-09 -6.9089414571795714e-10 -1.0901130571133273e-10 4.3206891631233141e-10 9.5498631908958348e-10 1.4642416907516954e-09 2.1324836394641224e-09 
-1.1978221045198159e-08 -4.8808234742458565e-09 -3.0514071285002990e-09 -1.9629913050962536e-09 -1.1991612585378152e-09 -6.1816715046243436e-10 -1.1729038513458079e-10 3.9983794354940405e-10 9.5868474681683106e-10 1.6664525181637956e-09 
-1.2833667626102789e-08 -5.5287342214059336e-09 -3.6450699285715021e-09 -2.5195396532888557e-09 -1.7158579640384597e-09 -1.0946898795419067e-09 -5.9852495211941720e-10 -1.5004170698032617e-10 4.0617220598221882e-10 1.2008412574328627e-09 
-1.4100682127001751e-08 -6.3889818262934836e-09 -4.4003711709151391e-09 -3.2114662924465220e-09 -2.3580827380408554e-09 -1.6825527132414458e-09 -1.1209048009758421e-09 -6.6143158637030036e-10 -2.3310220809854263e-10 6.3749179302400301e-10 
-1.6856771104538785e-08 -8.0954601820549156e-09 -5.8361771883667084e-09 -4.4854214931596999e-09 -3.5154810919223446e-09 -2.7443423704932690e-09 -2.0842532272886106e-09 -1.4850213865214124e-09 -9.4605908732351756e-10 -2.6565961990048346e-10 
