5.853454787938e-09 1.332105129403e-08 1.766225683106e-08 2.049301195308e-08 2.254673615671e-08 2.417981917778e-08 2.557894364151e-08 2.686689470141e-08 2.817393481408e-08 2.996380592717e-08 
3.492858482219e-10 2.830274274665e-09 6.801562536652e-09 1.063781644031e-08 1.377192767035e-08 1.630200383556e-08 1.846391199618e-08 2.045207182467e-08 2.246948883397e-08 2.523220804322e-08 
2.103608543232e-11 4.458373749014e-10 2.111406646524e-09 5.140928022082e-09 8.616368812563e-09 1.174808710738e-08 1.445049115750e-08 1.692516127053e-08 1.943297151397e-08 2.286686095768e-08 
-1.101918803013e-12 4.322105158774e-12 2.924562113944e-10 1.653720022167e-09 4.369658836951e-09 7.656085658820e-09 1.080644174900e-08 1.372500176759e-08 1.666806936394e-08 2.069268706307e-08 
-4.433400001206e-13 -1.432598525809e-11 -4.382358589417e-11 2.175743118167e-10 1.463591777713e-09 3.965783374108e-09 7.202026041003e-09 1.054804951539e-08 1.393708746466e-08 1.854010386963e-08 
-4.289311907219e-14 -2.764568780572e-12 -2.491098553146e-11 -5.539199329036e-11 1.641568251341e-10 1.264096664732e-09 3.742653594590e-09 7.269494287975e-09 1.118540623471e-08 1.643584426558e-08 
-1.735979090385e-15 -2.314551604520e-13 -4.308659104788e-12 -2.979605642866e-11 -8.717358965639e-11 1.634753738694e-11 9.952547825996e-10 3.705818554495e-09 7.975077870675e-09 1.395515375020e-08 
-2.900962355796e-17 -8.885200022300e-15 -3.325912726392e-13 -4.666969762490e-12 -3.395890161294e-11 -1.364222937835e-10 -2.287566759390e-10 5.061562143351e-10 3.837468122646e-09 1.070252327865e-08 
-1.329054125565e-19 -9.629117852677e-17 -7.286367457533e-15 -1.979878859970e-13 -2.902525766889e-12 -2.709048082218e-11 -1.674093604644e-10 -6.132752163218e-10 -4.613615858284e-10 6.186343218104e-09 
-2.894730720464e-23 -5.625019465778e-20 -1.011774890153e-17 -6.209795547558e-16 -2.042346859108e-14 -4.475546207144e-13 -7.300489576393e-12 -9.185568181734e-11 -8.125851120637e-10 -3.000051523603e-10 
