2.013866328578e-10 5.402852991228e-10 7.590796252154e-10 9.041337714738e-10 1.009580079327e-09 1.093428701649e-09 1.165262405871e-09 1.231387999186e-09 1.298493647769e-09 1.390389109947e-09 
1.945050201094e-11 1.641219122625e-10 4.019851235889e-10 6.337016557282e-10 8.230328674531e-10 9.757572507859e-10 1.106248845014e-09 1.226256728444e-09 1.348031600748e-09 1.514794372315e-09 
1.255825379360e-12 2.716830715379e-11 1.294578564939e-10 3.144925661602e-10 5.246336452938e-10 7.128250702423e-10 8.749304840446e-10 1.023360403818e-09 1.173795728705e-09 1.379787972244e-09 
-6.570024328811e-14 3.656981258635e-13 1.834669231886e-11 1.004386375403e-10 2.608671997684e-10 4.522367668661e-10 6.338554447398e-10 8.015049426900e-10 9.705986160906e-10 1.201884706357e-09 
-2.622158819083e-14 -8.268663851576e-13 -2.367914249022e-12 1.339243979929e-11 8.568178671840e-11 2.269714720835e-10 4.048001067638e-10 5.856682252864e-10 7.684202218728e-10 1.016874641958e-09 
-2.487173508234e-15 -1.573250403721e-13 -1.377419314486e-12 -2.769852827774e-12 1.040910488441e-11 7.089532901701e-11 2.000544110213e-10 3.774833070778e-10 5.718811385471e-10 8.326898235840e-10 
-9.764975286380e-17 -1.262002999570e-14 -2.262584359495e-13 -1.487373584808e-12 -3.964584224738e-12 2.514848765530e-12 5.176635551097e-11 1.805158534040e-10 3.770880372771e-10 6.502185035398e-10 
-1.525809429788e-18 -4.487647713033e-16 -1.623683999288e-14 -2.208127907836e-13 -1.554554238487e-12 -5.980300842740e-12 -8.942579222469e-12 2.632682129133e-11 1.725249253045e-10 4.616479175845e-10 
-6.341967174364e-21 -4.475387308809e-18 -3.313920083828e-16 -8.822142409461e-15 -1.265471874214e-13 -1.150617299379e-12 -6.856854573767e-12 -2.352043581141e-11 -1.042350213452e-11 2.439347256021e-10 
-1.246366445520e-24 -2.381247333657e-21 -4.211355130810e-19 -2.537972519915e-17 -8.173872033183e-16 -1.745126111015e-14 -2.746112579766e-13 -3.266583598630e-12 -2.621189355041e-11 -5.871399258951e-13 
