-9.4381204934096153e-10 1.2993198896941499e-09 1.8819448435802812e-09 2.2288665076613114e-09 2.4770622637115680e-09 2.6740890195354707e-09 2.8428655915912897e-09 2.9982295059110841e-09 3.1558954789111825e-09 3.3718200693766923e-09 
-3.7797983264839715e-09 -1.5490844215310951e-10 7.8637314741091519e-10 1.3621190929151407e-09 1.7749332214723061e-09 2.0984791221201216e-09 2.3737553940556494e-09 2.6268241039264029e-09 2.8836144121285894e-09 3.2352874096939015e-09 
-5.4053270993959277e-09 -1.1778120852984618e-09 -1.1251087903805295e-10 5.4993915925603412e-10 1.0494245490849299e-09 1.4402356109473841e-09 1.7651264476582684e-09 2.0608577718637186e-09 2.3604340336778037e-09 2.7706542597806314e-09 
-6.5358719756752506e-09 -1.9398483327806874e-09 -7.8943334309997238e-10 -1.0464038122484256e-10 4.2638739029058459e-10 8.6526773171783159e-10 1.2296660875553791e-09 1.5538796720616788e-09 1.8790572340595681e-09 2.3237025067457503e-09 
-7.3836011209916837e-09 -2.5481785136027789e-09 -1.3188143774449288e-09 -6.0641304548063526e-10 -8.6055584314101515e-11 3.5950002090674183e-10 7.5429007003641041e-10 1.1067610177489593e-09 1.4515468439786436e-09 1.9186887855613065e-09 
-8.0538325315467049e-09 -3.0595610919017770e-09 -1.7760658259310879e-09 -1.0229046933208422e-09 -4.9887465652693241e-10 -7.6816801002988921e-11 3.1577169568063232e-10 6.9496774427215439e-10 1.0640811625156758e-09 1.5485756387749317e-09 
-8.6029372967689589e-09 -3.5034850111074767e-09 -2.1891131905430354e-09 -1.4071820791914678e-09 -8.5854599670504128e-10 -4.4124397785002608e-10 -8.1139386135444581e-11 2.9083855490234541e-10 6.9221330140993985e-10 1.2004132035978365e-09 
-9.0809787851249172e-09 -3.9098870332988491e-09 -2.5765100125646434e-09 -1.7798122402412984e-09 -1.2109957702438165e-09 -7.7150722784173712e-10 -4.2049497008923705e-10 -1.0257061590240210e-10 2.9189536451474093e-10 8.5378786741275475e-10 
-9.7419847993522222e-09 -4.4116568058962309e-09 -3.0371803862473780e-09 -2.2154550992304522e-09 -1.6256444154000582e-09 -1.1588152068659559e-09 -7.7091494133329268e-10 -4.5388930957794190e-10 -1.5700792400235765e-10 4.4575601685570298e-10 
-1.1075850168441231e-08 -5.3144668289718028e-09 -3.8288320813135062e-09 -2.9406325243251790e-09 -2.3028494000285038e-09 -1.7957951598185514e-09 -1.3617896072053178e-09 -9.6805308557052836e-10 -6.1529353113081593e-10 -1.6708502089068302e-10 
