-4.1699646842221321e-10 4.6664154000311505e-10 6.9635994910451779e-10 8.3318731577409177e-10 9.3104070887488060e-10 1.0086989922150949e-09 1.0752176035974341e-09 1.1364494936231664e-09 1.1985886464098170e-09 1.2836885911976211e-09 
-1.6981588629059742e-09 -8.8976017459607276e-11 3.2845775769197819e-10 5.8420517689065168e-10 7.6777392657074364e-10 9.1154248698208837e-10 1.0337831693193714e-09 1.1461447962176129e-09 1.2601570648519876e-09 1.4162961715621093e-09 
-2.5701455603928574e-09 -5.6932717861063093e-10 -6.5564476205656374e-11 2.4749019666326234e-10 4.8403933468606754e-10 6.6928594735581380e-10 8.2315402956126398e-10 9.6312715678273945e-10 1.1049014984302761e-09 1.2990360436335594e-09 
-3.2254110678019255e-09 -9.6224083220208047e-10 -3.9562166672745861e-10 -5.8789653544745671e-11 2.0229709213343994e-10 4.1847270216272734e-10 5.9809448394722911e-10 7.5781218568049513e-10 9.1793575172293452e-10 1.1368715839773301e-09 
-3.7331490197482487e-09 -1.2909870161380003e-09 -6.6990778192272566e-10 -3.1003580321294657e-10 -4.7539691586582317e-11 1.7721661430535482e-10 3.7666630848299248e-10 5.5482107335329142e-10 7.2899861458047488e-10 9.6492974127199097e-10 
-4.1319544925840179e-09 -1.5708419249366143e-09 -9.1260578648655529e-10 -5.2628234132767973e-10 -2.5756566251287324e-10 -4.1322428203991817e-11 1.5988331358123778e-10 3.5442272848956796e-10 5.4378347024275839e-10 7.9224394870689064e-10 
-4.4402128019941699e-09 -1.8084052403556577e-09 -1.1300590266675207e-09 -7.2649067385309614e-10 -4.4332326727335386e-10 -2.2799128921338822e-10 -4.2215053112058621e-11 1.4980090464367188e-10 3.5701532548642173e-10 6.1926307967434061e-10 
-4.6693181933234522e-09 -2.0098621120213680e-09 -1.3241157132589190e-09 -9.1438042028603627e-10 -6.2185109503832307e-10 -3.9586966606082890e-10 -2.1542735112577581e-10 -5.1831707607905728e-11 1.5134661737614010e-10 4.4014558604056090e-10 
-4.9118563831113237e-09 -2.2231756341129078e-09 -1.5298734342011999e-09 -1.1153856767586963e-09 -8.1788125945885968e-10 -5.8243286670045014e-10 -3.8689990861875385e-10 -2.2725836191803167e-10 -7.7060007407050966e-11 2.2758475176800803e-10 
-5.2086674140302458e-09 -2.4956570522723776e-09 -1.7960781835379135e-09 -1.3778289205438290e-09 -1.0774997152448925e-09 -8.3873137194591236e-10 -6.3437851635124889e-10 -4.4916286162741582e-10 -2.8422425742488866e-10 -7.2488563630985770e-11 
