1.538222394870e-07 5.155833768208e-08 9.725235712834e-09 1.227352380052e-09 1.097903856249e-10 6.436826635014e-12 2.122995531528e-13 2.968308452216e-15 9.576409782852e-18 1.135220288432e-21 
5.155833768208e-08 1.481236329122e-07 6.747431528068e-08 2.000125009824e-08 3.711220585530e-09 4.344019556112e-10 2.897248430029e-11 8.533439247338e-13 6.270434745172e-15 1.969562768925e-18 
9.725235712834e-09 6.747431528068e-08 1.255135671508e-07 6.248995001457e-08 2.244643895196e-08 4.768708111887e-09 5.639478771854e-10 3.012973396353e-11 4.332979419366e-13 3.166596151697e-16 
1.227352380052e-09 2.000125009824e-08 6.248995001457e-08 1.088303117672e-07 5.459995949850e-08 2.084571296696e-08 4.304126010400e-09 4.034069571581e-10 1.074744510056e-11 1.731892948288e-14 
1.097903856249e-10 3.711220585530e-09 2.244643895196e-08 5.459995949850e-08 9.616460762773e-08 4.662792028778e-08 1.711546091222e-08 2.870535058621e-09 1.424990367818e-10 5.046519640855e-13 
6.436826635014e-12 4.344019556112e-10 4.768708111887e-09 2.084571296696e-08 4.662792028778e-08 8.596424576385e-08 3.875677324000e-08 1.214975657818e-08 1.181660828292e-09 9.685662866710e-12 
2.122995531528e-13 2.897248430029e-11 5.639478771854e-10 4.304126010400e-09 1.711546091222e-08 3.875677324000e-08 7.744221360957e-08 3.063989052819e-08 6.368137206834e-09 1.352949912308e-10 
2.968308452216e-15 8.533439247338e-13 3.012973396353e-11 4.034069571581e-10 2.870535058621e-09 1.214975657818e-08 3.063989052819e-08 6.942240061843e-08 2.103405919803e-08 1.402694259103e-09 
9.576409782852e-18 6.270434745172e-15 4.332979419366e-13 1.074744510056e-11 1.424990367818e-10 1.181660828292e-09 6.368137206834e-09 2.103405919803e-08 6.149606770925e-08 9.872809226420e-09 
1.135220288432e-21 1.969562768925e-18 3.166596151697e-16 1.731892948288e-14 5.046519640855e-13 9.685662866710e-12 1.352949912308e-10 1.402694259103e-09 9.872809226420e-09 4.819422922437e-08 
