1.987658610898e-07 6.720941771031e-08 1.251134050137e-08 1.568751272049e-09 1.399417737297e-10 8.204908691682e-12 2.714773154466e-13 3.813486839093e-15 1.243337646283e-17 1.497729666515e-21 
6.720941771031e-08 1.827671653998e-07 8.635753513565e-08 2.551178568844e-08 4.729090418969e-09 5.546219920868e-10 3.712677395963e-11 1.099828511456e-12 8.174462408386e-15 2.605097402509e-18 
1.251134050137e-08 8.635753513565e-08 1.523644886888e-07 7.962799344867e-08 2.862759644213e-08 6.099713051168e-09 7.241978030745e-10 3.897008956613e-11 5.667697146124e-13 4.198829653073e-16 
1.568751272049e-09 2.551178568844e-08 7.962799344867e-08 1.310001427146e-07 6.977238615823e-08 2.672067578820e-08 5.542491330156e-09 5.237911725791e-10 1.410039114932e-11 2.302255471466e-14 
1.399417737297e-10 4.729090418969e-09 2.862759644213e-08 6.977238615823e-08 1.152701077660e-07 5.993679323094e-08 2.212811405179e-08 3.742942375069e-09 1.875236065792e-10 6.725432940134e-13 
8.204908691682e-12 5.546219920868e-10 6.099713051168e-09 2.672067578820e-08 5.993679323094e-08 1.027848190448e-07 5.037852794476e-08 1.591358071321e-08 1.560448429997e-09 1.293987784849e-11 
2.714773154466e-13 3.712677395963e-11 7.241978030745e-10 5.542491330156e-09 2.212811405179e-08 5.037852794476e-08 9.259779804902e-08 4.032515538448e-08 8.446625007144e-09 1.811950311617e-10 
3.813486839093e-15 1.099828511456e-12 3.897008956613e-11 5.237911725791e-10 3.742942375069e-09 1.591358071321e-08 4.032515538448e-08 8.277090682911e-08 2.805167044695e-08 1.884388934384e-09 
1.243337646283e-17 8.174462408386e-15 5.667697146124e-13 1.410039114932e-11 1.875236065792e-10 1.560448429997e-09 8.446625007144e-09 2.805167044695e-08 7.285100182761e-08 1.336923314285e-08 
1.497729666515e-21 2.605097402509e-18 4.198829653073e-16 2.302255471466e-14 6.725432940134e-13 1.293987784849e-11 1.811950311617e-10 1.884388934384e-09 1.336923314285e-08 5.592412845787e-08 
