-2.0340827548226604e-09 3.9467077481030929e-09 5.4982823212289316e-09 6.4221656545135096e-09 7.0834083505074372e-09 7.6084456695925586e-09 8.0582295789318625e-09 8.4722767211763186e-09 8.8924646879341335e-09 9.4679247223349204e-09 
-8.8570976576235612e-09 -2.9858058899228635e-10 1.9248601402668899e-09 3.2835925932586515e-09 4.2575736535859493e-09 5.0212681398402552e-09 5.6711843722336760e-09 6.2686986052043975e-09 6.8750089134170150e-09 7.7053614229496856e-09 
-1.2415057261975823e-08 -2.6968812256215368e-09 -2.4723261150258188e-10 1.2757729549173598e-09 2.4236228389162939e-09 3.3219739854735077e-09 4.0689763909167088e-09 4.7489210792569271e-09 5.4376885155175406e-09 6.3808517040953308e-09 
-1.5060439924862641e-08 -4.4778228970760103e-09 -1.8283240147928270e-09 -2.5158387723251060e-10 9.7021278948080615e-10 1.9804853890814573e-09 2.8200030821511732e-09 3.5669154309304752e-09 4.3158187823786828e-09 5.3397864199751039e-09 
-1.7316148935069434e-08 -5.9904382081947841e-09 -3.1100939672662504e-09 -1.4406163104611743e-09 -2.2283042285458368e-10 8.1893556337744290e-10 1.7434680950194004e-09 2.5700536748283002e-09 3.3782267667752874e-09 4.4725974717589964e-09 
-1.9431636844027318e-08 -7.3988916832426062e-09 -4.3060434673890558e-09 -2.4902457752470222e-09 -1.2269939488600865e-09 -2.1186788205208970e-10 7.3146307025951996e-10 1.6453040423928386e-09 2.5363905443317253e-09 3.7043769567416600e-09 
-2.1567241152565511e-08 -8.8008245980050546e-09 -5.5100957331869404e-09 -3.5519271064875362e-09 -2.1770534916499202e-09 -1.1314939771042840e-09 -2.3256526465635953e-10 6.9480062497169648e-10 1.7011514011371195e-09 2.9761505615612673e-09 
-2.3935503668792175e-08 -1.0323135343297728e-08 -6.8130072940334414e-09 -4.7155612505591532e-09 -3.2175534794064658e-09 -2.0589470144210805e-09 -1.1335705018114170e-09 -3.0102857783010882e-10 7.3142308904655415e-10 2.2162425051517604e-09 
-2.7522751988972599e-08 -1.2481587903698837e-08 -8.6029214264483001e-09 -6.2840216612412006e-09 -4.6194941080669981e-09 -3.3015946877868778e-09 -2.2048174421801938e-09 -1.3065698346545408e-09 -4.7629422131965634e-10 1.2177045629090237e-09 
-3.5362069611937161e-08 -1.7000660748320408e-08 -1.2265781533355254e-08 -9.4349327264813831e-09 -7.4021691252938903e-09 -5.7860304802915735e-09 -4.4025129965689748e-09 -3.1455268286966882e-09 -2.0099884301617244e-09 -5.8922143603847608e-10 
