-8.3768828738015725e-10 1.1108180415804343e-09 1.6170299811038883e-09 1.9184629592970135e-09 2.1341034159650285e-09 2.3052819332652233e-09 2.4519170020085647e-09 2.5869006764125710e-09 2.7238862927109554e-09 2.9114920722344909e-09 
-3.3517975308571716e-09 -1.4287430582263930e-10 6.9034584260871422e-10 1.2001421664500484e-09 1.5657144796498078e-09 1.8522019236653859e-09 2.0959298612528217e-09 2.3199939543486742e-09 2.5473557978110713e-09 2.8587317667663301e-09 
-4.8278804701817513e-09 -1.0541592352610601e-09 -1.0330306272787235e-10 4.8800596265996929e-10 9.3399781784921407e-10 1.2829756927126841e-09 1.5730514465232314e-09 1.8370752017243088e-09 2.1045313805066580e-09 2.4707741313071428e-09 
-5.8608733584896289e-09 -1.7404485542657262e-09 -7.0906500828752553e-10 -9.5192997968020895e-11 3.8088984539720727e-10 7.7445182165661900e-10 1.1012291592225140e-09 1.3919429204730495e-09 1.6835112410228223e-09 2.0822039397363145e-09 
-6.6337018206527735e-09 -2.2897410848523815e-09 -1.1852809689410275e-09 -5.4528510464717562e-10 -7.7838866654247084e-11 3.2247348741866348e-10 6.7722880788799182e-10 9.9394216014151477e-10 1.3037297217783163e-09 1.7234556741973840e-09 
-7.2382444956251470e-09 -2.7497675380979527e-09 -1.5962141576188474e-09 -9.1930763738675791e-10 -4.4835617280703533e-10 -6.9024837274217810e-11 2.8388902051815174e-10 6.2476835850000426e-10 9.5654365901727144e-10 1.3920308932877607e-09 
-7.7230010028099055e-09 -3.1449946172395840e-09 -1.9649778222125516e-09 -1.2629698204069208e-09 -7.7042924550384103e-10 -3.9580808818054001e-10 -7.2470715570768557e-11 2.6161145713048603e-10 6.2201055455758058e-10 1.0782664940973177e-09 
-8.1283777356877311e-09 -3.4994682237142131e-09 -2.3058459477338082e-09 -1.5926390302282026e-09 -1.0834359262006505e-09 -6.9003718274167316e-10 -3.7585138771322527e-10 -9.1127722273991264e-11 2.6222843521961396e-10 7.6514834297754243e-10 
-8.6690004392452399e-09 -3.9254042877944788e-09 -2.7021728661797265e-09 -1.9708533455377410e-09 -1.4459258946548924e-09 -1.0304574953838177e-09 -6.8528114204222616e-10 -4.0322208420860825e-10 -1.3871651728566084e-10 3.9799497978262008e-10 
-9.7176818365059033e-09 -4.6617860748992352e-09 -3.3580161889063230e-09 -2.5785294853115343e-09 -2.0187992815270745e-09 -1.5737927632346649e-09 -1.1928968986052878e-09 -8.4739823132127096e-10 -5.3816172474826419e-10 -1.4437926372898173e-10 
