2.643307084632e-10 7.025755007058e-10 9.827881009731e-10 1.168062336451e-09 1.302681985200e-09 1.409727626230e-09 1.501435880141e-09 1.585857488972e-09 1.671531158591e-09 1.788856062049e-09 
2.474583578491e-11 2.071818700382e-10 5.046972396953e-10 7.929482685814e-10 1.027914482569e-09 1.217365613855e-09 1.379242202220e-09 1.528118732555e-09 1.679189286845e-09 1.886074403929e-09 
1.580500628200e-12 3.388320975065e-11 1.602566111493e-10 3.872707121042e-10 6.440895186161e-10 8.736405783458e-10 1.071292880114e-09 1.252283304172e-09 1.435725042353e-09 1.686918480117e-09 
-7.850604320827e-14 4.973827187852e-13 2.257834482768e-11 1.225671190069e-10 3.169511733228e-10 5.479374454984e-10 7.668646191141e-10 9.689136629025e-10 1.172709905698e-09 1.451472700459e-09 
-3.182578303426e-14 -9.984989128939e-13 -2.812916161727e-12 1.634387139242e-11 1.033284299841e-10 2.727162054446e-10 4.855830737435e-10 7.018353845333e-10 9.202999544573e-10 1.217333819850e-09 
-3.003031125305e-15 -1.889839043540e-13 -1.647974661468e-12 -3.295464693705e-12 1.251383822343e-11 8.488909124312e-11 2.389290574028e-10 4.498952822789e-10 6.809154331471e-10 9.908960770949e-10 
-1.170406969313e-16 -1.509594377519e-14 -2.702349464180e-13 -1.771217203433e-12 -4.684303082903e-12 3.132726616862e-12 6.156627509987e-11 2.139014916627e-10 4.466441121767e-10 7.699798991657e-10 
-1.822303224015e-18 -5.345237161337e-16 -1.927918714066e-14 -2.615008730166e-13 -1.838652205513e-12 -7.082907869312e-12 -1.066711739769e-11 3.106178940296e-11 2.043341651994e-10 5.463216604018e-10 
-7.513480081077e-21 -5.294759540621e-18 -3.921536360522e-16 -1.045033800585e-14 -1.500607878920e-13 -1.364728576307e-12 -8.117881816900e-12 -2.773052862589e-11 -1.237655769541e-11 2.878586714796e-10 
-1.478363088423e-24 -2.823644747991e-21 -4.988676063026e-19 -3.001952397881e-17 -9.653194776845e-16 -2.058835785979e-14 -3.241154687192e-13 -3.869673978003e-12 -3.132479689207e-11 -1.282203397524e-12 
