-3.1443583628382740e-09 7.1015079146201154e-09 9.7586333868268448e-09 1.1341110697764281e-08 1.2473794360786736e-08 1.3373150620857338e-08 1.4143594661790985e-08 1.4852823294161108e-08 1.5572570580711229e-08 1.6558286354092241e-08 
-1.5168690477795945e-08 -5.6925396098610665e-10 3.2217048815704739e-09 5.5395750293726538e-09 7.2021820017729598e-09 8.5055278525349374e-09 9.6143284030460344e-09 1.0633628245198310e-08 1.1667921417771341e-08 1.3084403108499538e-08 
-2.1959534192698288e-08 -4.8275023479744155e-09 -5.1117939002541601e-10 2.1701884761249092e-09 4.1939655690950219e-09 5.7794808040332378e-09 7.0972014658485525e-09 8.2959703906154415e-09 9.5101144119556241e-09 1.1172677458350189e-08 
-2.7600169709410541e-08 -8.2548544665031805e-09 -3.4095772058798530e-09 -5.3015347276346456e-10 1.6986228955623288e-09 3.5451884447372199e-09 5.0817196528200692e-09 6.4480455200384881e-09 7.8171545680675720e-09 9.6888531143583444e-09 
-3.2870377966592025e-08 -1.1412339814229734e-08 -5.9525842068901757e-09 -2.7877489042690391e-09 -4.8437646190703294e-10 1.4843931018966061e-09 3.2357860545065404e-09 4.8042040399188579e-09 6.3364878913273716e-09 8.4099722756698024e-09 
-3.8183505439939738e-08 -1.4573308761376921e-08 -8.5036989956439838e-09 -4.9383778804843086e-09 -2.4585861480801886e-09 -4.7090837365874181e-10 1.3747587487577045e-09 3.1687115213465711e-09 4.9202850317397070e-09 7.2128590528341379e-09 
-4.3812490044495295e-08 -1.7904246092258341e-08 -1.1225868014621822e-08 -7.2510753909736827e-09 -4.4588538475519616e-09 -2.3362648909473034e-09 -5.1649827839754355e-10 1.3606139391133959e-09 3.4050081616200102e-09 5.9957689668326320e-09 
-5.0200064276415372e-08 -2.1672355667039321e-08 -1.4316100022267586e-08 -9.9203190951472701e-09 -6.7802386213199898e-09 -4.3502217151549030e-09 -2.4091767005295725e-09 -6.6914986540336008e-10 1.4856556491337021e-09 4.6045038258228139e-09 
-6.0084408195625153e-08 -2.7266934448071089e-08 -1.8804288621391811e-08 -1.3744804936181951e-08 -1.0112990362522191e-08 -7.2369588520656353e-09 -4.8413408096511525e-09 -2.8776096545832839e-09 -1.0782683645858591e-09 2.6148114149359901e-09 
-7.9833068702603738e-08 -3.8400426573970360e-08 -2.7716139490136935e-08 -2.1328309926924112e-08 -1.6741364556677389e-08 -1.3094527654994555e-08 -9.9725012322187403e-09 -7.1352441126803958e-09 -4.5685663355722820e-09 -1.3605140659792056e-09 
