-1.8657405724086528e-08 3.1096176653480677e-08 4.4014855793346752e-08 5.1712105191808888e-08 5.7218982549919933e-08 6.1589664403793096e-08 6.5333461427965684e-08 6.8779758826433894e-08 7.2277167091983506e-08 7.7066971329927418e-08 
-9.0126322855405457e-08 -5.0288329987821168e-09 1.7025923154900871e-08 3.0554213727644542e-08 4.0274150200999934e-08 4.7881806306458925e-08 5.4347548053088067e-08 6.0290291750323718e-08 6.6320353237404447e-08 7.4578615792937733e-08 
-1.4171742789635346e-07 -3.1751557737744839e-08 -4.0858259760994667e-09 1.3111603370888906e-08 2.6124393441185153e-08 3.6314155719140081e-08 4.4774833614984677e-08 5.2469577952097994e-08 6.0262495757571468e-08 7.0933472342633730e-08 
-1.8219159852589384e-07 -5.4569437067844203e-08 -2.2610631448521463e-08 -3.6159878466863411e-09 1.1092492170113262e-08 2.3271337147502048e-08 3.3406829948743179e-08 4.2422580020253180e-08 5.1455344298486903e-08 6.3802957706165725e-08 
-2.1898992194978517e-07 -7.6150454072200780e-08 -3.9802750276067482e-08 -1.8724989428303669e-08 -3.3920693309874195e-09 9.6919878261076295e-09 2.1340183317444199e-08 3.1789722835209518e-08 4.1996173091881052e-08 5.5799496726489678e-08 
-2.6088477636248273e-07 -9.9790274986493663e-08 -5.8372486439812048e-08 -3.4031129055568968e-08 -1.7098993229370504e-08 -3.5600080842109971e-09 8.9937838296216503e-09 2.1234000695224159e-08 3.3208795486688648e-08 4.8857837785050687e-08 
-3.1020237689417552e-07 -1.2697244185012395e-07 -7.9740141444391091e-08 -5.1622858035076772e-08 -3.1858806069225798e-08 -1.6838175210518152e-08 -4.0059670232880780e-09 9.2212574686141136e-09 2.3707137465237349e-08 4.2054064917280680e-08 
-3.6529814675244358e-07 -1.5777468706523787e-07 -1.0426187974265109e-07 -7.2284134389573597e-08 -4.9437258829339869e-08 -3.1750108320595404e-08 -1.7634787403586232e-08 -5.0183944664007497e-09 1.0669624244277097e-08 3.3379687560805706e-08 
-4.3273495801256576e-07 -1.9627539664061381e-07 -1.3529954329254319e-07 -9.8844471196167956e-08 -7.2676228533227809e-08 -5.1954879186546905e-08 -3.4704900125610049e-08 -2.0588953580439682e-08 -7.5791109399730831e-09 1.9092548072033795e-08 
-5.3051397882137582e-07 -2.5471151161540661e-07 -1.8358999521968633e-07 -1.4106847558720229e-07 -1.1053481035518416e-07 -8.6259234772553387e-08 -6.5478884097497744e-08 -4.6612283163595833e-08 -2.9660930916650745e-08 -8.2890956025741675e-09 
