5.9246576312967833e-08 1.4906644163536924e-08 3.0475893913542988e-09 4.0759071948933476e-10 3.8034965057452566e-11 2.3037619991616216e-12 7.7808879523632583e-14 1.1056332962381594e-15 3.5998176081334728e-18 4.2077816937708693e-22 
1.4906644163536924e-08 6.5296091181581726e-08 2.2092225558934495e-08 6.8405519416034932e-09 1.3129408176936955e-09 1.5775956274974094e-10 1.0710535306848058e-11 3.1951678063718240e-13 2.3541051983745150e-15 7.2764841577534472e-19 
3.0475893913542988e-09 2.2092225558934495e-08 6.1296111776210459e-08 2.1920956604896748e-08 8.0789099833811029e-09 1.7496450206518072e-09 2.0976676906675974e-10 1.1312810745131389e-11 1.6225187565844068e-13 1.1658534026200029e-16 
4.0759071948933476e-10 6.8405519416034932e-09 2.1920956604896748e-08 5.7124822429878240e-08 1.9937725359867749e-08 7.7132973876602154e-09 1.6093049029830463e-09 1.5158686105550106e-10 4.0114939483412659e-12 6.3498998841366534e-15 
3.8034965057452566e-11 1.3129408176936955e-09 8.0789099833811029e-09 1.9937725359867749e-08 5.3304356571015111e-08 1.7382876459957870e-08 6.4245503384589058e-09 1.0772676152656709e-09 5.2990198732700276e-11 1.8402118353035795e-13 
2.3037619991616216e-12 1.5775956274974094e-10 1.7496450206518072e-09 7.7132973876602154e-09 1.7382876459957870e-08 4.9868455761783610e-08 1.4562843460508637e-08 4.5431322336518055e-09 4.3744390360243696e-10 3.5048419489527467e-12 
7.7808879523632583e-14 1.0710535306848058e-11 2.0976676906675974e-10 1.6093049029830463e-09 6.4245503384589058e-09 1.4562843460508637e-08 4.6643698545536182e-08 1.1392393006376078e-08 2.3426265123945065e-09 4.8391084956054311e-11 
1.1056332962381594e-15 3.1951678063718240e-13 1.1312810745131389e-11 1.5158686105550106e-10 1.0772676152656709e-09 4.5431322336518055e-09 1.1392393006376078e-08 4.3412866608865914e-08 7.6483245761655741e-09 4.9233473020172409e-10 
3.5998176081334728e-18 2.3541051983745150e-15 1.6225187565844068e-13 4.0114939483412659e-12 5.2990198732700276e-11 4.3744390360243696e-10 2.3426265123945065e-09 7.6483245761655741e-09 4.0007224712892165e-08 3.3612908206533048e-09 
4.2077816937708693e-22 7.2764841577534472e-19 1.1658534026200029e-16 6.3498998841366534e-15 1.8402118353035795e-13 3.5048419489527467e-12 4.8391084956054311e-11 4.9233473020172409e-10 3.3612908206533048e-09 3.4680199996446235e-08 
