8.2375820715310885e-08 2.4687716054723627e-08 4.8882502195592340e-09 6.3729836308589064e-10 5.8265128944099789e-11 3.4697342798002293e-12 1.1550747468942830e-13 1.6208374093570882e-15 5.2207986875710627e-18 6.0588898335823607e-22 
2.4687716054723627e-08 8.8021234534354937e-08 3.4765188388128590e-08 1.0546266260371274e-08 1.9896069900712920e-09 2.3558977296686816e-10 1.5796676885385658e-11 4.6627758603955046e-13 3.4059043378521116e-15 1.0474100928209889e-18 
4.8882502195592340e-09 3.4765188388128590e-08 7.9365760358595515e-08 3.3365540922769890e-08 1.2128724604763160e-08 2.5951075539063482e-09 3.0785860950879293e-10 1.6453811124956764e-11 2.3434071509250834e-13 1.6780618705575429e-16 
6.3729836308589064e-10 1.0546266260371274e-08 3.3365540922769890e-08 7.1705803632134038e-08 2.9669988640267156e-08 1.1367937490819549e-08 2.3513861791533397e-09 2.1985532278281005e-10 5.7861603560624498e-12 9.1412463797770228e-15 
5.8265128944099789e-11 1.9896069900712920e-09 1.2128724604763160e-08 2.9669988640267156e-08 6.5251128377488023e-08 2.5463969908977938e-08 9.3475268620001136e-09 1.5584784530640012e-09 7.6353675567232392e-11 2.6503366014902954e-13 
3.4697342798002293e-12 2.3558977296686816e-10 2.5951075539063482e-09 1.1367937490819549e-08 2.5463969908977938e-08 5.9760111148366601e-08 2.1106017831941380e-08 6.5577592040502726e-09 6.2984898669042607e-10 5.0519882048653798e-12 
1.1550747468942830e-13 1.5796676885385658e-11 3.0785860950879293e-10 2.3513861791533397e-09 9.3475268620001136e-09 2.1106017831941380e-08 5.4838611394403783e-08 1.6414802480390076e-08 3.3722287182512245e-09 6.9856862132923236e-11 
1.6208374093570882e-15 4.6627758603955046e-13 1.6453811124956764e-11 2.1985532278281005e-10 1.5584784530640012e-09 6.5577592040502726e-09 1.6414802480390076e-08 5.0096640138326892e-08 1.1019088941482770e-08 7.1279828371238705e-10 
5.2207986875710627e-18 3.4059043378521116e-15 2.3434071509250834e-13 5.7861603560624498e-12 7.6353675567232392e-11 6.2984898669042607e-10 3.3722287182512245e-09 1.1019088941482770e-08 4.5265593737388075e-08 4.8967022088975601e-09 
6.0588898335823607e-22 1.0474100928209889e-18 1.6780618705575429e-16 9.1412463797770228e-15 2.6503366014902954e-13 5.0519882048653798e-12 6.9856862132923236e-11 7.1279828371238705e-10 4.8967022088975601e-09 3.7781628806920320e-08 
