1.4503700280584948e-07 4.8415975441251196e-08 9.1629742927879057e-09 1.1585826039695361e-09 1.0369089225992550e-10 6.0832334318252939e-12 2.0049457660154147e-13 2.7988833018024588e-15 9.0284643768066267e-18 1.0635022301162638e-21 
4.8415975441251196e-08 1.4113597840548230e-07 6.3667400556115291e-08 1.8888928915888376e-08 3.5062631275781301e-09 4.1049234515215408e-10 2.7332069608155277e-11 8.0489255738194020e-13 5.9023552912637370e-15 1.8456168476856003e-18 
9.1629742927879057e-09 6.3667400556115291e-08 1.2009809530352438e-07 5.9027962891735322e-08 2.1213552419762897e-08 4.5027916890949029e-09 5.3181213356810646e-10 2.8420079263535369e-11 4.0712801910148312e-13 2.9687813868901547e-16 
1.1585826039695361e-09 1.8888928915888376e-08 5.9027962891735322e-08 1.0440023828709721e-07 5.1579664425897452e-08 1.9664203716022036e-08 4.0593153665205899e-09 3.8025654493965299e-10 1.0082702629606508e-11 1.6243422416099305e-14 
1.0369089225992550e-10 3.5062631275781301e-09 2.1213552419762897e-08 5.1579664425897452e-08 9.2325028703933107e-08 4.3969738969860902e-08 1.6144241979493349e-08 2.7015315992599620e-09 1.3354951470131739e-10 4.7328081909824167e-13 
6.0832334318252939e-12 4.1049234515215408e-10 4.5027916890949029e-09 1.9664203716022036e-08 4.3969738969860902e-08 8.2688899970006446e-08 3.6521655469213028e-08 1.1408001950126509e-08 1.1071774625261186e-09 9.0749279763140374e-12 
2.0049457660154147e-13 2.7332069608155277e-11 5.3181213356810646e-10 4.0593153665205899e-09 1.6144241979493349e-08 3.6521655469213028e-08 7.4472432908725042e-08 2.8715150786482887e-08 5.9700517937179171e-09 1.2645896669272114e-10 
2.7988833018024588e-15 8.0489255738194020e-13 2.8420079263535369e-11 3.8025654493965299e-10 2.7015315992599620e-09 1.1408001950126509e-08 2.8715150786482887e-08 6.6836830530868513e-08 1.9716085311541345e-08 1.3053503718997072e-09 
9.0284643768066267e-18 5.9023552912637370e-15 4.0712801910148312e-13 1.0082702629606508e-11 1.3354951470131739e-10 1.1071774625261186e-09 5.9700517937179171e-09 1.9716085311541345e-08 5.9255014365743852e-08 9.1464585202676127e-09 
1.0635022301162638e-21 1.8456168476856003e-18 2.9687813868901547e-16 1.6243422416099305e-14 4.7328081909824167e-13 9.0749279763140374e-12 1.2645896669272114e-10 1.3053503718997072e-09 9.1464585202676127e-09 4.6775173635963222e-08 
