6.2508484607900248e-08 1.6334040123998469e-08 3.3209901363582967e-09 4.4210551029086456e-10 4.1096630151965853e-11 2.4809544640420258e-12 8.3547335037523855e-14 1.1840414712763556e-15 3.8454742590757106e-18 4.4854376003360771e-22 
1.6334040123998469e-08 6.8662080245175151e-08 2.3991317674225247e-08 7.4002085960365513e-09 1.4156395785381412e-09 1.6960071905541016e-10 1.1484872007666371e-11 3.4182784512804916e-13 2.5131839765224306e-15 7.7549670858063677e-19 
3.3209901363582967e-09 2.3991317674225247e-08 6.4022510816894098e-08 2.3656064238600712e-08 8.6946435588003108e-09 1.8783419252625990e-09 2.2469609970249553e-10 1.2093231860127833e-11 1.7313437090596123e-13 1.2423051339322903e-16 
4.4210551029086456e-10 7.4002085960365513e-09 2.3656064238600712e-08 5.9341075870627999e-08 2.1418874289095995e-08 8.2696770550711096e-09 1.7221530743962568e-09 1.6193228021142077e-10 4.2788705918876518e-12 6.7653756700684158e-15 
4.1096630151965853e-11 1.4156395785381412e-09 8.6946435588003108e-09 2.1418874289095995e-08 5.5123171386031370e-08 1.8612495185302940e-08 6.8683455985633784e-09 1.1500376120942009e-09 5.6502102756855763e-11 1.9604214949616731e-13 
2.4809544640420258e-12 1.6960071905541016e-10 1.8783419252625990e-09 8.2696770550711096e-09 1.8612495185302940e-08 5.1371110147012672e-08 1.5553880821125385e-08 4.8469972554592542e-09 4.6627740183363935e-10 3.7336030947410930e-12 
8.3547335037523855e-14 1.1484872007666371e-11 2.2469609970249553e-10 1.7221530743962568e-09 6.8683455985633784e-09 1.5553880821125385e-08 4.7880902781575914e-08 1.2147277574604980e-08 2.4962393909868600e-09 5.1551504073873350e-11 
1.1840414712763556e-15 3.4182784512804916e-13 1.2093231860127833e-11 1.6193228021142077e-10 1.1500376120942009e-09 4.8469972554592542e-09 1.2147277574604980e-08 4.4412065806294803e-08 8.1479227785521362e-09 5.2461264075392135e-10 
3.8454742590757106e-18 2.5131839765224306e-15 1.7313437090596123e-13 4.2788705918876518e-12 5.6502102756855763e-11 4.6627740183363935e-10 2.4962393909868600e-09 8.1479227785521362e-09 4.0779431261784611e-08 3.5842037188070373e-09 
4.4854376003360771e-22 7.7549670858063677e-19 1.2423051339322903e-16 6.7653756700684158e-15 1.9604214949616731e-13 3.7336030947410930e-12 5.1551504073873350e-11 5.2461264075392135e-10 3.5842037188070373e-09 3.5123366428448244e-08 
