5.7214567212828308e-08 1.4003631682526161e-08 2.8729184109597423e-09 3.8536279975806613e-10 3.6050878984217560e-11 2.1883211992651607e-12 7.4054538635840949e-14 1.0541628054240301e-15 3.4380381549675371e-18 4.0249670077442138e-22 
1.4003631682526161e-08 6.3149244647099889e-08 2.0871657739145818e-08 6.4785719941296751e-09 1.2461639705205293e-09 1.5002526974932257e-10 1.0203092612091125e-11 3.0484898901022720e-13 2.2493206990656088e-15 6.9614246887494896e-19 
2.8729184109597423e-09 2.0871657739145818e-08 5.9534197665239840e-08 2.0794317593329033e-08 7.6773678599107591e-09 1.6654286510673065e-09 1.9996961373958995e-10 1.0799217057716541e-11 1.5508433336505012e-13 1.1155122019960058e-16 
3.8536279975806613e-10 6.4785719941296751e-09 2.0794317593329033e-08 5.5680385278046129e-08 1.8969332606007144e-08 7.3486146358703363e-09 1.5351465962726139e-09 1.4477429392759646e-10 3.8354208802670107e-12 6.0763519435817873e-15 
3.6050878984217560e-11 1.2461639705205293e-09 7.6773678599107591e-09 1.8969332606007144e-08 5.2112668355201835e-08 1.6575501715292949e-08 6.1325219621487471e-09 1.0293364912053506e-09 5.0677808472805440e-11 1.7610961519067333e-13 
2.1883211992651607e-12 1.5002526974932257e-10 1.6654286510673065e-09 7.3486146358703363e-09 1.6575501715292949e-08 4.8879996567858455e-08 1.3910156199536723e-08 4.3430120823966620e-09 4.1845900574625798e-10 3.3544080499017769e-12 
7.4054538635840949e-14 1.0203092612091125e-11 1.9996961373958995e-10 1.5351465962726139e-09 6.1325219621487471e-09 1.3910156199536723e-08 4.5828840157079965e-08 1.0895343733651469e-08 2.2414850267702595e-09 4.6316093654289772e-11 
1.0541628054240301e-15 3.0484898901022720e-13 1.0799217057716541e-11 1.4477429392759646e-10 1.0293364912053506e-09 4.3430120823966620e-09 1.0895343733651469e-08 4.2754940764558112e-08 7.3196329107282438e-09 4.7120297995215766e-10 
3.4380381549675371e-18 2.2493206990656088e-15 1.5508433336505012e-13 3.8354208802670107e-12 5.0677808472805440e-11 4.1845900574625798e-10 2.2414850267702595e-09 7.3196329107282438e-09 3.9500916846103399e-08 3.2159729243007252e-09 
4.0249670077442138e-22 6.9614246887494896e-19 1.1155122019960058e-16 6.0763519435817873e-15 1.7610961519067333e-13 3.3544080499017769e-12 4.6316093654289772e-11 4.7120297995215766e-10 3.2159729243007252e-09 3.4393036188081509e-08 
