3.6695313417976763e-07 1.2457764251722647e-07 2.3045220199712455e-08 2.9101681657390636e-09 2.6327316042947923e-10 1.5745984691887985e-11 5.3326255892358522e-13 7.7206686682079876e-15 2.6190274780312031e-17 3.3310229131367382e-21 
1.2457764251722647e-07 3.1289392317150515e-07 1.5977072609643726e-07 4.7745926259511353e-08 9.0035360649966977e-09 1.0783644612522818e-09 7.3958277985165805e-11 2.2608429579179675e-12 1.7420102755728801e-14 5.8566385767616355e-18 
2.3045220199712455e-08 1.5977072609643726e-07 2.6008557674220419e-07 1.5080924960905628e-07 5.5203575318612743e-08 1.2005456976177138e-08 1.4618120224262813e-09 8.1131787217288818e-11 1.2202617091534196e-12 9.5411068543922307e-16 
2.9101681657390636e-09 4.7745926259511353e-08 1.5080924960905628e-07 2.2586009467376676e-07 1.3647445567231148e-07 5.3328193121812117e-08 1.1346254400937450e-08 1.1034541854621616e-09 3.0675134579923577e-11 5.2894468982130501e-14 
2.6327316042947923e-10 9.0035360649966977e-09 5.5203575318612743e-08 1.3647445567231148e-07 2.0134116741602648e-07 1.2165796708662977e-07 4.6003771189007623e-08 7.9826013544942697e-09 4.1274553251802845e-10 1.5630798678984666e-12 
1.5745984691887985e-11 1.0783644612522818e-09 1.2005456976177138e-08 5.3328193121812117e-08 1.2165796708662977e-07 1.8257620394093423e-07 1.0647346991671845e-07 3.4420253639126385e-08 3.4844956244592943e-09 3.0448744932722430e-11 
5.3326255892358522e-13 7.3958277985165805e-11 1.4618120224262813e-09 1.1346254400937450e-08 4.6003771189007623e-08 1.0647346991671845e-07 1.6678245995657394e-07 8.8795455407045843e-08 1.9222574373400905e-08 4.3234543663955675e-10 
7.7206686682079876e-15 2.2608429579179675e-12 8.1131787217288818e-11 1.1034541854621616e-09 7.9826013544942697e-09 3.4420253639126385e-08 8.8795455407045843e-08 1.5135522499089653e-07 6.5453139339474432e-08 4.5704919486599875e-09 
2.6190274780312031e-17 1.7420102755728801e-14 1.2202617091534196e-12 3.0675134579923577e-11 4.1274553251802845e-10 3.4844956244592943e-09 1.9222574373400905e-08 6.5453139339474432e-08 1.3554609346790125e-07 3.3074655267823251e-08 
3.3310229131367382e-21 5.8566385767616355e-18 9.5411068543922307e-16 5.2894468982130501e-14 1.5630798678984666e-12 3.0448744932722430e-11 4.3234543663955675e-10 4.5704919486599875e-09 3.3074655267823251e-08 9.9123134688189272e-08 
