1.694204543245e-07 5.705114216609e-08 1.070149475692e-08 1.346734091335e-09 1.202015134598e-10 7.049202805701e-12 2.325952419086e-13 3.251693754807e-15 1.056462005827e-17 1.252363729145e-21 
5.705114216609e-08 1.602699021021e-07 7.408153723853e-08 2.191426463731e-08 4.062408438003e-09 4.760163720724e-10 3.171889970149e-11 9.373129643363e-13 6.918349112956e-15 2.178714768737e-18 
1.070149475692e-08 7.408153723853e-08 1.348545550836e-07 6.839682065646e-08 2.458840067466e-08 5.223855477441e-09 6.177436080925e-10 3.317868289414e-11 4.776511467661e-13 3.514921586877e-16 
1.346734091335e-09 2.191426463731e-08 6.839682065646e-08 1.165081852199e-07 5.982890923977e-08 2.282318546453e-08 4.724021910231e-09 4.449138423568e-10 1.183890139174e-11 1.929424954321e-14 
1.202015134598e-10 4.062408438003e-09 2.458840067466e-08 5.982890923977e-08 1.026138791113e-07 5.110452620222e-08 1.884184146447e-08 3.166495648117e-09 1.570190348266e-10 5.640454738782e-13 
7.049202805701e-12 4.760163720724e-10 5.223855477441e-09 2.282318546453e-08 5.110452620222e-08 9.173748607003e-08 4.275568907094e-08 1.338879964249e-08 1.305145683052e-09 1.084994041269e-11 
2.325952419086e-13 3.171889970149e-11 6.177436080925e-10 4.724021910231e-09 1.884184146447e-08 4.275568907094e-08 8.248335925574e-08 3.376325473681e-08 7.071699766983e-09 1.516184387508e-10 
3.251693754807e-15 9.373129643363e-13 3.317868289414e-11 4.449138423568e-10 3.166495648117e-09 1.338879964249e-08 3.376325473681e-08 7.386304870914e-08 2.351847837449e-08 1.567942174142e-09 
1.056462005827e-17 6.918349112956e-15 4.776511467661e-13 1.183890139174e-11 1.570190348266e-10 1.305145683052e-09 7.071699766983e-09 2.351847837449e-08 6.546119352718e-08 1.099415281618e-08 
1.252363729145e-21 2.178714768737e-18 3.514921586877e-16 1.929424954321e-14 5.640454738782e-13 1.084994041269e-11 1.516184387508e-10 1.567942174142e-09 1.099415281618e-08 5.064438009177e-08 
