7.6075448129557986e-08 2.2095366890798803e-08 4.4070244373112741e-09 5.7775761055535560e-10 5.3047804689729638e-11 3.1698707093429361e-12 1.0581875245829302e-13 1.4882840473100591e-15 4.8020951289898408e-18 5.5757753098247579e-22 
2.2095366890798803e-08 8.2067187348591466e-08 3.1473838708919675e-08 9.5892090307883600e-09 1.8154293258958132e-09 2.1558543188910380e-10 1.4489015508413106e-11 4.2847962424704486e-13 3.1336455544601371e-15 9.6380242750997324e-19 
4.4070244373112741e-09 3.1473838708919675e-08 7.4695961678001448e-08 3.0417513529037855e-08 1.1087473850376207e-08 2.3778048285422973e-09 2.8262443479040687e-10 1.5128011676831562e-11 2.1564177347388423e-13 1.5438862656193656e-16 
5.7775761055535560e-10 9.5892090307883600e-09 3.0417513529037855e-08 6.7956236663439203e-08 2.7168734018172871e-08 1.0428248723292449e-08 2.1603187758396424e-09 2.0221989752247642e-10 5.3248792759698432e-12 8.4085468140228722e-15 
5.3047804689729638e-11 1.8154293258958132e-09 1.1087473850376207e-08 2.7168734018172871e-08 6.2179755136880646e-08 2.3384484019825178e-08 8.5938464241282709e-09 1.4338954801407170e-09 7.0267549497295834e-11 2.4371863795299061e-13 
3.1698707093429361e-12 2.1558543188910380e-10 2.3778048285422973e-09 1.0428248723292449e-08 2.3384484019825178e-08 5.7210839642865231e-08 1.9414863563298560e-08 6.0347122724948128e-09 5.7959973271404151e-10 4.6437562535944760e-12 
1.0581875245829302e-13 1.4489015508413106e-11 2.8262443479040687e-10 2.1603187758396424e-09 8.5938464241282709e-09 1.9414863563298560e-08 5.2713151875766980e-08 1.5106379562400533e-08 3.1024325356416066e-09 6.4171802263653109e-11 
1.4882840473100591e-15 4.2847962424704486e-13 1.5128011676831562e-11 2.0221989752247642e-10 1.4338954801407170e-09 6.0347122724948128e-09 1.5106379562400533e-08 4.8347863644248743e-08 1.0131355316913578e-08 6.5410817361088154e-10 
4.8020951289898408e-18 3.1336455544601371e-15 2.1564177347388423e-13 5.3248792759698432e-12 7.0267549497295834e-11 5.7959973271404151e-10 3.1024325356416066e-09 1.0131355316913578e-08 4.3869598707350259e-08 4.4849799733741119e-09 
5.5757753098247579e-22 9.6380242750997324e-19 1.5438862656193656e-16 8.4085468140228722e-15 2.4371863795299061e-13 4.6437562535944760e-12 6.4171802263653109e-11 6.5410817361088154e-10 4.4849799733741119e-09 3.6940395307707709e-08 
