5.6220082274070417e-07 1.9721807601777424e-07 3.7395273820536800e-08 4.8463566731908716e-09 4.4950229589540909e-10 2.7557648144264156e-11 9.5555814458928334e-13 1.4147029106207562e-14 4.9529022071124445e-17 6.4339292881455839e-21 
1.9721807601777424e-07 4.8796368060409701e-07 2.6421800149996000e-07 8.0856067868601143e-08 1.5610830048713188e-08 1.9136559519330489e-09 1.3397443306526946e-10 4.1904933536847998e-12 3.3225553934848312e-14 1.1322131553696905e-17 
3.7395273820536800e-08 2.6421800149996000e-07 4.1951353453424415e-07 2.5979564198249734e-07 9.7119840287276016e-08 2.1544169589326632e-08 2.6731545185014088e-09 1.5195108945488045e-10 2.3402930973519126e-12 1.8465544027753803e-15 
4.8463566731908716e-09 8.0856067868601143e-08 2.5979564198249734e-07 3.7485263551566776e-07 2.4358204529258214e-07 9.6735696117107502e-08 2.0965397485429944e-08 2.0866213178704103e-09 5.9040031431510265e-11 1.0255666009090518e-13 
4.4950229589540909e-10 1.5610830048713188e-08 9.7119840287276016e-08 2.4358204529258214e-07 3.4144820315664860e-07 2.2335963486284340e-07 8.6059105856371764e-08 1.5227564197420810e-08 7.9622678383601377e-10 3.0398330586102221e-12 
2.7557648144264156e-11 1.9136559519330489e-09 2.1544169589326632e-08 9.6735696117107502e-08 2.2335963486284340e-07 3.1594388942262008e-07 2.0185193207529018e-07 6.6119990491311008e-08 6.7328592312346274e-09 5.9513132860947594e-11 
9.5555814458928334e-13 1.3397443306526946e-10 2.6731545185014088e-09 2.0965397485429944e-08 8.6059105856371764e-08 2.0185193207529018e-07 2.9388038953370425e-07 1.7129948135921950e-07 3.7223729227841731e-08 8.5226620567777261e-10 
1.4147029106207562e-14 4.1904933536847998e-12 1.5195108945488045e-10 2.0866213178704103e-09 1.5227564197420810e-08 6.6119990491311008e-08 1.7129948135921950e-07 2.6639739031901681e-07 1.2755086848014250e-07 9.1454710771783415e-09 
4.9529022071124445e-17 3.3225553934848312e-14 2.3402930973519126e-12 5.9040031431510265e-11 7.9622678383601377e-10 6.7328592312346274e-09 3.7223729227841731e-08 1.2755086848014250e-07 2.4134999142977223e-07 6.7683049886835056e-08 
6.4339292881455839e-21 1.1322131553696905e-17 1.8465544027753803e-15 1.0255666009090518e-13 3.0398330586102221e-12 5.9513132860947594e-11 8.5226620567777261e-10 9.1454710771783415e-09 6.7683049886835056e-08 1.7308767048013172e-07 
