1.584076572924e-09 3.815226747892e-09 5.127088757313e-09 5.979364698112e-09 6.597023726622e-09 7.088142837814e-09 7.508913993174e-09 7.896251227608e-09 8.289326833018e-09 8.827510989332e-09 
1.076035528927e-10 8.556023721286e-10 2.020240198711e-09 3.120124017291e-09 4.008305212169e-09 4.723424122695e-09 5.334598053550e-09 5.896733436215e-09 6.467149087130e-09 7.248212886256e-09 
6.359001512589e-12 1.298967995282e-10 5.950897263792e-10 1.410156073796e-09 2.320338734647e-09 3.130752996731e-09 3.828445829656e-09 4.467435066185e-09 5.115094910517e-09 6.001872824598e-09 
-2.523402694395e-13 2.456919836880e-12 8.211176527294e-11 4.315897152087e-10 1.103549234764e-09 1.899605155831e-09 2.653868367598e-09 3.350199436625e-09 4.052610709263e-09 5.013310320406e-09 
-1.094109316320e-13 -3.396371141267e-12 -9.362912799416e-12 5.673834445376e-11 3.550347580167e-10 9.356261861782e-10 1.666208649746e-09 2.410042116157e-09 3.162072125202e-09 4.184364097984e-09 
-1.028446284162e-14 -6.464342645993e-13 -5.638803977057e-12 -1.131120306452e-11 4.258367978693e-11 2.902442674108e-10 8.207656007492e-10 1.553091728838e-09 2.358846195190e-09 3.440177720055e-09 
-4.007276147596e-16 -5.175240093747e-14 -9.292600534049e-13 -6.133515720659e-12 -1.655176959583e-11 9.113926896517e-12 2.107020714181e-10 7.467046386407e-10 1.578702382080e-09 2.741079046380e-09 
-6.266416324392e-18 -1.849347342515e-15 -6.723323896950e-14 -9.209163206842e-13 -6.560995060860e-12 -2.583280142454e-11 -4.174128927131e-11 1.022402080556e-10 7.382738560826e-10 2.030092995338e-09 
-2.638803111465e-20 -1.878446563755e-17 -1.405579423907e-15 -3.789256780560e-14 -5.519251889313e-13 -5.115830439267e-12 -3.127386188470e-11 -1.117703031149e-10 -6.935328505815e-11 1.136692193893e-09 
-5.487241710843e-24 -1.061545991467e-20 -1.899887641347e-18 -1.158838843722e-16 -3.780761614635e-15 -8.195172617264e-14 -1.315689616934e-12 -1.613934558231e-11 -1.368731596419e-10 -3.557009886680e-11 
