2.253330727557e-10 6.022758502917e-10 8.447202591928e-10 1.005281065555e-09 1.121976621475e-09 1.214769572672e-09 1.294266027115e-09 1.367445175814e-09 1.441708443550e-09 1.543388553543e-09 
2.150054156893e-11 1.808514203593e-10 4.419751800794e-10 6.957855239853e-10 9.029518794722e-10 1.070034979813e-09 1.212796486114e-09 1.344089274542e-09 1.477314603377e-09 1.659738940426e-09 
1.382390588777e-12 2.979583114286e-11 1.415611179887e-10 3.430555262899e-10 5.714929437121e-10 7.759395974588e-10 9.520078444561e-10 1.113226001716e-09 1.276623410210e-09 1.500347109155e-09 
-7.054804834913e-14 4.243580289792e-13 2.001412165832e-11 1.090869861378e-10 2.829241848900e-10 4.899424222890e-10 6.862455097273e-10 8.674467446629e-10 1.050211079865e-09 1.300181718947e-09 
-2.838671651609e-14 -8.945211837088e-13 -2.548756778377e-12 1.457406377442e-11 9.272312552306e-11 2.450114421643e-10 4.365543061401e-10 6.313439208420e-10 8.281334872824e-10 1.095667254845e-09 
-2.691829891860e-15 -1.698336702636e-13 -1.482048071559e-12 -2.963458923220e-12 1.122911813174e-11 7.631402936042e-11 2.153429649745e-10 4.061035239650e-10 6.149636701048e-10 8.952011641294e-10 
-1.052342136570e-16 -1.357543452001e-14 -2.433431394560e-13 -1.600028204606e-12 -4.256908449159e-12 2.785611299150e-12 5.581173466106e-11 1.938183163124e-10 4.044244908761e-10 6.971550271489e-10 
-1.641121104709e-18 -4.827856839353e-16 -1.745142514921e-14 -2.368675634207e-13 -1.663398472112e-12 -6.387156261715e-12 -9.578239802402e-12 2.802011204670e-11 1.847667864570e-10 4.947831137599e-10 
-6.807254921969e-21 -4.793637060808e-18 -3.545183337663e-16 -9.437128585823e-15 -1.355131832905e-13 -1.234465837174e-12 -7.367403641100e-12 -2.522200704332e-11 -1.087007526625e-11 2.613680804009e-10 
-1.336070368330e-24 -2.555887933027e-21 -4.523519773321e-19 -2.726104749097e-17 -8.773054322043e-16 -1.870315158564e-14 -2.937340871311e-13 -3.488871911629e-12 -2.809595247342e-11 -1.029561933040e-12 
