2.548540459274e-08 6.205754499214e-08 8.446516030594e-08 9.919642383413e-08 1.098998572142e-07 1.184113336170e-07 1.257031512257e-07 1.324155030780e-07 1.392273000178e-07 1.485553609927e-07 
1.909178487207e-09 1.566155701144e-08 3.799105852409e-08 5.990619673102e-08 7.794733464510e-08 9.252624222706e-08 1.049806769192e-07 1.164332876004e-07 1.280543213498e-07 1.439684095989e-07 
1.152183082386e-10 2.505097802976e-09 1.219930923135e-08 3.027648660448e-08 5.122086406444e-08 7.011900468949e-08 8.641226137415e-08 1.013272996889e-07 1.164424152152e-07 1.371392786954e-07 
-7.210893652854e-12 1.297387480817e-11 1.739590346713e-09 1.005910604342e-08 2.668459130516e-08 4.671133122142e-08 6.578467697579e-08 8.340143440980e-08 1.011675503403e-07 1.254666055897e-07 
-2.727390276710e-12 -8.793891396636e-11 -2.646733502779e-10 1.361997333408e-09 8.997487037732e-09 2.405475460600e-08 4.310998378977e-08 6.253922686118e-08 8.217938808494e-08 1.088768322419e-07 
-2.622944350782e-13 -1.674521756814e-11 -1.478608226382e-10 -3.039667463665e-10 1.090736050463e-09 7.588608687806e-09 2.156732562013e-08 4.086859472573e-08 6.208705639941e-08 9.056041485332e-08 
-1.042566670293e-14 -1.356408567020e-12 -2.447058935749e-11 -1.620523905012e-10 -4.378963333916e-10 2.438059988264e-10 5.578788351603e-09 1.970648069241e-08 4.155343381433e-08 7.204172899930e-08 
-1.649850239411e-16 -4.880393712824e-14 -1.774460893556e-12 -2.427145298761e-11 -1.724078789462e-10 -6.750742024772e-10 -1.073133637265e-09 2.735466761009e-09 1.933639919574e-08 5.287735493462e-08 
-6.958387397497e-19 -4.942573388597e-16 -3.688914231939e-14 -9.916539454719e-13 -1.439739047973e-11 -1.329387793833e-10 -8.086975134623e-10 -2.868150789248e-09 -1.691339990617e-09 2.927769470873e-08 
-1.428701525823e-22 -2.757169828214e-19 -4.923284699386e-17 -2.996034437222e-15 -9.750711476696e-14 -2.107658032133e-12 -3.371960127220e-11 -4.116394470285e-10 -3.463040477974e-09 -7.320454451642e-10 
