1.688066766931e-10 4.552977351682e-10 6.413294755999e-10 7.648658870530e-10 8.546967211062e-10 9.261288524653e-10 9.873245865186e-10 1.043657205609e-09 1.100824364390e-09 1.179096868533e-09 
1.660050683517e-11 1.407372415133e-10 3.458710980952e-10 5.463891258061e-10 7.104811020070e-10 8.428918126890e-10 9.560216740047e-10 1.060060280039e-09 1.165629858442e-09 1.310185447571e-09 
1.077804252037e-12 2.347037378369e-11 1.123541274845e-10 2.738122393132e-10 4.577950691796e-10 6.227667628790e-10 7.648894520312e-10 8.950205275145e-10 1.026906491005e-09 1.207484224226e-09 
-5.824841330256e-14 2.891946239555e-13 1.591192816125e-11 8.796102304020e-11 2.293665193780e-10 3.982786351660e-10 5.587461983455e-10 7.069172329974e-10 8.563546273858e-10 1.060739241357e-09 
-2.313073744470e-14 -7.331042658723e-13 -2.117917618613e-12 1.177194308015e-11 7.564305793209e-11 2.007891513970e-10 3.587601519109e-10 5.195671933343e-10 6.820409003879e-10 9.029104451556e-10 
-2.200121861535e-15 -1.392705792261e-13 -1.221830685836e-12 -2.483142277096e-12 9.132784411048e-12 6.296006299886e-11 1.782676636447e-10 3.366701194501e-10 5.102821598088e-10 7.432157437152e-10 
-8.648774888786e-17 -1.121472664119e-14 -2.018114306990e-13 -1.330581597279e-12 -3.548890827465e-12 2.260410358430e-12 4.622876665935e-11 1.611725079206e-10 3.371484562903e-10 5.817404171080e-10 
-1.360981644838e-18 -4.011065124070e-16 -1.451082008463e-14 -1.972170854195e-13 -1.388857040197e-12 -5.361859882086e-12 -8.134217937677e-12 2.336230324352e-11 1.549392531974e-10 4.147588119433e-10 
-5.664788148046e-21 -3.997285911928e-18 -2.963943368722e-16 -7.909375013509e-15 -1.137651297490e-13 -1.036546036242e-12 -6.173917045330e-12 -2.105912735610e-11 -9.057238894441e-12 2.187675492057e-10 
-1.122086451563e-24 -2.145587450012e-21 -3.793380374192e-19 -2.283129546012e-17 -7.338589530965e-16 -1.563310679960e-14 -2.455820138264e-13 -2.923063285405e-12 -2.357997598743e-11 -3.365514813393e-13 
