1.150173994661e-09 2.830092179453e-09 3.832927820976e-09 4.486007442608e-09 4.959437709380e-09 5.335876134268e-09 5.658391788142e-09 5.955280610743e-09 6.256567816576e-09 6.669080096265e-09 
8.355271088606e-11 6.687364063838e-10 1.584102711183e-09 2.449975070870e-09 3.149330375107e-09 3.712373242170e-09 4.193565254798e-09 4.636149600190e-09 5.085253705004e-09 5.700207080474e-09 
4.994351620065e-12 1.024008175348e-10 4.697349735869e-10 1.113152482653e-09 1.830909569067e-09 2.469375577335e-09 3.018866945241e-09 3.522129654939e-09 4.032230515746e-09 4.730663777376e-09 
-1.987891531982e-13 1.971661259854e-12 6.500134967407e-11 3.406337567482e-10 8.688815131728e-10 1.492907947812e-09 2.083296336108e-09 2.628166321492e-09 3.177821393839e-09 3.929609954850e-09 
-8.609783527689e-14 -2.661942574888e-12 -7.234420356733e-12 4.493704805773e-11 2.784562467270e-10 7.309320180039e-10 1.298591426571e-09 1.875738761216e-09 2.459140520522e-09 3.252256690372e-09 
-8.060785540716e-15 -5.045462842187e-13 -4.379620145278e-12 -8.670119887336e-12 3.351834555659e-11 2.257197990864e-10 6.355966523164e-10 1.199917802782e-09 1.819934609379e-09 2.651881360948e-09 
-3.120997164023e-16 -4.014911393566e-14 -7.182962675081e-13 -4.720677334772e-12 -1.264350210230e-11 7.441625182860e-12 1.629559078746e-10 5.744124515165e-10 1.209355288407e-09 2.094299796683e-09 
-4.844574397572e-18 -1.424942665975e-15 -5.166965057314e-14 -7.059664508093e-13 -5.012043777580e-12 -1.958823870981e-11 -3.075482154949e-11 8.105615951466e-11 5.614180897408e-10 1.526193974401e-09 
-2.024394995348e-20 -1.437458267343e-17 -1.072169567643e-15 -2.877617212934e-14 -4.165903663043e-13 -3.829373667003e-12 -2.314791661562e-11 -8.140812672516e-11 -4.591140907469e-11 8.349646617492e-10 
-4.125126090848e-24 -7.935975910018e-21 -1.412778486893e-18 -8.572815529568e-17 -2.782681821740e-15 -5.999796463395e-14 -9.574181072346e-13 -1.165416073493e-11 -9.775565878055e-11 -2.108655696122e-11 
