2.556278779332e-09 5.970560933066e-09 7.943767473373e-09 9.223422619991e-09 1.015069776537e-08 1.088800766716e-08 1.151970617322e-08 1.210121073811e-08 1.269133071170e-08 1.349943790663e-08 
1.586931633900e-10 1.257826020691e-09 2.969639095013e-09 4.589245966841e-09 5.898828149848e-09 6.953716859298e-09 7.855275699628e-09 8.684476914777e-09 9.525889148627e-09 1.067813678458e-08 
9.311668394059e-12 1.907784689600e-10 8.768928018093e-10 2.084492808689e-09 3.439457882079e-09 4.649406959383e-09 5.691844172623e-09 6.646563755374e-09 7.614189750504e-09 8.939149696536e-09 
-3.818601603959e-13 3.345571654773e-12 1.204860194851e-10 6.417476650398e-10 1.653827742319e-09 2.861004488355e-09 4.009418949067e-09 5.070897173127e-09 6.141533952827e-09 7.605826497368e-09 
-1.645981474354e-13 -5.170747517827e-12 -1.476107438576e-11 8.393497816636e-11 5.376395186840e-10 1.430781397076e-09 2.565723507723e-09 3.727671755674e-09 4.903406351929e-09 6.501215212879e-09 
-1.562752458405e-14 -9.912145719269e-13 -8.751314513251e-12 -1.825118566208e-11 6.308619055278e-11 4.482312281060e-10 1.288204227779e-09 2.461817527000e-09 3.759384408063e-09 5.500443352408e-09 
-6.174881880538e-16 -8.068560675218e-14 -1.467882698697e-12 -9.857504039678e-12 -2.747960409876e-11 1.070366540937e-11 3.334994036924e-10 1.210164712270e-09 2.586787702149e-09 4.515724535173e-09 
-9.893110739478e-18 -2.959928311181e-15 -1.088747231420e-13 -1.508107657337e-12 -1.087675112913e-11 -4.352053727594e-11 -7.317135235165e-11 1.614176163127e-10 1.232929799051e-09 3.438386923853e-09 
-4.307978811388e-20 -3.096695711366e-17 -2.336091547501e-15 -6.345497542668e-14 -9.314819539654e-13 -8.712931834759e-12 -5.391363624018e-11 -1.963551718331e-10 -1.343146514670e-10 1.978570014706e-09 
-9.301476460956e-24 -1.810034913378e-20 -3.258203790649e-18 -1.999179802470e-16 -6.562950039155e-15 -1.431933447256e-13 -2.315169919197e-12 -2.861687346215e-11 -2.448306980999e-10 -7.624188060729e-11 
