6.858401510918e-08 1.893572355930e-08 3.813368772213e-09 5.039271846647e-10 4.654766326885e-11 2.798003870427e-12 9.375420471194e-14 1.324008951682e-15 4.290320119635e-18 4.988259230692e-22 
1.893572355930e-08 7.473517995611e-08 2.739757247641e-08 8.398309441073e-09 1.598911075154e-09 1.907550126351e-10 1.285852888710e-11 3.820768936791e-13 2.799180141646e-15 8.631632804886e-19 
3.813368772213e-09 2.739757247641e-08 6.888901479155e-08 2.674764922387e-08 9.796189941389e-09 2.107194397695e-09 2.513123413709e-10 1.350746196039e-11 1.925798194291e-13 1.383805567677e-16 
5.039271846647e-10 8.398309441073e-09 2.674764922387e-08 6.330578274597e-08 2.405948601833e-08 9.257218592236e-09 1.925113594142e-09 1.806474560978e-10 4.756091227227e-12 7.539774696675e-15 
4.654766326885e-11 1.598911075154e-09 9.796189941389e-09 2.405948601833e-08 5.834982693113e-08 2.081169097930e-08 7.672238913712e-09 1.280825060732e-09 6.280539048012e-11 2.185081975927e-13 
2.798003870427e-12 1.907550126351e-10 2.107194397695e-09 9.257218592236e-09 2.081169097930e-08 5.409017588392e-08 1.734443204131e-08 5.389640573219e-09 5.187059048311e-10 4.159998560620e-12 
9.375420471194e-14 1.285852888710e-11 2.513123413709e-10 1.925113594142e-09 7.672238913712e-09 1.734443204131e-08 5.009287179502e-08 1.350287598294e-08 2.780398283288e-09 5.738880135091e-11 
1.324008951682e-15 3.820768936791e-13 1.350746196039e-11 1.806474560978e-10 1.280825060732e-09 5.389640573219e-09 1.350287598294e-08 4.624850110166e-08 9.079621150073e-09 5.834576398343e-10 
4.290320119635e-18 2.799180141646e-15 1.925798194291e-13 4.756091227227e-12 6.280539048012e-11 5.187059048311e-10 2.780398283288e-09 9.079621150073e-09 4.219641963415e-08 3.994360612790e-09 
4.988259230692e-22 8.631632804886e-19 1.383805567677e-16 7.539774696675e-15 2.185081975927e-13 4.159998560620e-12 5.738880135091e-11 5.834576398343e-10 3.994360612790e-09 3.597145193334e-08 
