2.565923976686e-09 4.399348030614e-11 5.023565023768e-11 5.400148370270e-11 5.670470864180e-11 5.885381613621e-11 6.069545412549e-11 6.239081134912e-11 6.411129610531e-11 6.646656683868e-11 
4.399348030614e-11 2.619864510697e-09 9.926524457547e-11 1.104987066946e-10 1.185657172601e-10 1.249700080300e-10 1.304582426555e-10 1.355109096558e-10 1.406385117793e-10 1.476586639397e-10 
5.023565023768e-11 9.926524457547e-11 2.665340984076e-09 1.455831757155e-10 1.592363865570e-10 1.700377368211e-10 1.792805490156e-10 1.877901307684e-10 1.964264755185e-10 2.082510619229e-10 
5.400148370270e-11 1.104987066946e-10 1.455831757155e-10 2.710015660046e-09 1.914287093601e-10 2.072756356314e-10 2.207703631757e-10 2.331737861068e-10 2.457623953175e-10 2.630000544522e-10 
5.670470864180e-11 1.185657172601e-10 1.592363865570e-10 1.914287093601e-10 2.756332733844e-09 2.396450587945e-10 2.582244693335e-10 2.752051934470e-10 2.924156469219e-10 3.159882436451e-10 
5.885381613621e-11 1.249700080300e-10 1.700377368211e-10 2.072756356314e-10 2.396450587945e-10 2.806267337859e-09 2.923863421729e-10 3.148039962572e-10 3.373694156200e-10 3.682650901087e-10 
6.069545412549e-11 1.304582426555e-10 1.792805490156e-10 2.207703631757e-10 2.582244693335e-10 2.923863421729e-10 2.862182000638e-09 3.528633549891e-10 3.818692293745e-10 4.212731572825e-10 
6.239081134912e-11 1.355109096558e-10 1.877901307684e-10 2.331737861068e-10 2.752051934470e-10 3.148039962572e-10 3.528633549891e-10 2.928822221221e-09 4.281799338819e-10 4.778538831390e-10 
6.411129610531e-11 1.406385117793e-10 1.964264755185e-10 2.457623953175e-10 2.924156469219e-10 3.373694156200e-10 3.818692293745e-10 4.281799338819e-10 3.017908292562e-09 5.450263299967e-10 
6.646656683868e-11 1.476586639397e-10 2.082510619229e-10 2.630000544522e-10 3.159882436451e-10 3.682650901087e-10 4.212731572825e-10 4.778538831390e-10 5.450263299967e-10 3.190940505667e-09 
