2.545965994047e-09 1.258111086326e-11 1.459098572149e-11 1.580649134123e-11 1.667889366267e-11 1.737244492814e-11 1.796677610393e-11 1.851390075749e-11 1.906913466616e-11 1.982924811939e-11 
1.258111086326e-11 2.563380402212e-09 3.119606382932e-11 3.518891583808e-11 3.805601264367e-11 4.033126984727e-11 4.228111045060e-11 4.407624111045e-11 4.589799939842e-11 4.839220660949e-11 
1.459098572149e-11 3.119606382932e-11 2.579810428194e-09 4.834933458957e-11 5.348099720476e-11 5.753686324427e-11 6.100663135462e-11 6.420123702313e-11 6.744347505697e-11 7.188272711819e-11 
1.580649134123e-11 3.518891583808e-11 4.834933458957e-11 2.596866481182e-09 6.615520217835e-11 7.234533990314e-11 7.761231297776e-11 8.245245054581e-11 8.736494434310e-11 9.409182676517e-11 
1.667889366267e-11 3.805601264367e-11 5.348099720476e-11 6.615520217835e-11 2.615213463522e-09 8.549802634124e-11 9.296626109096e-11 9.978741125930e-11 1.067003939006e-10 1.161692762054e-10 
1.737244492814e-11 4.033126984727e-11 5.753686324427e-11 7.234533990314e-11 8.549802634124e-11 2.635512443861e-09 1.071309924586e-10 1.163275203597e-10 1.255826457296e-10 1.382551714304e-10 
1.796677610393e-11 4.228111045060e-11 6.100663135462e-11 7.761231297776e-11 9.296626109096e-11 1.071309924586e-10 2.658642710950e-09 1.323050470267e-10 1.443824857943e-10 1.607948998235e-10 
1.851390075749e-11 4.407624111045e-11 6.420123702313e-11 8.245245054581e-11 9.978741125930e-11 1.163275203597e-10 1.323050470267e-10 2.686536833397e-09 1.639660120304e-10 1.849072187996e-10 
1.906913466616e-11 4.589799939842e-11 6.744347505697e-11 8.736494434310e-11 1.067003939006e-10 1.255826457296e-10 1.443824857943e-10 1.639660120304e-10 2.724033837560e-09 2.133839778500e-10 
1.982924811939e-11 4.839220660949e-11 7.188272711819e-11 9.409182676517e-11 1.161692762054e-10 1.382551714304e-10 1.607948998235e-10 1.849072187996e-10 2.133839778500e-10 2.796703258962e-09 
