2.543690106971e-09 8.839203520301e-12 1.028483851725e-11 1.115969343570e-11 1.178756537424e-11 1.228671090394e-11 1.271444966870e-11 1.310821439553e-11 1.350781587712e-11 1.405501832593e-11 
8.839203520301e-12 2.556223092377e-09 2.236700537657e-11 2.530767417385e-11 2.741902423199e-11 2.909426197097e-11 3.052990819390e-11 3.185165484622e-11 3.319301004703e-11 3.502986056066e-11 
1.028483851725e-11 2.236700537657e-11 2.568374285547e-09 3.514182714459e-11 3.898135543231e-11 4.201466183252e-11 4.460931634144e-11 4.699822960687e-11 4.942278092692e-11 5.274302763974e-11 
1.115969343570e-11 2.530767417385e-11 3.514182714459e-11 2.581198296054e-09 4.860405369675e-11 5.329415588326e-11 5.728306775209e-11 6.094828643161e-11 6.466833346374e-11 6.976312733479e-11 
1.178756537424e-11 2.741902423199e-11 3.898135543231e-11 4.860405369675e-11 2.595169569273e-09 6.340310820228e-11 6.912186972066e-11 7.434290029967e-11 7.963384264993e-11 8.688205310063e-11 
1.228671090394e-11 2.909426197097e-11 4.201466183252e-11 5.329415588326e-11 6.340310820228e-11 2.610786537113e-09 8.011031509776e-11 8.721356714488e-11 9.435930660525e-11 1.041447050348e-10 
1.271444966870e-11 3.052990819390e-11 4.460931634144e-11 5.728306775209e-11 6.912186972066e-11 8.011031509776e-11 2.628729867085e-09 9.970334315716e-11 1.090986550077e-10 1.218643166953e-10 
1.310821439553e-11 3.185165484622e-11 4.699822960687e-11 6.094828643161e-11 7.434290029967e-11 8.721356714488e-11 9.970334315716e-11 2.650525392067e-09 1.245092459657e-10 1.409016612081e-10 
1.350781587712e-11 3.319301004703e-11 4.942278092692e-11 6.466833346374e-11 7.963384264993e-11 9.435930660525e-11 1.090986550077e-10 1.245092459657e-10 2.680008958833e-09 1.634613680257e-10 
1.405501832593e-11 3.502986056066e-11 5.274302763974e-11 6.976312733479e-11 8.688205310063e-11 1.041447050348e-10 1.218643166953e-10 1.409016612081e-10 1.634613680257e-10 2.737486544336e-09 
