2.653464262084e-09 1.721465222106e-10 1.928225926382e-10 2.052815943722e-10 2.142248508910e-10 2.213348662939e-10 2.274276623635e-10 2.330365104143e-10 2.387284884685e-10 2.465202065779e-10 
1.721465222106e-10 2.831591010541e-09 3.484631520135e-10 3.831602764333e-10 4.080675689248e-10 4.278374999031e-10 4.447794233637e-10 4.603769211176e-10 4.762057703864e-10 4.978763355533e-10 
1.928225926382e-10 3.484631520135e-10 2.970949387390e-09 4.894267081979e-10 5.309673449378e-10 5.638031730701e-10 5.918922209166e-10 6.177529910306e-10 6.439994518718e-10 6.799346748584e-10 
2.052815943722e-10 3.831602764333e-10 4.894267081979e-10 3.106854902068e-09 6.291518485633e-10 6.775653359503e-10 7.187406660850e-10 7.565694881881e-10 7.949635578141e-10 8.475375793151e-10 
2.142248508910e-10 4.080675689248e-10 5.309673449378e-10 6.291518485633e-10 3.249191915171e-09 7.783285024365e-10 8.359349161246e-10 8.884845905488e-10 9.417188426354e-10 1.014638791986e-09 
2.213348662939e-10 4.278374999031e-10 5.638031730701e-10 6.775653359503e-10 7.783285024365e-10 3.405664338104e-09 9.452215701621e-10 1.016158943038e-09 1.087353288561e-09 1.184815174545e-09 
2.274276623635e-10 4.447794233637e-10 5.918922209166e-10 7.187406660850e-10 8.359349161246e-10 9.452215701621e-10 3.585403224962e-09 1.141913929140e-09 1.235709831043e-09 1.362670648028e-09 
2.330365104143e-10 4.603769211176e-10 6.177529910306e-10 7.565694881881e-10 8.884845905488e-10 1.016158943038e-09 1.141913929140e-09 3.806425410295e-09 1.394856413845e-09 1.558538176705e-09 
2.387284884685e-10 4.762057703864e-10 6.439994518718e-10 7.949635578141e-10 9.417188426354e-10 1.087353288561e-09 1.235709831043e-09 1.394856413845e-09 4.114369879569e-09 1.802005389047e-09 
2.465202065779e-10 4.978763355533e-10 6.799346748584e-10 8.475375793151e-10 1.014638791986e-09 1.184815174545e-09 1.362670648028e-09 1.558538176705e-09 1.802005389047e-09 4.749540625304e-09 
