8.2267533877678354e-08 2.4638365310376876e-08 4.8784786086928744e-09 6.3602441523202629e-10 5.8148696915368274e-11 3.4628493128589236e-12 1.1529591611435335e-13 1.6190371580891238e-15 5.2200473101001812e-18 6.0588893570910904e-22 
2.4638365310376876e-08 8.7901662528695420e-08 3.4695693184678435e-08 1.0525187905508102e-08 1.9856426194099901e-09 2.3513595010768406e-10 1.5772126325788923e-11 4.6596982809199061e-13 3.4057448573864158e-15 1.0474100815006520e-18 
4.8784786086928744e-09 3.4695693184678435e-08 7.9263502537809840e-08 3.3298951073594636e-08 1.2104871771939906e-08 2.5904685917995341e-09 3.0749057022804051e-10 1.6447983937433020e-11 2.3433727257227451e-13 1.6780618679274181e-16 
6.3602441523202629e-10 1.0525187905508102e-08 3.3298951073594636e-08 7.1619845765156131e-08 2.9614445064804323e-08 1.1350816890783270e-08 2.3495405331478075e-09 2.1982026333339372e-10 5.7861373370561169e-12 9.1412463779045415e-15 
5.8148696915368274e-11 1.9856426194099901e-09 1.2104871771939906e-08 2.9614445064804323e-08 6.5192063238759645e-08 2.5437644728145988e-08 9.3439126448240119e-09 1.5583986187224148e-09 7.6353617927957888e-11 2.6503366014404429e-13 
3.4628493128589236e-12 2.3513595010768406e-10 2.5904685917995341e-09 1.1350816890783270e-08 2.5437644728145988e-08 5.9744817928925874e-08 2.1103508184915250e-08 6.5576967278699606e-09 6.2984893770421603e-10 5.0519882048608884e-12 
1.1529591611435335e-13 1.5772126325788923e-11 3.0749057022804051e-10 2.3495405331478075e-09 9.3439126448240119e-09 2.1103508184915250e-08 5.4838143633524800e-08 1.6414789708529214e-08 3.3722287075151009e-09 6.9856862132922202e-11 
1.6190371580891238e-15 4.6596982809199061e-13 1.6447983937433020e-11 2.1982026333339372e-10 1.5583986187224148e-09 6.5576967278699606e-09 1.6414789708529214e-08 5.0096639763214586e-08 1.1019088941148018e-08 7.1279828371238685e-10 
5.2200473101001812e-18 3.4057448573864158e-15 2.3433727257227451e-13 5.7861373370561169e-12 7.6353617927957888e-11 6.2984893770421603e-10 3.3722287075151009e-09 1.1019088941148018e-08 4.5265593737387757e-08 4.8967022088975601e-09 
6.0588893570910904e-22 1.0474100815006520e-18 1.6780618679274181e-16 9.1412463779045415e-15 2.6503366014404429e-13 5.0519882048608884e-12 6.9856862132922202e-11 7.1279828371238685e-10 4.8967022088975601e-09 3.7781628806920320e-08 
