1.344791797451e-07 4.460019941936e-08 8.487005022283e-09 1.076921689294e-09 9.656111170179e-11 5.674212210247e-12 1.871219597348e-13 2.609674478780e-15 8.425450455300e-18 9.861657027576e-22 
4.460019941936e-08 1.327172943085e-07 5.912975166513e-08 1.758211970959e-08 3.268277718353e-09 3.831296395351e-10 2.549212881758e-11 7.508638663197e-13 5.502240015117e-15 1.711425060612e-18 
8.487005022283e-09 5.912975166513e-08 1.137214052048e-07 5.499785862902e-08 1.979259821875e-08 4.201944943540e-09 4.958993243178e-10 2.652289201200e-11 3.789250154709e-13 2.753950769869e-16 
1.076921689294e-09 1.758211970959e-08 5.499785862902e-08 9.928375024993e-08 4.814266405591e-08 1.833983026353e-08 3.786238865315e-09 3.547983928787e-10 9.368857656544e-12 1.507410678440e-14 
9.656111170179e-11 3.268277718353e-09 1.979259821875e-08 4.814266405591e-08 8.801431506967e-08 4.100162416168e-08 1.506581682450e-08 2.517875205461e-09 1.239300622687e-10 4.392614077302e-13 
5.674212210247e-12 3.831296395351e-10 4.201944943540e-09 1.833983026353e-08 4.100162416168e-08 7.904438847508e-08 3.407110487887e-08 1.060994095949e-08 1.026767785564e-09 8.418136160891e-12 
1.871219597348e-13 2.549212881758e-11 4.958993243178e-10 3.786238865315e-09 1.506581682450e-08 3.407110487887e-08 7.126968741509e-08 2.664587278309e-08 5.538158909292e-09 1.171006469945e-10 
2.609674478780e-15 7.508638663197e-13 2.652289201200e-11 3.547983928787e-10 2.517875205461e-09 1.060994095949e-08 2.664587278309e-08 6.403567090026e-08 1.829285813898e-08 1.203964530540e-09 
8.425450455300e-18 5.502240015117e-15 3.789250154709e-13 9.368857656544e-12 1.239300622687e-10 1.026767785564e-09 5.538158909292e-09 1.829285813898e-08 5.690129794924e-08 8.387913478695e-09 
9.861657027576e-22 1.711425060612e-18 2.753950769869e-16 1.507410678440e-14 4.392614077302e-13 8.418136160891e-12 1.171006469945e-10 1.203964530540e-09 8.387913478695e-09 4.520679216414e-08 
