1.0920901660285245e-07 3.5215683982296099e-08 6.8042427465041078e-09 8.7175631467953267e-10 7.8690049445797046e-11 4.6413698509431947e-12 1.5342435243891261e-13 2.1435849937353024e-15 6.8957356390600081e-18 8.0305623249962851e-22 
3.5215683982296099e-08 1.1179716192489627e-07 4.7757501169791724e-08 1.4298843420606790e-08 2.6704354418704937e-09 3.1379260607245397e-10 2.0929337664663708e-11 6.1614062154137206e-13 4.4995272565940296e-15 1.3900424792455306e-18 
6.8042427465041078e-09 4.7757501169791724e-08 9.7689333950788725e-08 4.4894482488321402e-08 1.6197634179584815e-08 3.4459103411055749e-09 4.0728519135625797e-10 2.1734774275843575e-11 3.0972787735210803e-13 2.2301642166778377e-16 
8.7175631467953267e-10 1.4298843420606790e-08 4.4894482488321402e-08 8.6357184004759838e-08 3.9454019912849148e-08 1.5058174085607066e-08 3.1078145852246084e-09 2.9040241903224576e-10 7.6529796517012053e-12 1.2168611152085924e-14 
7.8690049445797046e-11 2.6704354418704937e-09 1.6197634179584815e-08 3.9454019912849148e-08 7.7301439964365820e-08 3.3672210745424436e-08 1.2348050151668826e-08 2.0590437934326971e-09 1.0109307524749070e-10 3.5348222620028344e-13 
4.6413698509431947e-12 3.1379260607245397e-10 3.4459103411055749e-09 1.5058174085607066e-08 3.3672210745424436e-08 6.9892990165777814e-08 2.7879021791773191e-08 8.6700386192421301e-09 8.3523567888871034e-10 6.7539639703185809e-12 
1.5342435243891261e-13 2.0929337664663708e-11 4.0728519135625797e-10 3.1078145852246084e-09 1.2348050151668826e-08 2.7879021791773191e-08 6.3406320854380351e-08 2.1734292134097480e-08 4.4829626101003550e-09 9.3692458874180975e-11 
2.1435849937353024e-15 6.1614062154137206e-13 2.1734774275843575e-11 2.9040241903224576e-10 2.0590437934326971e-09 8.6700386192421301e-09 2.1734292134097480e-08 5.7273643317898019e-08 1.4708322162369810e-08 9.6079412049488696e-10 
6.8957356390600081e-18 4.4995272565940296e-15 3.0972787735210803e-13 7.6529796517012053e-12 1.0109307524749070e-10 8.3523567888871034e-10 4.4829626101003550e-09 1.4708322162369810e-08 5.1139749130900203e-08 6.6591745371578552e-09 
8.0305623249962851e-22 1.3900424792455306e-18 2.2301642166778377e-16 1.2168611152085924e-14 3.5348222620028344e-13 6.7539639703185809e-12 9.3692458874180975e-11 9.6079412049488696e-10 6.6591745371578552e-09 4.1460490526089231e-08 
