1.0539442978305776e-07 3.3759101514666682e-08 6.5416380490091100e-09 8.3975564174081578e-10 7.5905803437736923e-11 4.4814999802806558e-12 1.4823717945706030e-13 2.0718960172759461e-15 6.6647323354427493e-18 7.7551554029620322e-22 
3.3759101514666682e-08 1.0853421510362778e-07 4.5982771364535662e-08 1.3787195075439202e-08 2.5775905741471612e-09 3.0310651682905845e-10 2.0226314146424086e-11 5.9555700499792131e-13 4.3482975193130920e-15 1.3420518677257666e-18 
6.5416380490091100e-09 4.5982771364535662e-08 9.5190662742879672e-08 4.3322691165055799e-08 1.5642150039917781e-08 3.3294996956910289e-09 3.9365279929412728e-10 2.1008050667056763e-11 2.9927795816063822e-13 2.1526145640189387e-16 
8.3975564174081578e-10 1.3787195075439202e-08 4.3322691165055799e-08 8.4357591479389353e-08 3.8116182729843127e-08 1.4552645317553981e-08 3.0039631287230851e-09 2.8067200115360572e-10 7.3935822591925064e-12 1.1742095580585113e-14 
7.5905803437736923e-11 2.5775905741471612e-09 1.5642150039917781e-08 3.8116182729843127e-08 7.5651118318641273e-08 3.2546254472766080e-08 1.1935236439394377e-08 1.9898116733893734e-09 9.7646047698905546e-11 3.4098091220969096e-13 
4.4814999802806558e-12 3.0310651682905845e-10 3.3294996956910289e-09 1.4552645317553981e-08 3.2546254472766080e-08 6.8499888160209203e-08 2.6944191625167219e-08 8.3769299089226884e-09 8.0651691874184469e-10 6.5125702390371218e-12 
1.4823717945706030e-13 2.0226314146424086e-11 3.9365279929412728e-10 3.0039631287230851e-09 1.1935236439394377e-08 2.6944191625167219e-08 6.2218825693632776e-08 2.0993035041156106e-08 4.3268779402175714e-09 9.0298687056312672e-11 
2.0718960172759461e-15 5.9555700499792131e-13 2.1008050667056763e-11 2.8067200115360572e-10 1.9898116733893734e-09 8.3769299089226884e-09 2.0993035041156106e-08 5.6267336807678226e-08 1.4186312726510335e-08 9.2532360968340326e-10 
6.6647323354427493e-18 4.3482975193130920e-15 2.9927795816063822e-13 7.3935822591925064e-12 9.7646047698905546e-11 8.0651691874184469e-10 4.3268779402175714e-09 1.4186312726510335e-08 5.0301628565488933e-08 6.4055795067749694e-09 
7.7551554029620322e-22 1.3420518677257666e-18 2.1526145640189387e-16 1.1742095580585113e-14 3.4098091220969096e-13 6.5125702390371218e-12 9.0298687056312672e-11 9.2532360968340326e-10 6.4055795067749694e-09 4.0925640353681800e-08 
