4.9648350125906027e-07 1.7177609668340113e-07 3.2272782672163416e-08 4.1465627365887018e-09 3.8168937324608434e-10 2.3223420582458577e-11 8.0025843566052124e-13 1.1820868932156781e-14 4.0803681334952808e-17 5.3440331280666712e-21 
1.7177609668340113e-07 4.2565359086238960e-07 2.2657739245617962e-07 6.8824329059820614e-08 1.3194035596889872e-08 1.6061805931822650e-09 1.1208601126886494e-10 3.4886263506888841e-12 2.7262026984971679e-14 9.4481348980337635e-18 
3.2272782672163416e-08 2.2657739245617962e-07 3.6163576168497413e-07 2.2001128194282458e-07 8.1717146873310877e-08 1.8041795131071041e-08 2.2338914991475599e-09 1.2585378997520419e-10 1.9192833579706508e-12 1.5453763032276180e-15 
4.1465627365887018e-09 6.8824329059820614e-08 2.2001128194282458e-07 3.2015347117784813e-07 2.0416974110899418e-07 8.0917127987822151e-08 1.7471398831304531e-08 1.7193117812855036e-09 4.8542712152553479e-11 8.5880937704661664e-14 
3.8168937324608434e-10 1.3194035596889872e-08 8.1717146873310877e-08 2.0416974110899418e-07 2.9028190715331319e-07 1.8651093206336726e-07 7.1323038698759659e-08 1.2499554089631335e-08 6.5793208603036637e-10 2.5398369594082776e-12 
2.3223420582458577e-11 1.6061805931822650e-09 1.8041795131071041e-08 8.0917127987822151e-08 1.8651093206336726e-07 2.6711807965401308e-07 1.6609554435481415e-07 5.4285274916822388e-08 5.6000860985436623e-09 4.9434591027149223e-11 
8.0025843566052124e-13 1.1208601126886494e-10 2.2338914991475599e-09 1.7471398831304531e-08 7.1323038698759659e-08 1.6609554435481415e-07 2.4613915308548882e-07 1.4158997326177653e-07 3.1125574106781877e-08 7.0033632142592902e-10 
1.1820868932156781e-14 3.4886263506888841e-12 1.2585378997520419e-10 1.7193117812855036e-09 1.2499554089631335e-08 5.4285274916822388e-08 1.4158997326177653e-07 2.2708880486008811e-07 1.0628583672450540e-07 7.3871280874806832e-09 
4.0803681334952808e-17 2.7262026984971679e-14 1.9192833579706508e-12 4.8542712152553479e-11 6.5793208603036637e-10 5.6000860985436623e-09 3.1125574106781877e-08 1.0628583672450540e-07 2.0188322664167977e-07 5.3726761441268519e-08 
5.3440331280666712e-21 9.4481348980337635e-18 1.5453763032276180e-15 8.5880937704661664e-14 2.5398369594082776e-12 4.9434591027149223e-11 7.0033632142592902e-10 7.3871280874806832e-09 5.3726761441268519e-08 1.4583895373125162e-07 
