2.541591216996e-09 5.336252391798e-12 6.232663802964e-12 6.775576835706e-12 7.165179466786e-12 7.474899620352e-12 7.740313273525e-12 7.984646189434e-12 8.232600856346e-12 8.572143196775e-12 
5.336252391798e-12 2.549369698236e-09 1.383052438599e-11 1.570717546749e-11 1.705421969236e-11 1.812274390195e-11 1.903845551556e-11 1.988152956319e-11 2.073711251514e-11 2.190874853943e-11 
6.232663802964e-12 1.383052438599e-11 2.557166017931e-09 2.210092465684e-11 2.460179418143e-11 2.657607715703e-11 2.826449023891e-11 2.981904932416e-11 3.139681908279e-11 3.355746590228e-11 
6.775576835706e-12 1.570717546749e-11 2.210092465684e-11 2.565576029159e-09 3.099744713981e-11 3.410592692539e-11 3.674769428460e-11 3.917461200674e-11 4.163787116492e-11 4.501147313132e-11 
7.165179466786e-12 1.705421969236e-11 2.460179418143e-11 3.099744713981e-11 2.574904933603e-09 4.094608476419e-11 4.479520738767e-11 4.830659683306e-11 5.186448230224e-11 5.673873486100e-11 
7.474899620352e-12 1.812274390195e-11 2.657607715703e-11 3.410592692539e-11 4.094608476419e-11 2.585492134092e-09 5.233926054424e-11 5.718304802176e-11 6.205200638756e-11 6.871968335925e-11 
7.740313273525e-12 1.903845551556e-11 2.826449023891e-11 3.674769428460e-11 4.479520738767e-11 5.233926054424e-11 2.597815424854e-09 6.586404238017e-11 7.234203936272e-11 8.113898865377e-11 
7.984646189434e-12 1.988152956319e-11 2.981904932416e-11 3.917461200674e-11 4.830659683306e-11 5.718304802176e-11 6.586404238017e-11 2.612960322775e-09 8.318112742330e-11 9.459480423561e-11 
8.232600856346e-12 2.073711251514e-11 3.139681908279e-11 4.163787116492e-11 5.186448230224e-11 6.205200638756e-11 7.234203936272e-11 8.318112742330e-11 2.633685205112e-09 1.106519406797e-10 
8.572143196775e-12 2.190874853943e-11 3.355746590228e-11 4.501147313132e-11 5.673873486100e-11 6.871968335925e-11 8.113898865377e-11 9.459480423561e-11 1.106519406797e-10 2.674546487217e-09 
