7.2009270822371312e-08 3.4429520489492555e-08 2.5398013729979338e-08 2.0000627117588461e-08 1.6125097255250541e-08 1.3045985225726636e-08 1.0413613948456114e-08 8.0039648045911539e-09 5.5911415450971647e-09 2.3858829387674677e-09 
3.4429520489492555e-08 1.9777445467911798e-08 1.2807572904414905e-08 1.0159268152794374e-08 8.2580873568254518e-09 6.7476462328173436e-09 5.4561090366270746e-09 4.2735221683857739e-09 3.0891689830567922e-09 1.5188768703373937e-09 
2.5398013729979338e-08 1.2807572904414905e-08 1.2100143297963998e-08 7.6218126495545246e-09 6.2293865829052761e-09 5.1231620339253952e-09 4.1771469455218481e-09 3.3107691113256232e-09 2.4429861034130039e-09 1.2940082891028223e-09 
2.0000627117588461e-08 1.0159268152794374e-08 7.6218126495545246e-09 8.6438660016170651e-09 5.0170333306332561e-09 4.1523559293045018e-09 3.4128074099361757e-09 2.7353919276809922e-09 2.0567928723343947e-09 1.1595933055123251e-09 
1.6125097255250541e-08 8.2580873568254518e-09 6.2293865829052761e-09 5.0170333306332561e-09 6.6856046026648872e-09 3.4559840005446967e-09 2.8647101532301301e-09 2.3229802435253673e-09 1.7802413025915794e-09 1.0638662506778625e-09 
1.3045985225726636e-08 6.7476462328173436e-09 5.1231620339253952e-09 4.1523559293045018e-09 3.4559840005446967e-09 5.4412661687558706e-09 2.4293874201856596e-09 1.9954456572840123e-09 1.5606084311666502e-09 9.8788563188924181e-10 
1.0413613948456114e-08 5.4561090366270746e-09 4.1771469455218481e-09 3.4128074099361757e-09 2.8647101532301301e-09 2.4293874201856596e-09 4.5953164944486428e-09 1.7151413092183215e-09 1.3724687488195884e-09 9.2243617029875352e-10 
8.0039648045911539e-09 4.2735221683857739e-09 3.3107691113256232e-09 2.7353919276809922e-09 2.3229802435253673e-09 1.9954456572840123e-09 1.7151413092183215e-09 3.9966014498648723e-09 1.2000259742536498e-09 8.6191727937651451e-10 
5.5911415450971647e-09 3.0891689830567922e-09 2.4429861034130039e-09 2.0567928723343947e-09 1.7802413025915794e-09 1.5606084311666502e-09 1.3724687488195884e-09 1.2000259742536498e-09 3.5660556666976009e-09 8.0158357467697360e-10 
2.3858829387674677e-09 1.5188768703373937e-09 1.2940082891028223e-09 1.1595933055123251e-09 1.0638662506778625e-09 9.8788563188924181e-10 9.2243617029875352e-10 8.6191727937651451e-10 8.0158357467697360e-10 3.2672129656304607e-09 
