2.4093216769044677e-08 1.0561184610118232e-08 7.7282804101350336e-09 6.0356032875031178e-09 4.8202089079417163e-09 3.8547648761956833e-09 3.0299075779592560e-09 2.2757630399655544e-09 1.5219401199301766e-09 5.1643734336839461e-10 
1.0561184610118232e-08 7.7781298130924760e-09 3.8680484355351282e-09 3.0484965057872381e-09 2.4602134385337530e-09 1.9929508837570614e-09 1.5936553232341826e-09 1.2285080462655818e-09 8.6354497479480868e-10 3.7801874939516561e-10 
7.7282804101350336e-09 3.8680484355351282e-09 5.4114216933920214e-09 2.2783447269763232e-09 1.8516119459346682e-09 1.5126849803300352e-09 1.2230239603486000e-09 9.5809346588184068e-10 6.9331090186129145e-10 3.4174136908551037e-10 
6.0356032875031178e-09 3.0484965057872381e-09 2.2783447269763232e-09 4.3566546764139024e-09 1.4879842202530567e-09 1.2257297295691935e-09 1.0015655463188493e-09 7.9651080397689219e-10 5.9158479723617794e-10 3.2005222726533899e-10 
4.8202089079417163e-09 2.4602134385337530e-09 1.8516119459346682e-09 1.4879842202530567e-09 3.7656394849077478e-09 1.0200018278224608e-09 8.4287699022046837e-10 6.8081657618901100e-10 5.1887797444724353e-10 3.0483151525785913e-10 
3.8547648761956833e-09 1.9929508837570614e-09 1.5126849803300352e-09 1.2257297295691935e-09 1.0200018278224608e-09 3.3951189661652874e-09 7.1691263636220590e-10 5.8899937563301076e-10 4.6119187983796502e-10 2.9280567126384790e-10 
3.0299075779592560e-09 1.5936553232341826e-09 1.2230239603486000e-09 1.0015655463188493e-09 8.4287699022046837e-10 7.1691263636220590e-10 3.1476508354827096e-09 5.1047617034321386e-10 4.1179631171640925e-10 2.8237454507873778e-10 
2.2757630399655544e-09 1.2285080462655818e-09 9.5809346588184068e-10 7.9651080397689219e-10 6.8081657618901100e-10 5.8899937563301076e-10 5.1047617034321386e-10 2.9770732183005539e-09 3.6663313470314474e-10 2.7268506006921437e-10 
1.5219401199301766e-09 8.6354497479480868e-10 6.9331090186129145e-10 5.9158479723617794e-10 5.1887797444724353e-10 4.6119187983796502e-10 4.1179631171640925e-10 3.6663313470314474e-10 2.8602431737936562e-09 2.6330385620078735e-10 
5.1643734336839461e-10 3.7801874939516561e-10 3.4174136908551037e-10 3.2005222726533899e-10 3.0483151525785913e-10 2.9280567126384790e-10 2.8237454507873778e-10 2.7268506006921437e-10 2.6330385620078735e-10 2.7922326818049055e-09 
