2.541051069595e-09 4.433684492962e-12 5.186577891135e-12 5.642689224314e-12 5.969990680923e-12 6.230181535385e-12 6.453151672919e-12 6.658412284382e-12 6.866715482365e-12 7.151960204443e-12 
4.433684492962e-12 2.547585822279e-09 1.159509728695e-11 1.318538690881e-11 1.432676640698e-11 1.523205827039e-11 1.600788568219e-11 1.672217527260e-11 1.744706345551e-11 1.843972618861e-11 
5.186577891135e-12 1.159509728695e-11 2.554203554641e-09 1.863594570135e-11 2.076930473729e-11 2.245303815586e-11 2.389286379548e-11 2.521854597186e-11 2.656402790219e-11 2.840657417399e-11 
5.642689224314e-12 1.318538690881e-11 1.863594570135e-11 2.561394164934e-09 2.626227311017e-11 2.892999076665e-11 3.119648861840e-11 3.327847891286e-11 3.539166078300e-11 3.828582108455e-11 
5.969990680923e-12 1.432676640698e-11 2.076930473729e-11 2.626227311017e-11 2.569421130659e-09 3.484356594899e-11 3.816501332258e-11 4.119419355172e-11 4.426331652499e-11 4.846802635495e-11 
6.230181535385e-12 1.523205827039e-11 2.245303815586e-11 2.892999076665e-11 3.484356594899e-11 2.578580767570e-09 4.472126639891e-11 4.892131831962e-11 5.314177473969e-11 5.892132847541e-11 
6.453151672919e-12 1.600788568219e-11 2.389286379548e-11 3.119648861840e-11 3.816501332258e-11 4.472126639891e-11 2.589294601157e-09 5.650352562199e-11 6.214374201483e-11 6.980111576999e-11 
6.658412284382e-12 1.672217527260e-11 2.521854597186e-11 3.327847891286e-11 4.119419355172e-11 4.892131831962e-11 5.650352562199e-11 2.602521684822e-09 7.165212689589e-11 8.162575985410e-11 
6.866715482365e-12 1.744706345551e-11 2.656402790219e-11 3.539166078300e-11 4.426331652499e-11 5.314177473969e-11 6.214374201483e-11 7.165212689589e-11 2.620703845704e-09 9.579087165326e-11 
7.151960204443e-12 1.843972618861e-11 2.840657417399e-11 3.828582108455e-11 4.846802635495e-11 5.892132847541e-11 6.980111576999e-11 8.162575985410e-11 9.579087165326e-11 2.656730501746e-09 
