2.916168903729e-07 9.873699368415e-08 1.821481189553e-08 2.283922219757e-09 2.047934869067e-10 1.211156484761e-11 4.035022570249e-13 5.740336641308e-15 1.912067956935e-17 2.380152086639e-21 
9.873699368415e-08 2.534209508620e-07 1.256670298602e-07 3.725143040327e-08 6.957741421626e-09 8.219937033186e-10 5.546348542105e-11 1.669263208732e-12 1.264720945040e-14 4.170972723963e-18 
1.821481189553e-08 1.256670298602e-07 2.093480773650e-07 1.168820948196e-07 4.232353376951e-08 9.072993238167e-09 1.088571259212e-09 5.955721934850e-11 8.818613999443e-13 6.771438778147e-16 
2.283922219757e-09 3.725143040327e-08 1.168820948196e-07 1.800358300160e-07 1.035874653808e-07 3.995139077282e-08 8.393048666820e-09 8.055327070219e-10 2.207832879920e-11 3.739588422066e-14 
2.047934869067e-10 6.957741421626e-09 4.232353376951e-08 1.035874653808e-07 1.581811174750e-07 9.034832422184e-08 3.379203355685e-08 5.793705757403e-09 2.958877396930e-10 1.100401464270e-12 
1.211156484761e-11 8.219937033186e-10 9.072993238167e-09 3.995139077282e-08 9.034832422184e-08 1.418265615627e-07 7.760750752785e-08 2.482978056692e-08 2.486619180722e-09 2.133723570815e-11 
4.035022570249e-13 5.546348542105e-11 1.088571259212e-09 8.393048666820e-09 3.379203355685e-08 7.760750752785e-08 1.283757932127e-07 6.364766444772e-08 1.363371006146e-08 3.015173982489e-10 
5.740336641308e-15 1.669263208732e-12 5.955721934850e-11 8.055327070219e-10 5.793705757403e-09 2.482978056692e-08 6.364766444772e-08 1.157931456686e-07 4.601043046266e-08 3.173645220703e-09 
1.912067956935e-17 1.264720945040e-14 8.818613999443e-13 2.207832879920e-11 2.958877396930e-10 2.486619180722e-09 1.363371006146e-08 4.601043046266e-08 1.029178895568e-07 2.288981870501e-08 
2.380152086639e-21 4.170972723963e-18 6.771438778147e-16 3.739588422066e-14 1.100401464270e-12 2.133723570815e-11 3.015173982489e-10 3.173645220703e-09 2.288981870501e-08 7.674202930631e-08 
