2.9093255142488312e-07 9.8534362411641102e-08 1.8170605437107624e-08 2.2772722365105444e-09 2.0401419096860712e-10 1.2067446698940242e-11 4.0367552374094815e-13 5.7625977187526924e-15 1.9213549679351918e-17 2.3912038492993120e-21 
9.8534362411641102e-08 2.5289582082343633e-07 1.2531362081895482e-07 3.7124769743194880e-08 6.9297406905396171e-09 8.2072633459203352e-10 5.5601249589066512e-11 1.6767338538009647e-12 1.2708900476828307e-14 4.1898311868350549e-18 
1.8170605437107624e-08 1.2531362081895482e-07 2.0875845026401648e-07 1.1640973462940469e-07 4.2199095186827331e-08 9.0792791177515683e-09 1.0925184168010486e-09 5.9839004219355468e-11 8.8614184702574776e-13 6.8009662264664674e-16 
2.2772722365105444e-09 3.7124769743194880e-08 1.1640973462940469e-07 1.7952817271991565e-07 1.0354254701655383e-07 4.0057793708537036e-08 8.4293158853036098e-09 8.0943456282996180e-10 2.2184427572075479e-11 3.7550980082318104e-14 
2.0401419096860712e-10 6.9297406905396171e-09 4.2199095186827331e-08 1.0354254701655383e-07 1.5847536750861700e-07 9.0706871195818508e-08 3.3951131554359787e-08 5.8219267944861313e-09 2.9728638252525649e-10 1.1046673798844269e-12 
1.2067446698940242e-11 8.2072633459203352e-10 9.0792791177515683e-09 4.0057793708537036e-08 9.0706871195818508e-08 1.4235295419731831e-07 7.7984755865973826e-08 2.4949791123280062e-08 2.4980283409929968e-09 2.1413047299190612e-11 
4.0367552374094815e-13 5.5601249589066512e-11 1.0925184168010486e-09 8.4293158853036098e-09 3.3951131554359787e-08 7.7984755865973826e-08 1.2886198547512919e-07 6.3948376564388785e-08 1.3692504727964296e-08 3.0248175599030320e-10 
5.7625977187526924e-15 1.6767338538009647e-12 5.9839004219355468e-11 8.0943456282996180e-10 5.8219267944861313e-09 2.4949791123280062e-08 6.3948376564388785e-08 1.1618302844366553e-07 4.6183737316681933e-08 3.1828127791261512e-09 
1.9213549679351918e-17 1.2708900476828307e-14 8.8614184702574776e-13 2.2184427572075479e-11 2.9728638252525649e-10 2.4980283409929968e-09 1.3692504727964296e-08 4.6183737316681933e-08 1.0314639904935032e-07 2.2952375312371378e-08 
2.3912038492993120e-21 4.1898311868350549e-18 6.8009662264664674e-16 3.7550980082318104e-14 1.1046673798844269e-12 2.1413047299190612e-11 3.0248175599030320e-10 3.1828127791261512e-09 2.2952375312371378e-08 7.6870991580793731e-08 
