1.404440891655e-07 4.675969415280e-08 8.870792768153e-09 1.123447205841e-09 1.006327810964e-10 5.911089329683e-12 1.947385133337e-13 2.720482800507e-15 8.774985970799e-18 1.032289302463e-21 
4.675969415280e-08 1.374934730268e-07 6.171538392561e-08 1.832653185173e-08 3.405526806929e-09 3.988456798825e-10 2.654672012769e-11 7.829281951924e-13 5.729061967111e-15 1.792997432583e-18 
8.870792768153e-09 6.171538392561e-08 1.173520273688e-07 5.731229378647e-08 2.061361825518e-08 4.373586418956e-09 5.168320533861e-10 2.764173676929e-11 3.948031649308e-13 2.885637269247e-16 
1.123447205841e-09 1.832653185173e-08 5.731229378647e-08 1.022435624831e-07 5.010831677160e-08 1.910047165054e-08 3.947698206203e-09 3.695448720272e-10 9.774869997816e-12 1.578842109629e-14 
1.006327810964e-10 3.405526806929e-09 2.061361825518e-08 5.010831677160e-08 9.048067064400e-08 4.274383683937e-08 1.570255154326e-08 2.622147999690e-09 1.295296538088e-10 4.597224098511e-13 
5.911089329683e-12 3.988456798825e-10 4.373586418956e-09 1.910047165054e-08 4.274383683937e-08 8.120363821318e-08 3.548205983134e-08 1.106125602611e-08 1.074952404413e-09 8.802541640460e-12 
1.947385133337e-13 2.654672012769e-11 5.168320533861e-10 3.947698206203e-09 1.570255154326e-08 3.548205983134e-08 7.307566323310e-08 2.785233739393e-08 5.801583572142e-09 1.223884480415e-10 
2.720482800507e-15 7.829281951924e-13 2.764173676929e-11 3.695448720272e-10 2.622147999690e-09 1.106125602611e-08 2.785233739393e-08 6.573854896423e-08 1.913967276318e-08 1.260106780512e-09 
8.774985970799e-18 5.729061967111e-15 3.948031649308e-13 9.774869997816e-12 1.295296538088e-10 1.074952404413e-09 5.801583572142e-09 1.913967276318e-08 5.821868551564e-08 8.832789269499e-09 
1.032289302463e-21 1.792997432583e-18 2.885637269247e-16 1.578842109629e-14 4.597224098511e-13 8.802541640460e-12 1.223884480415e-10 1.260106780512e-09 8.832789269499e-09 4.615359292454e-08 
