3.7669186925795094e-06 1.5875612518470958e-06 3.1719443809242506e-07 4.3783736083468657e-08 4.2514176110814196e-09 2.6483798329451297e-10 9.0835932901317910e-12 1.3018090008930236e-13 4.2867730278214640e-16 5.1905323602226460e-20 
1.5875612518470958e-06 3.8860701360442753e-06 2.3474999167704659e-06 7.5508017858020779e-07 1.4954074874155613e-07 1.8315671591587991e-08 1.2561610492242428e-09 3.7752864917723820e-11 2.8191602491562036e-13 9.0528683718927254e-17 
3.1719443809242506e-07 2.3474999167704659e-06 3.6606088424522362e-06 2.4786063236425491e-06 9.3238934566326529e-07 2.0437146331265205e-07 2.4681525410885124e-08 1.3415552647783445e-09 1.9549954114488759e-11 1.4632309313308043e-14 
4.3783736083468657e-08 7.5508017858020779e-07 2.4786063236425491e-06 3.3578280021174979e-06 2.3225379133556064e-06 9.0507630681983138e-07 1.8996964989586498e-07 1.8056102666670882e-08 4.8675999620664658e-10 8.0452851258837035e-13 
4.2514176110814196e-09 1.4954074874155613e-07 9.3238934566326529e-07 2.3225379133556064e-06 2.9704575318934918e-06 2.0478983818004591e-06 7.6155109784829238e-07 1.2908656216512957e-07 6.4850404136966753e-09 2.3563769991198652e-11 
2.6483798329451297e-10 1.8315671591587991e-08 2.0437146331265205e-07 9.0507630681983138e-07 2.0478983818004591e-06 2.5926716444473806e-06 1.7370154191120015e-06 5.4910238763701117e-07 5.4135063307802050e-08 4.5449395973989813e-10 
9.0835932901317910e-12 1.2561610492242428e-09 2.4681525410885124e-08 1.8996964989586498e-07 7.6155109784829238e-07 1.7370154191120015e-06 2.2493936242583202e-06 1.3946798514807694e-06 2.9443883395109045e-07 6.3799541567277264e-09 
1.3018090008930236e-13 3.7752864917723820e-11 1.3415552647783445e-09 1.8056102666670882e-08 1.2908656216512957e-07 5.4910238763701117e-07 1.3946798514807694e-06 1.9263304605896303e-06 9.8352116242791860e-07 6.6536733363067669e-08 
4.2867730278214640e-16 2.8191602491562036e-13 1.9549954114488759e-11 4.8675999620664658e-10 6.4850404136966753e-09 5.4135063307802050e-08 2.9443883395109045e-07 9.8352116242791860e-07 1.6022365290717521e-06 4.7356670093715002e-07 
5.1905323602226460e-20 9.0528683718927254e-17 1.4632309313308043e-14 8.0452851258837035e-13 2.3563769991198652e-11 4.5449395973989813e-10 6.3799541567277264e-09 6.6536733363067669e-08 4.7356670093715002e-07 1.0097536096381682e-06 
