-7.1970108980905621e-10 9.1393139999851624e-10 1.3384326122403039e-09 1.5912256754489568e-09 1.7720585331507856e-09 1.9155999357636458e-09 2.0385591992124974e-09 2.1517480403617986e-09 2.2666149223567839e-09 2.4239252525533453e-09 
-2.8830852613645078e-09 -1.2898457357155484e-10 5.8603485952008018e-10 1.0236406894270819e-09 1.3375027208773819e-09 1.5834378480567916e-09 1.7926447752764299e-09 1.9849681133907772e-09 2.1801204810098152e-09 2.4473795753089993e-09 
-4.1940202531309854e-09 -9.1833470799157338e-10 -9.3042643948992280e-11 4.2012487251509624e-10 8.0730385805391784e-10 1.1103068004755679e-09 1.3621379640569843e-09 1.5913321746629884e-09 1.8235005828657927e-09 2.1414149526887203e-09 
-5.1218551326307139e-09 -1.5222259162765683e-09 -6.2111772042694317e-10 -8.4885217141366293e-11 3.3094048760965137e-10 6.7477490380323061e-10 9.6029687421060285e-10 1.2142923774366287e-09 1.4690213811726885e-09 1.8173302545914139e-09 
-5.8171212506442247e-09 -2.0084621500730671e-09 -1.0400186046929342e-09 -4.7882490310829330e-10 -6.9010445656937893e-11 2.8193013637667376e-10 5.9297981636825554e-10 8.7069185079310748e-10 1.1423215531532438e-09 1.5103375655445541e-09 
-6.3569133134587835e-09 -2.4151458436660309e-09 -1.4020523197441424e-09 -8.0753837436511911e-10 -3.9390721976707489e-10 -6.0769225968054032e-11 2.4916309139913279e-10 5.4852989238067977e-10 8.3989368069023790e-10 1.2223451880074695e-09 
-6.7809627474520010e-09 -2.7613113159063451e-09 -1.7251785629288131e-09 -1.1087577198030321e-09 -6.7625753852630495e-10 -3.4728996252824955e-10 -6.3329120240823333e-11 2.3006218351173247e-10 5.4647598635898440e-10 9.4704678971945293e-10 
-7.1206304025169462e-09 -3.0653883233949174e-09 -2.0196574831514481e-09 -1.3948097119155462e-09 -9.4869123310117876e-10 -6.0403472186447365e-10 -3.2875319170353295e-10 -7.9180098978642911e-11 2.3050324938845530e-10 6.7093752029219915e-10 
-7.5512556403096988e-09 -3.4188989560478842e-09 -2.3532512749546464e-09 -1.7161357072937334e-09 -1.2588230807382292e-09 -8.9687593070854593e-10 -5.9619409390719911e-10 -3.5050302616416511e-10 -1.1976501466839341e-10 3.4792410278343292e-10 
-8.3302209526757003e-09 -3.9950799859583645e-09 -2.8771335978573589e-09 -2.2087360686703448e-09 -1.7287720276437907e-09 -1.3471809657963398e-09 -1.0205694217967517e-09 -7.2436556210956794e-10 -4.5952419942123080e-10 -1.2144873445218341e-10 
