-2.8506449025785799e-09 6.3133367917766632e-09 8.6900185752643464e-09 1.0105433210938315e-08 1.1118554115474435e-08 1.1922992993410224e-08 1.2612129973537911e-08 1.3246511543622638e-08 1.3890298053072995e-08 1.4771965344216053e-08 
-1.3480013891933512e-08 -4.8840197049228556e-10 2.8856373146301408e-09 4.9482172474677582e-09 6.4274616138482121e-09 7.5871758456820173e-09 8.5738834626781307e-09 9.4809691754678520e-09 1.0401395143285655e-08 1.1661908447141608e-08 
-1.9346263116242429e-08 -4.2405089469615352e-09 -4.3398165565247031e-10 1.9310746119180864e-09 3.7154027070158918e-09 5.1130210546629322e-09 6.2747670452510032e-09 7.3317936435250480e-09 8.4024087541101614e-09 9.8684087641556492e-09 
-2.4118762805040689e-08 -7.2045162723823711e-09 -2.9682135310425448e-09 -4.4984054246879452e-10 1.4997964434825755e-09 3.1142760129198739e-09 4.4573715758088416e-09 5.6518851069396902e-09 6.8489887081557183e-09 8.4855625752518399e-09 
-2.8517428831214422e-08 -9.8942765600326540e-09 -5.1560418419429615e-09 -2.4093213959106922e-09 -4.0938160276353534e-10 1.3000894195639514e-09 2.8201884208760185e-09 4.1809994694010193e-09 5.5106892081496777e-09 7.3103000608908290e-09 
-3.2900447617173759e-08 -1.2551426780066074e-08 -7.3201433353646030e-09 -4.2474700666599842e-09 -2.1101933576710856e-09 -3.9611223806473009e-10 1.1958255009089522e-09 2.7415009788532604e-09 4.2505642390213971e-09 6.2264703828704668e-09 
-3.7549014215402436e-08 -1.5342754370741068e-08 -9.6184621707264112e-09 -6.2115680020799209e-09 -3.8183552091676326e-09 -1.9985278309390557e-09 -4.3777670627775935e-10 1.1706761562241163e-09 2.9228895038994658e-09 5.1432970478124503e-09 
-4.2872187994842412e-08 -1.8505509070938754e-08 -1.2222016282444285e-08 -8.4672261697536115e-09 -5.7850166549031062e-09 -3.7093272674609316e-09 -2.0517077164459080e-09 -5.6553601075138492e-10 1.2786895083216296e-09 3.9405045964079148e-09 
-5.0685636988972413e-08 -2.2998937033683459e-08 -1.5859119131986800e-08 -1.1590443436454299e-08 -8.5262773195919552e-09 -6.0998952557488289e-09 -4.0794636859712536e-09 -2.4229709569090594e-09 -8.9792158416034505e-10 2.2128964272804482e-09 
-6.7702705689875668e-08 -3.2560813604743877e-08 -2.3498418686306517e-08 -1.8080196027486457e-08 -1.4189467326291989e-08 -1.1096137962397704e-08 -8.4479300945472070e-09 -6.0408137056197157e-09 -3.8617933320165926e-09 -1.1495643884669328e-09 
