-1.0985083582201264e-09 1.6065497673501701e-09 2.3090425597464360e-09 2.7273330504479908e-09 3.0266203985140889e-09 3.2642232766183457e-09 3.4677641528397256e-09 3.6551322683073576e-09 3.8452781749558397e-09 4.1056832899183835e-09 
-4.4207784053763928e-09 -1.7124676652906962e-10 9.3253536461730313e-10 1.6075020226600184e-09 2.0913865793411265e-09 2.4706894095736847e-09 2.7934422196067776e-09 3.0901677318690178e-09 3.3912598394120804e-09 3.8036023901229477e-09 
-6.2630520634728246e-09 -1.3614472513736342e-09 -1.2602327884022128e-10 6.4231671779960049e-10 1.2214723714212106e-09 1.6745820291924752e-09 2.0513171999702809e-09 2.3942690495720481e-09 2.7416869430749838e-09 3.2174169271878428e-09 
-7.5391976856245744e-09 -2.2366730736994513e-09 -9.0934241244048428e-10 -1.1908298535343321e-10 4.9373892721220166e-10 1.0001293113132143e-09 1.4205794105811224e-09 1.7946948897063970e-09 2.1699351364618287e-09 2.6830341922583166e-09 
-8.5055251900510912e-09 -2.9354929426028405e-09 -1.5192734195296748e-09 -6.9853386966861867e-10 -9.8997533187371684e-11 4.1431875488225483e-10 8.6913321893675863e-10 1.2752269730310351e-09 1.6724808447741687e-09 2.2106974410518598e-09 
-9.2874159122731262e-09 -3.5289311923840461e-09 -2.0489220601537829e-09 -1.1803902280434406e-09 -5.7605004725312251e-10 -8.9352751553860698e-11 3.6329275364736057e-10 8.0055868163981669e-10 1.2262844046620009e-09 1.7850425731801198e-09 
-9.9547089715456209e-09 -4.0551142036490475e-09 -2.5343907078524489e-09 -1.6296475995697504e-09 -9.9477248007929659e-10 -5.1184306832773723e-10 -9.5250407017696059e-11 3.3495643819957844e-10 7.9941411707398143e-10 1.3875796027109734e-09 
-1.0573010219698947e-08 -4.5536288261049307e-09 -3.0014019558518725e-09 -2.0739028408343373e-09 -1.4116518130020448e-09 -8.9987855054636102e-10 -4.9107883548988718e-10 -1.2110249643922010e-10 3.3775837217692809e-10 9.9215659289222969e-10 
-1.1462546966526458e-08 -5.1923624929070694e-09 -3.5754140119661087e-09 -2.6086932566631708e-09 -1.9147866793297073e-09 -1.3655246261818513e-09 -9.0898614538480274e-10 -5.3562960953849542e-10 -1.8663020157323845e-10 5.2185907796894861e-10 
-1.3336704805204373e-08 -6.4023406318304305e-09 -4.6141062943727349e-09 -3.5449571562786574e-09 -2.7772205937339839e-09 -2.1668362442004638e-09 -1.6443630526639948e-09 -1.1702087646930579e-09 -7.4451694214839324e-10 -2.0509259778147450e-10 
