-2.1458342198012934e-09 4.2805802102368247e-09 5.9476795669437478e-09 6.9403867915420804e-09 7.6509102624139218e-09 8.2150842294729165e-09 8.6983968822744942e-09 9.1433083593795757e-09 9.5948158405618155e-09 1.0213156393491750e-08 
-9.4722411936314698e-09 -3.2036351346832534e-10 2.0572227621290288e-09 3.5101707645814790e-09 4.5517522707930984e-09 5.3684612223645751e-09 6.0634829694614972e-09 6.7024606984562682e-09 7.3508405592358161e-09 8.2387900188914183e-09 
-1.3311151176279097e-08 -2.8948184646052816e-09 -2.6913632118592958e-10 1.3631241357417904e-09 2.5934233639613882e-09 3.5564362532368547e-09 4.3571960922794454e-09 5.0860376284042883e-09 5.8243213678743089e-09 6.8352676334440303e-09 
-1.6210548671528505e-08 -4.8232928970266152e-09 -1.9720123051105890e-09 -2.7543206903033972e-10 1.0389463805280945e-09 2.1259869606722490e-09 3.0294782504795816e-09 3.8332881254737461e-09 4.6391844118668326e-09 5.7410379391734544e-09 
-1.8721972780882925e-08 -6.4800370617300905e-09 -3.3663363941190766e-09 -1.5614836432431936e-09 -2.4533848061661554e-10 8.8034543548104864e-10 1.8796264006533636e-09 2.7732590495625274e-09 3.6469308184496037e-09 4.8298820411705059e-09 
-2.1108920510398488e-08 -8.0404640788304631e-09 -4.6812015378685348e-09 -2.7087767436037585e-09 -1.3365327506705752e-09 -2.3420666224789368e-10 7.8994554365981485e-10 1.7824304280554364e-09 2.7504550112642429e-09 4.0190828850481713e-09 
-2.3547840196332991e-08 -9.6116055083306769e-09 -6.0192015832253071e-09 -3.8814127726297708e-09 -2.3802403050097798e-09 -1.2385875167112174e-09 -2.5748824595949399e-10 7.5434807142974123e-10 1.8530288416424583e-09 3.2451355273077620e-09 
-2.6274868714217089e-08 -1.1334243333518654e-08 -7.4814732271246101e-09 -5.1792400419615217e-09 -3.5348899894608906e-09 -2.2629112739128605e-09 -1.2468934335452576e-09 -3.3330494203784217e-10 7.9923224849930229e-10 2.4292204680409896e-09 
-3.0410547835843336e-08 -1.3793205720776667e-08 -9.5079427029848496e-09 -6.9459185950738867e-09 -5.1068509524669242e-09 -3.6506993519948056e-09 -2.4386291334820415e-09 -1.4455254677139465e-09 -5.2881508883997833e-10 1.3420364114577650e-09 
-3.9384455766155072e-08 -1.8937131074083816e-08 -1.3664172868525883e-08 -1.0511577795074036e-08 -8.2477558880267099e-09 -6.4479046808793623e-09 -4.9070989433329423e-09 -3.5070767335606990e-09 -2.2414158132031205e-09 -6.5873665364814341e-10 
