-5.8466979152634820e-10 7.0367813497609609e-10 1.0385349709396918e-09 1.2379602644740703e-09 1.3806032377940445e-09 1.4938222465946215e-09 1.5908051712632620e-09 1.6800815855632893e-09 1.7706815271354131e-09 1.8947582406110042e-09 
-2.3528892794564545e-09 -1.1225215510736027e-10 4.6930907498791801e-10 8.2538806636107880e-10 1.0808465718194037e-09 1.2809800852054246e-09 1.4511971386172673e-09 1.6076709941565736e-09 1.7664459284768595e-09 1.9838864772803421e-09 
-3.4731994348179231e-09 -7.6373279517066788e-10 -8.1246618439948329e-11 3.4305386498012489e-10 6.6336055419753933e-10 9.1408562514271424e-10 1.1224216702351831e-09 1.3120012065912330e-09 1.5040344772675477e-09 1.7669900541174316e-09 
-4.2820756357875639e-09 -1.2743133661771478e-09 -5.2132530623956289e-10 -7.3389588789571269e-11 2.7392939632866418e-10 5.6125075428721221e-10 7.9988852481057560e-10 1.0121440076082117e-09 1.2249892135250905e-09 1.5160221537996363e-09 
-4.8933700149330428e-09 -1.6903926508788759e-09 -8.7589814528116360e-10 -4.0392712452854824e-10 -5.9389473865281483e-11 2.3565104472069576e-10 4.9725586477133459e-10 7.3084927816601776e-10 9.5929561181469000e-10 1.2687862137652668e-09 
-5.3670101374712885e-09 -2.0394264712365958e-09 -1.1841720809699336e-09 -6.8226135514500375e-10 -3.3308483302545906e-10 -5.1916874093864551e-11 2.0968804656439340e-10 4.6243676684000420e-10 7.0842525268139574e-10 1.0312871354133457e-09 
-5.7330197849360018e-09 -2.3346098024233873e-09 -1.4586112310154770e-09 -9.3745387386538231e-10 -5.7179228385605542e-10 -2.9367930591395782e-10 -5.3626057776435556e-11 1.9443722618897356e-10 4.6197004798648380e-10 8.0061928115977946e-10 
-6.0133044164770855e-09 -2.5884926553885738e-09 -1.7053317593374843e-09 -1.1776235280879723e-09 -8.0086234364558756e-10 -5.0980248474509359e-10 -2.7734477321234965e-10 -6.6536923833746434e-11 1.9511184487030533e-10 5.6701060713337262e-10 
-6.3431953489910724e-09 -2.8715405203512168e-09 -1.9762739313740150e-09 -1.4410236713368805e-09 -1.0568295681515277e-09 -7.5276139545123820e-10 -5.0019872978477496e-10 -2.9388131146579782e-10 -9.9878211833238395e-11 2.9323550153223114e-10 
-6.8685268289112006e-09 -3.2927989597756165e-09 -2.3706900886272090e-09 -1.8193798497135570e-09 -1.4234940720860953e-09 -1.1087491014201240e-09 -8.3935859921219448e-10 -5.9511060910016972e-10 -3.7707894824850867e-10 -9.7985416810772483e-11 
