-2.2833284049938512e-09 4.6825657253248080e-09 6.4894789770577932e-09 7.5654656544885721e-09 8.3356096194223470e-09 8.9471261189742853e-09 9.4709958377731327e-09 9.9532419151164552e-09 1.0442637494400674e-08 1.1112865918864269e-08 
-1.0230973326736357e-08 -3.4864883143410085e-10 2.2185795261836126e-09 3.7874719724241949e-09 4.9122535901950744e-09 5.7941878259059220e-09 6.5446908658595652e-09 7.2346686179686320e-09 7.9347979968146364e-09 8.8936178185714992e-09 
-1.4426330809603588e-08 -3.1417581951988505e-09 -2.9736753359841923e-10 1.4706506854720500e-09 2.8035064186433764e-09 3.8469370932405649e-09 4.7145127555850579e-09 5.5041149769245431e-09 6.3039312345064126e-09 7.3991330682146031e-09 
-1.7648680630145061e-08 -5.2553573353849473e-09 -2.1519980127290662e-09 -3.0576935103412308e-10 1.1243341626919941e-09 2.3073850237759149e-09 3.2908590968512502e-09 4.1657699649540600e-09 5.0428761597403241e-09 6.2420666895302496e-09 
-2.0482627727569464e-08 -7.0930836037945533e-09 -3.6872668303896798e-09 -1.7130527024571101e-09 -2.7386289233339930e-10 9.5689149104727932e-10 2.0498237762924315e-09 3.0274383534685680e-09 3.9831106620057388e-09 5.2769622204983655e-09 
-2.3211596870549265e-08 -8.8445197861223924e-09 -5.1513603973746429e-09 -2.9827128739289736e-09 -1.4740085408430572e-09 -2.6251577612885719e-10 8.6292599890573032e-10 1.9540980674363692e-09 3.0185981706299103e-09 4.4133697931474463e-09 
-2.6029072497202418e-08 -1.0626941406832283e-08 -6.6566528539803491e-09 -4.2939172138051518e-09 -2.6346463990771629e-09 -1.3728197565174945e-09 -2.8893610182004104e-10 8.2881340667949824e-10 2.0432183463031874e-09 3.5821251969776264e-09 
-2.9208524478549591e-08 -1.2601964259900937e-08 -8.3195949681825318e-09 -5.7606418585737025e-09 -3.9328695317507994e-09 -2.5188502078879706e-09 -1.3893427507177665e-09 -3.7452340708590449e-10 8.8342553936500933e-10 2.6960345533867637e-09 
-3.3993894242025999e-08 -1.5419798692023572e-08 -1.0629930071901120e-08 -7.7662176114354657e-09 -5.7105863921734266e-09 -4.0829206877172848e-09 -2.7279566906154456e-09 -1.6178360720872515e-09 -5.9352628982225919e-10 1.4971195730031880e-09 
-4.4403408911544586e-08 -2.1352381743802220e-08 -1.5407980433427740e-08 -1.1853943104711333e-08 -9.3018526719789545e-09 -7.2728126508707969e-09 -5.5357900244303575e-09 -3.9573095061249628e-09 -2.5293506561905940e-09 -7.4710609511366185e-10 
