-6.0466928003942016e-10 7.3365315667918981e-10 1.0814867077336519e-09 1.2886375056855836e-09 1.4368085123481456e-09 1.5544165834200911e-09 1.6551594656557310e-09 1.7478970930630457e-09 1.8420095618391443e-09 1.9708966870225864e-09 
-2.4311322517863383e-09 -1.1483192461845168e-10 4.8639381443617803e-10 8.5448769681030595e-10 1.1185539467633548e-09 1.3254373016583206e-09 1.5014000296554958e-09 1.6631567289253147e-09 1.8272923026130399e-09 2.0520741953263799e-09 
-3.5801052465110801e-09 -7.8668902178437662e-10 -8.3031622811412381e-11 3.5444372309627692e-10 6.8466618594438449e-10 9.4314282832835846e-10 1.1579277472304532e-09 1.3533806842409575e-09 1.5513645088817700e-09 1.8224684404954527e-09 
-4.4067942283937379e-09 -1.3111334401203285e-09 -5.3614842139236215e-10 -7.5100065521300786e-11 2.8239329252248461e-10 5.7810779005289320e-10 8.2370844732979208e-10 1.0421626295229006e-09 1.2612279688418868e-09 1.5607669812052044e-09 
-5.0304429165808519e-09 -1.7375816691769207e-09 -9.0024133690127375e-10 -4.1503010538088024e-10 -6.0805116109012588e-11 2.4253237900563708e-10 5.1147554934596422e-10 7.5161552348743103e-10 9.8646992542453658e-10 1.3046457274898942e-09 
-5.5134842402242108e-09 -2.0950068614110004e-09 -1.2163939848010106e-09 -7.0077979249061542e-10 -3.4206532911763829e-10 -5.3204476978303305e-11 2.1555486054199152e-10 4.7520221898541907e-10 7.2790460200329429e-10 1.0595848074760857e-09 
-5.8874265826894395e-09 -2.3974674717716700e-09 -1.4978708282758234e-09 -9.6267540851730838e-10 -5.8716514480887334e-10 -3.0155840415949384e-10 -5.5032967317011157e-11 1.9971304683936482e-10 4.7444878703630279e-10 8.2222081819508023e-10 
-6.1754434812502042e-09 -2.6583055028269761e-09 -1.7513363232000843e-09 -1.2094021286882904e-09 -8.2248405907618694e-10 -5.2357649610523837e-10 -2.8484891829957371e-10 -6.8359461490576487e-11 2.0033044433113252e-10 5.8226026376517067e-10 
-6.5184978262742150e-09 -2.9509552656695086e-09 -2.0309612507463069e-09 -1.4809272721687909e-09 -1.0861215262296030e-09 -7.7365378753951078e-10 -5.1410923792998736e-10 -3.0207940109055866e-10 -1.0273929186568004e-10 3.0120161291878247e-10 
-7.0772056553813414e-09 -3.3930347159992439e-09 -2.4429605368018562e-09 -1.8749304058652714e-09 -1.4670383770088071e-09 -1.1427478939335045e-09 -8.6518646310986010e-10 -6.1352086680235769e-10 -3.8881498081551678e-10 -1.0128913489063936e-10 
