6.543859374032e-07 2.334224501139e-07 4.476915345000e-08 5.860718872137e-09 5.482065800908e-10 3.380345540561e-11 1.183402377253e-12 1.768270986406e-14 6.117947459995e-17 8.182290719430e-21 
2.334224501139e-07 5.775081601630e-07 3.186786656019e-07 9.835718129499e-08 1.910995047825e-08 2.358637554182e-09 1.669492134804e-10 5.223070845947e-12 4.099032269387e-14 1.452701295684e-17 
4.476915345000e-08 3.186786656019e-07 5.036605570138e-07 3.175662720528e-07 1.193294577063e-07 2.670594485803e-08 3.339013534317e-09 1.885069805971e-10 2.896901690494e-12 2.384897356095e-15 
5.860718872137e-09 9.835718129499e-08 3.175662720528e-07 4.537230960846e-07 3.010228030621e-07 1.205916838611e-07 2.615295951039e-08 2.578668975050e-09 7.360418343839e-11 1.329748472102e-13 
5.482065800908e-10 1.910995047825e-08 1.193294577063e-07 3.010228030621e-07 4.182579241328e-07 2.790234471251e-07 1.068255648058e-07 1.880324734892e-08 1.002837485236e-09 3.943873960663e-12 
3.380345540561e-11 2.358637554182e-09 2.670594485803e-08 1.205916838611e-07 2.790234471251e-07 3.859684517166e-07 2.492478348926e-07 8.210320701827e-08 8.587169572988e-09 7.693168635983e-11 
1.183402377253e-12 1.669492134804e-10 3.339013534317e-09 2.615295951039e-08 1.068255648058e-07 2.492478348926e-07 3.571140731648e-07 2.158596231713e-07 4.804858625737e-08 1.090779350843e-09 
1.768270986406e-14 5.223070845947e-12 1.885069805971e-10 2.578668975050e-09 1.880324734892e-08 8.210320701827e-08 2.158596231713e-07 3.343852355660e-07 1.651265188642e-07 1.147118606923e-08 
6.117947459995e-17 4.099032269387e-14 2.896901690494e-12 7.360418343839e-11 1.002837485236e-09 8.587169572988e-09 4.804858625737e-08 1.651265188642e-07 2.983122680139e-07 8.231057141549e-08 
8.182290719430e-21 1.452701295684e-17 2.384897356095e-15 1.329748472102e-13 3.943873960663e-12 7.693168635983e-11 1.090779350843e-09 1.147118606923e-08 8.231057141549e-08 2.044469406296e-07 
