1.290153394566e-07 4.258983106010e-08 8.127711776615e-09 1.033085754965e-09 9.276065178827e-11 5.452158633681e-12 1.800160020807e-13 2.509212765714e-15 8.091049268778e-18 9.458206927483e-22 
4.258983106010e-08 1.282495122741e-07 5.669850192382e-08 1.688344406468e-08 3.140284857074e-09 3.683464818325e-10 2.452971485209e-11 7.211701452252e-13 5.287895698592e-15 1.638778479969e-18 
8.127711776615e-09 5.669850192382e-08 1.103075007970e-07 5.284221831694e-08 1.902141496399e-08 4.042415588524e-09 4.768867297400e-10 2.546498474588e-11 3.643349954316e-13 2.633550134886e-16 
1.033085754965e-09 1.688344406468e-08 5.284221831694e-08 9.650785259476e-08 4.630031313110e-08 1.764624848250e-08 3.637649592037e-09 3.407459547075e-10 9.006545428386e-12 1.440311441166e-14 
9.276065178827e-11 3.140284857074e-09 1.902141496399e-08 4.630031313110e-08 8.575696431725e-08 3.941546064613e-08 1.446526247544e-08 2.419783390436e-09 1.190195411405e-10 4.196195769860e-13 
5.452158633681e-12 3.683464818325e-10 4.042415588524e-09 1.764624848250e-08 3.941546064613e-08 7.702103783261e-08 3.272671864354e-08 1.020074658448e-08 9.842381314152e-10 8.045087527259e-12 
1.800160020807e-13 2.452971485209e-11 4.768867297400e-10 3.637649592037e-09 1.446526247544e-08 3.272671864354e-08 6.960909078564e-08 2.558814020842e-08 5.296679597213e-09 1.120212749679e-10 
2.509212765714e-15 7.211701452252e-13 2.546498474588e-11 3.407459547075e-10 2.419783390436e-09 1.020074658448e-08 2.558814020842e-08 6.250182962239e-08 1.747990364138e-08 1.152847441086e-09 
8.091049268778e-18 5.287895698592e-15 3.643349954316e-13 9.006545428386e-12 1.190195411405e-10 9.842381314152e-10 5.296679597213e-09 1.747990364138e-08 5.567043462345e-08 8.012330972635e-09 
9.458206927483e-22 1.638778479969e-18 2.633550134886e-16 1.440311441166e-14 4.196195769860e-13 8.045087527259e-12 1.120212749679e-10 1.152847441086e-09 8.012330972635e-09 4.433567863043e-08 
