1.941120309933e-06 8.107334727628e-07 1.645564592546e-07 2.276722111743e-08 2.181853314725e-09 1.332320715062e-10 4.549884933076e-12 6.731546086730e-14 2.394163041512e-16 3.253119942813e-20 
8.107334727628e-07 2.025955723942e-06 1.221304015475e-06 3.897560449160e-07 7.577650331686e-08 9.166412017492e-09 6.363429196046e-10 2.003165660054e-11 1.619069946486e-13 5.762570267552e-17 
1.645564592546e-07 1.221304015475e-06 1.907285153598e-06 1.262742736804e-06 4.679455564604e-07 1.025668657065e-07 1.271502481087e-08 7.301726910645e-10 1.150437529586e-11 9.438599542202e-15 
2.276722111743e-08 3.897560449160e-07 1.262742736804e-06 1.701863842817e-06 1.162667193381e-06 4.595213580304e-07 1.000938328052e-07 1.009088666608e-08 2.930070312351e-10 5.252001881036e-13 
2.181853314725e-09 7.577650331686e-08 4.679455564604e-07 1.162667193381e-06 1.516179869983e-06 1.063684473953e-06 4.132951880972e-07 7.427360986621e-08 3.992147463864e-09 1.555314524473e-11 
1.332320715062e-10 9.166412017492e-09 1.025668657065e-07 4.595213580304e-07 1.063684473953e-06 1.407397807416e-06 9.780547158539e-07 3.264237648517e-07 3.411036081849e-08 3.031403765620e-10 
4.549884933076e-12 6.363429196046e-10 1.271502481087e-08 1.000938328052e-07 4.132951880972e-07 9.780547158539e-07 1.333847543545e-06 8.592366939609e-07 1.901358513142e-07 4.298493453656e-09 
6.731546086730e-14 2.003165660054e-11 7.301726910645e-10 1.009088666608e-08 7.427360986621e-08 3.264237648517e-07 8.592366939609e-07 1.241735808693e-06 6.511556143396e-07 4.524712519555e-08 
2.394163041512e-16 1.619069946486e-13 1.150437529586e-11 2.930070312351e-10 3.992147463864e-09 3.411036081849e-08 1.901358513142e-07 6.511556143396e-07 1.093235640407e-06 3.239193993648e-07 
3.253119942813e-20 5.762570267552e-17 9.438599542202e-15 5.252001881036e-13 1.555314524473e-11 3.031403765620e-10 4.298493453656e-09 4.524712519555e-08 3.239193993648e-07 6.947258383775e-07 
