1.191516838177e-07 3.895119109252e-08 7.475755826570e-09 9.535311974811e-10 8.586132645553e-11 5.053892656130e-12 1.668646068821e-13 2.331284591131e-15 7.484316168363e-18 8.768901766911e-22 
3.895119109252e-08 1.201422348561e-07 5.229341518533e-08 1.561165686596e-08 2.910252330565e-09 3.413630949553e-10 2.276766316361e-11 6.694144620730e-13 4.887974530216e-15 1.518023780157e-18 
7.475755826570e-09 5.229341518533e-08 1.040917145458e-07 4.895263459038e-08 1.763049947522e-08 3.747998955081e-09 4.429607739847e-10 2.359590260847e-11 3.369723473583e-13 2.434911416035e-16 
9.535311974811e-10 1.561165686596e-08 4.895263459038e-08 9.151686927782e-08 4.291247875827e-08 1.638034001125e-08 3.377521766856e-09 3.152489532172e-10 8.339264558165e-12 1.328142775866e-14 
8.586132645553e-11 2.910252330565e-09 1.763049947522e-08 4.291247875827e-08 8.161183200367e-08 3.661377876781e-08 1.340658470406e-08 2.237265221716e-09 1.103027572444e-10 3.857718281089e-13 
5.053892656130e-12 3.413630949553e-10 3.747998955081e-09 1.638034001125e-08 3.661377876781e-08 7.347670177233e-08 3.026723432300e-08 9.439300066059e-09 9.119932398104e-10 7.375125799938e-12 
1.668646068821e-13 2.276766316361e-11 4.429607739847e-10 3.377521766856e-09 1.340658470406e-08 3.026723432300e-08 6.650076679324e-08 2.371520246557e-08 4.894415824139e-09 1.025061549580e-10 
2.331284591131e-15 6.694144620730e-13 2.359590260847e-11 3.152489532172e-10 2.237265221716e-09 9.439300066059e-09 2.371520246557e-08 5.994487766447e-08 1.605769946587e-08 1.055674211022e-09 
7.484316168363e-18 4.887974530216e-15 3.369723473583e-13 8.339264558165e-12 1.103027572444e-10 9.119932398104e-10 4.894415824139e-09 1.605769946587e-08 5.334991299921e-08 7.360758232096e-09 
8.768901766911e-22 1.518023780157e-18 2.434911416035e-16 1.328142775866e-14 3.857718281089e-13 7.375125799938e-12 1.025061549580e-10 1.055674211022e-09 7.360758232096e-09 4.289928570108e-08 
