8.7530796893808190e-08 2.6777091938348821e-08 5.2737432320209587e-09 6.8509868066765279e-10 6.2469427502400104e-11 3.7124816427424204e-12 1.2338957238337630e-13 1.7292662057677055e-15 5.5659901679945062e-18 6.4603214406142914e-22 
2.6777091938348821e-08 9.2792311372725881e-08 3.7405192110082293e-08 1.1316499697680508e-08 2.1303508733146675e-09 2.5183010782292041e-10 1.6863194974272062e-11 4.9728914162710660e-13 3.6307952410230175e-15 1.1170000868020413e-18 
5.2737432320209587e-09 3.7405192110082293e-08 8.3121960531622794e-08 3.5744839549404626e-08 1.2972534954306267e-08 2.7719496208132452e-09 3.2848896760423951e-10 1.7544348878982431e-11 2.4980858531954596e-13 1.7899322424112041e-16 
6.8509868066765279e-10 1.1316499697680508e-08 3.5744839549404626e-08 7.4742444994397851e-08 3.1703101609839640e-08 1.2134599791617897e-08 2.5080187413546352e-09 2.3439382567467196e-10 6.1682554873029481e-12 9.7531603854487286e-15 
6.2469427502400104e-11 2.1303508733146675e-09 1.2972534954306267e-08 3.1703101609839640e-08 6.7755351548779851e-08 2.7165845253836157e-08 9.9672894007693793e-09 1.6613929368487250e-09 8.1403111344478220e-11 2.8286228926414529e-13 
3.7124816427424204e-12 2.5183010782292041e-10 2.7719496208132452e-09 1.2134599791617897e-08 2.7165845253836157e-08 6.1854586466176230e-08 2.2501004915111542e-08 6.9906867600620994e-09 6.7162874718903049e-10 5.3939018030256438e-12 
1.2338957238337630e-13 1.6863194974272062e-11 3.2848896760423951e-10 2.5080187413546352e-09 9.9672894007693793e-09 2.2501004915111542e-08 5.6596673304899229e-08 1.7500422383517874e-08 3.5972123616426277e-09 7.4623185713433901e-11 
1.7292662057677055e-15 4.9728914162710660e-13 1.7544348878982431e-11 2.3439382567467196e-10 1.6613929368487250e-09 6.9906867600620994e-09 1.7500422383517874e-08 5.1553105508124618e-08 1.1761869958785312e-08 7.6203291398998700e-10 
5.5659901679945062e-18 3.6307952410230175e-15 2.4980858531954596e-13 6.1682554873029481e-12 8.1403111344478220e-11 6.7162874718903049e-10 3.5972123616426277e-09 1.1761869958785312e-08 4.6436248539518476e-08 5.2424678335340229e-09 
6.4603214406142914e-22 1.1170000868020413e-18 1.7899322424112041e-16 9.7531603854487286e-15 2.8286228926414529e-13 5.3939018030256438e-12 7.4623185713433901e-11 7.6203291398998700e-10 5.2424678335340229e-09 3.8490979999900279e-08 
