3.3989497792479910e-07 1.1514058478687631e-07 2.1242519712943806e-08 2.6729105748876211e-09 2.4083987838301907e-10 1.4342399391905163e-11 4.8342578581996960e-13 6.9625865621846856e-15 2.3467415150934673e-17 2.9657181201677176e-21 
1.1514058478687631e-07 2.9077516006035425e-07 1.4689662386244223e-07 4.3736859132056646e-08 8.2145532254089926e-09 9.7961332829647451e-10 6.6872093013858013e-11 2.0342219689433150e-12 1.5575068847582483e-14 5.2095294320498629e-18 
2.1242519712943806e-08 1.4689662386244223e-07 2.4073705650265586e-07 1.3774857007960034e-07 5.0233154384638892e-08 1.0879507816201496e-08 1.3189124569301795e-09 7.2848692777060893e-11 1.0892777770326684e-12 8.4750092711326163e-16 
2.6729105748876211e-09 4.3736859132056646e-08 1.3774857007960034e-07 2.0816944441949358e-07 1.2382710384416052e-07 4.8203684671602992e-08 1.0215152943456648e-08 9.8869469649437597e-10 2.7352031743023687e-11 4.6891466521252021e-14 
2.4083987838301907e-10 8.2145532254089926e-09 5.0233154384638892e-08 1.2382710384416052e-07 1.8480104050155333e-07 1.0967098585543987e-07 4.1316641257705572e-08 7.1366219575866705e-09 3.6771289245693152e-10 1.3822547586901640e-12 
1.4342399391905163e-11 9.7961332829647451e-10 1.0879507816201496e-08 4.8203684671602992e-08 1.0967098585543987e-07 1.6694974672819041e-07 9.5343164337370094e-08 3.0710331009897485e-08 3.1009369000825494e-09 2.6852401426382189e-11 
4.8342578581996960e-13 6.6872093013858013e-11 1.3189124569301795e-09 1.0215152943456648e-08 4.1316641257705572e-08 9.5343164337370094e-08 1.5192037564447151e-07 7.9107173026775969e-08 1.7066623228188686e-08 3.8036151294335370e-10 
6.9625865621846856e-15 2.0342219689433150e-12 7.2848692777060893e-11 9.8869469649437597e-10 7.1366219575866705e-09 3.0710331009897485e-08 7.9107173026775969e-08 1.3767661639578060e-07 5.7829600009565742e-08 4.0198238720499491e-09 
2.3467415150934673e-17 1.5575068847582483e-14 1.0892777770326684e-12 2.7352031743023687e-11 3.6771289245693152e-10 3.1009369000825494e-09 1.7066623228188686e-08 5.7829600009565742e-08 1.2263675539819180e-07 2.9220115766187335e-08 
2.9657181201677176e-21 5.2095294320498629e-18 8.4750092711326163e-16 4.6891466521252021e-14 1.3822547586901640e-12 2.6852401426382189e-11 3.8036151294335370e-10 4.0198238720499491e-09 2.9220115766187335e-08 9.0520312195479732e-08 
