6.6665161912580509e-08 1.8134376804582279e-08 3.6644977391962052e-09 4.8558709247077385e-10 4.4970431805924104e-11 2.7062729553815850e-12 9.0889232498926279e-14 1.2849793027994234e-15 4.1644177516808702e-18 4.8494801615502114e-22 
1.8134376804582279e-08 7.2891538121495872e-08 2.6381399945272859e-08 8.1072663830370568e-09 1.5459714901236250e-09 1.8471003212081050e-10 1.2478626995939006e-11 3.7063420431934320e-13 2.7202950741275685e-15 8.3832234664150168e-19 
3.6644977391962052e-09 2.6381399945272859e-08 6.7464830530695226e-08 2.5855179296972183e-08 9.4785959091469453e-09 2.0430653462641999e-09 2.4390436572235621e-10 1.3103656247975247e-11 1.8733313804700008e-13 1.3428425624221893e-16 
4.8558709247077385e-10 8.1072663830370568e-09 2.5855179296972183e-08 6.2160692654060714e-08 2.3311753847401636e-08 8.9839743360712799e-09 1.8677367353003175e-09 1.7536415170562089e-10 4.6283507821819882e-12 7.3126945738482213e-15 
4.4970431805924104e-11 1.5459714901236250e-09 9.4785959091469453e-09 2.3311753847401636e-08 5.7456540572834481e-08 2.0196195134474259e-08 7.4427509912451800e-09 1.2447894142229318e-09 6.1100233086932482e-11 2.1190854384280929e-13 
2.7062729553815850e-12 1.8471003212081050e-10 2.0430653462641999e-09 8.9839743360712799e-09 2.0196195134474259e-08 5.3314092087723900e-08 1.6841590526836938e-08 5.2437747941184628e-09 5.0410254941892633e-10 4.0361901058112815e-12 
9.0889232498926279e-14 1.2478626995939006e-11 2.4390436572235621e-10 1.8677367353003175e-09 7.4427509912451800e-09 1.6841590526836938e-08 4.9494925707463100e-08 1.3135696364829324e-08 2.6983026581338420e-09 5.5741366411543590e-11 
1.2849793027994234e-15 3.7063420431934320e-13 1.3103656247975247e-11 1.7536415170562089e-10 1.2447894142229318e-09 5.2437747941184628e-09 1.3135696364829324e-08 4.5724795305573546e-08 8.8077798813962791e-09 5.6749341956283081e-10 
4.1644177516808702e-18 2.7202950741275685e-15 1.8733313804700008e-13 4.6283507821819882e-12 6.1100233086932482e-11 5.0410254941892633e-10 2.6983026581338420e-09 8.8077798813962791e-09 4.1804121084153766e-08 3.8806666405365250e-09 
4.8494801615502114e-22 8.3832234664150168e-19 1.3428425624221893e-16 7.3126945738482213e-15 2.1190854384280929e-13 4.0361901058112815e-12 5.5741366411543590e-11 5.6749341956283081e-10 3.8806666405365250e-09 3.5713724339568629e-08 
