7.2851017632632448e-08 2.0758395765688330e-08 4.1587238757277943e-09 5.4729924878370456e-10 5.0405763786408015e-11 3.0195560290433298e-12 1.0101545607169885e-13 1.4232785325646974e-15 4.5993890836341699e-18 5.3449872431187301e-22 
2.0758395765688330e-08 7.8992500443670177e-08 2.9785654600510508e-08 9.1029158187376345e-09 1.7277769005853509e-09 2.0562035362519231e-10 1.3844287873900711e-11 4.1002875582708999e-13 3.0023752384409550e-15 9.2391548655885277e-19 
4.1587238757277943e-09 2.9785654600510508e-08 7.2319775209064281e-08 2.8930041837655993e-08 1.0566714282007582e-08 2.2701517094678834e-09 2.7023711767985411e-10 1.4483514402248010e-11 2.0665417696738378e-13 1.4799593563806339e-16 
5.4729924878370456e-10 9.1029158187376345e-09 2.8930041837655993e-08 6.6078385758708002e-08 2.5926204793238995e-08 9.9652375531312813e-09 2.0669320919380523e-09 1.9368222328364881e-10 5.1037149540375989e-12 8.0599702296282239e-15 
5.0405763786408015e-11 1.7277769005853509e-09 1.0566714282007582e-08 2.5926204793238995e-08 6.0664478804619314e-08 2.2365451132373168e-08 8.2272939890273475e-09 1.3738361894123112e-09 6.7355662735250930e-11 2.3359503102025189e-13 
3.0195560290433298e-12 2.0562035362519231e-10 2.2701517094678834e-09 9.9652375531312813e-09 2.2365451132373168e-08 5.5969189683300420e-08 1.8597081336945525e-08 5.7835888834454346e-09 5.5560678122141276e-10 4.4502225739802081e-12 
1.0101545607169885e-13 1.3844287873900711e-11 2.7023711767985411e-10 2.0669320919380523e-09 8.2272939890273475e-09 1.8597081336945525e-08 5.1691366211383703e-08 1.4480403541673347e-08 2.9739205872618332e-09 6.1481654239801652e-11 
1.4232785325646974e-15 4.1002875582708999e-13 1.4483514402248010e-11 1.9368222328364881e-10 1.3738361894123112e-09 5.7835888834454346e-09 1.4480403541673347e-08 4.7513971549447177e-08 9.7099707542271084e-09 6.2636858898389827e-10 
4.5993890836341699e-18 3.0023752384409550e-15 2.0665417696738378e-13 5.1037149540375989e-12 6.7355662735250930e-11 5.5560678122141276e-10 2.9739205872618332e-09 9.7099707542271084e-09 4.3209359515507050e-08 4.2900745174191792e-09 
5.3449872431187301e-22 9.2391548655885277e-19 1.4799593563806339e-16 8.0599702296282239e-15 2.3359503102025189e-13 4.4502225739802081e-12 6.1481654239801652e-11 6.2636858898389827e-10 4.2900745174191792e-09 3.6540419175418293e-08 
