z(iz=00)            wb(ip=00)           h(ip=01)           wm(ip=02)            ns(ip=03) 
9.1800000000e-01        0.022445000000000007        0.67134        0.14364800000000003        0.96
   k(h/Mpc)      Pk/s8^2(Mpc/h)^3 
7.0242085712e-06 5.0705826752e+01
7.5084535638e-06 5.4057100291e+01
8.0260824689e-06 5.7629876593e+01
8.5793963080e-06 6.1438777114e+01
9.1708561740e-06 6.5499419571e+01
9.8030895970e-06 6.9828450545e+01
1.0478909644e-05 7.4443578082e+01
1.1201320376e-05 7.9363734725e+01
1.1973534129e-05 8.4609070263e+01
1.2798983334e-05 9.0201089395e+01
1.3681338714e-05 9.6162673470e+01
1.4624522919e-05 1.0251828336e+02
1.5632729628e-05 1.0929390150e+02
1.6710442651e-05 1.1651736517e+02
1.7862452296e-05 1.2421823609e+02
1.9093880837e-05 1.3242803226e+02
2.0410201614e-05 1.4118040188e+02
2.1817271772e-05 1.5051121027e+02
2.3321343178e-05 1.6045869928e+02
2.4929104256e-05 1.7106355973e+02
2.6647703635e-05 1.8236930822e+02
2.8484782888e-05 1.9442217116e+02
3.0448509278e-05 2.0727154850e+02
3.2547613955e-05 2.2097010067e+02
3.4791428334e-05 2.3557385003e+02
3.7189933209e-05 2.5114264455e+02
3.9753787860e-05 2.6774027379e+02
4.2494393711e-05 2.8543464276e+02
4.5423934353e-05 3.0429814868e+02
4.8555437388e-05 3.2440799980e+02
5.1902825362e-05 3.4584656318e+02
5.5480977608e-05 3.6870150961e+02
5.9305806644e-05 3.9306642219e+02
6.3394320023e-05 4.1904079642e+02
6.7764689447e-05 4.4673093853e+02
7.2436356277e-05 4.7625005252e+02
7.7430078818e-05 5.0771867484e+02
8.2768070570e-05 5.4126554387e+02
8.8474058430e-05 5.7702739706e+02
9.4573413662e-05 6.1515024609e+02
1.0109325376e-04 6.5578966676e+02
1.0806257342e-04 6.9911108875e+02
1.1551235366e-04 7.4529136069e+02
1.2347570737e-04 7.9451782273e+02
1.3198806846e-04 8.4699114675e+02
1.4108725009e-04 9.0292400324e+02
1.5081373567e-04 9.6254355369e+02
1.6121075896e-04 1.0260910449e+03
1.7232455139e-04 1.0938233161e+03
1.8420451670e-04 1.1660139580e+03
1.9690347835e-04 1.2429537188e+03
2.1047789778e-04 1.3249513157e+03
2.2498813632e-04 1.4123357530e+03
2.4049870262e-04 1.5054557432e+03
2.5707855821e-04 1.6046817931e+03
2.7480142307e-04 1.7104073635e+03
2.9374609585e-04 1.8230497961e+03
3.1399680302e-04 1.9430512415e+03
3.3564359182e-04 2.0708799342e+03
3.5878267954e-04 2.2070312359e+03
3.8351697731e-04 2.3520304175e+03
4.0995643940e-04 2.5064302254e+03
4.3821861618e-04 2.6708149381e+03
4.6842917800e-04 2.8457999032e+03
5.0072243903e-04 3.0320329279e+03
5.3524202667e-04 3.2301959026e+03
5.7214131812e-04 3.4410027137e+03
6.1158445897e-04 3.6652001714e+03
6.5374677069e-04 3.9035717193e+03
6.9881574018e-04 4.1569339561e+03
7.4699171819e-04 4.4261357090e+03
7.9848896712e-04 4.7120598880e+03
8.5353635950e-04 5.0156213993e+03
9.1237871675e-04 5.3377638992e+03
9.7527762409e-04 5.6794621129e+03
1.0425128276e-03 6.0417111690e+03
1.1143831070e-03 6.4255298455e+03
1.1912080226e-03 6.8319503679e+03
1.2733293697e-03 7.2620151635e+03
1.3611119939e-03 7.7167648049e+03
1.4549463522e-03 8.1972282717e+03
1.5552496770e-03 8.7044136763e+03
1.6624677228e-03 9.2392975989e+03
1.7770774430e-03 9.8028074658e+03
1.8995882710e-03 1.0395804856e+04
2.0305449143e-03 1.1019079938e+04
2.1705296822e-03 1.1673319933e+04
2.3201648146e-03 1.2359099846e+04
2.4801157415e-03 1.3076855568e+04
2.6510935277e-03 1.3826857907e+04
2.8338585980e-03 1.4609190332e+04
3.0292235315e-03 1.5423727640e+04
3.2380565535e-03 1.6270090513e+04
3.4612864256e-03 1.7147626971e+04
3.6999057047e-03 1.8055354869e+04
3.9549754001e-03 1.8991944278e+04
4.2276293971e-03 1.9955653491e+04
4.5190798119e-03 2.0944304911e+04
4.8306230456e-03 2.1956256992e+04
5.1636435091e-03 2.2986253082e+04
5.5196224712e-03 2.4031522030e+04
5.9001427144e-03 2.5087684529e+04
6.3068955205e-03 2.6149064730e+04
6.7416895181e-03 2.7210971708e+04
7.2064581327e-03 2.8266384847e+04
7.7032675035e-03 2.9308162962e+04
8.2343267277e-03 3.0327595665e+04
8.8019976392e-03 3.1315603451e+04
9.4088027254e-03 3.2262390841e+04
1.0057440028e-02 3.3157008639e+04
1.0750794783e-02 3.3987749014e+04
1.1491949670e-02 3.4741817191e+04
1.2284198776e-02 3.5405750647e+04
1.3131065294e-02 3.5965452501e+04
1.4036313631e-02 3.6406321351e+04
1.5003969893e-02 3.6713670472e+04
1.6038335860e-02 3.6873080237e+04
1.7144011334e-02 3.6870839575e+04
1.8325909972e-02 3.6694624842e+04
1.9589288160e-02 3.6334356769e+04
2.0939763635e-02 3.5783124173e+04
2.2383341566e-02 3.5038211550e+04
2.3926436901e-02 3.4102326985e+04
2.5575913489e-02 3.2984633452e+04
2.7339102700e-02 3.1701676237e+04
2.9223846272e-02 3.0277970932e+04
3.1238524243e-02 2.8746027542e+04
3.3392090350e-02 2.7145588145e+04
3.5694126040e-02 2.5522016878e+04
3.8154859096e-02 2.3923539915e+04
4.0785238147e-02 2.2397595119e+04
4.3596949428e-02 2.0986280231e+04
4.6417929232e-02 1.9792148211e+04
4.9238909036e-02 1.8799503293e+04
5.2059888840e-02 1.7978146619e+04
5.4880868644e-02 1.7292490980e+04
5.7701844722e-02 1.6705198190e+04
6.0522824526e-02 1.6179729501e+04
6.3343808055e-02 1.5683075951e+04
6.6164784133e-02 1.5187745838e+04
6.8985760212e-02 1.4673853285e+04
7.1806743741e-02 1.4127873633e+04
7.4627719820e-02 1.3544627204e+04
7.7448703349e-02 1.2929223191e+04
8.0269679427e-02 1.2288093296e+04
8.3090662956e-02 1.1633948826e+04
8.5911639035e-02 1.0983733861e+04
8.8732615113e-02 1.0355205837e+04
9.1553598642e-02 9.7625386099e+03
9.5167994499e-02 9.0702528001e+03
9.8782390356e-02 8.4659751219e+03
1.0239678621e-01 7.9591486313e+03
1.0601118952e-01 7.5489432816e+03
1.0962558538e-01 7.2229932325e+03
1.1323998123e-01 6.9641870025e+03
1.1685437709e-01 6.7546349993e+03
1.2046877295e-01 6.5749275789e+03
1.2408316881e-01 6.4057807632e+03
1.2769757211e-01 6.2314681824e+03
1.3131196797e-01 6.0409993692e+03
1.3492636383e-01 5.8267907579e+03
1.3854075968e-01 5.5886359961e+03
1.4215515554e-01 5.3322336553e+03
1.4576955140e-01 5.0664211823e+03
1.4938394725e-01 4.8004742325e+03
1.5299834311e-01 4.5436605781e+03
1.5661273897e-01 4.3048056093e+03
1.6022713482e-01 4.0907402854e+03
1.6384153068e-01 3.9050764686e+03
1.6745594144e-01 3.7483219250e+03
1.7107033730e-01 3.6186078903e+03
1.7468473315e-01 3.5121629849e+03
1.7829912901e-01 3.4236776923e+03
1.8191352487e-01 3.3470073489e+03
1.8552792072e-01 3.2760993377e+03
1.8914231658e-01 3.2056673282e+03
1.9275671244e-01 3.1314954716e+03
1.9637110829e-01 3.0506994716e+03
1.9998550415e-01 2.9620592989e+03
2.0359990001e-01 2.8661168023e+03
2.0721429586e-01 2.7647966234e+03
2.1082869172e-01 2.6608221502e+03
2.1444310248e-01 2.5572872770e+03
2.1805749834e-01 2.4573000418e+03
2.2167189419e-01 2.3635251726e+03
2.2528629005e-01 2.2778594883e+03
2.2890068591e-01 2.2013887734e+03
2.3251508176e-01 2.1343590278e+03
2.3612947762e-01 2.0761245307e+03
2.3974387348e-01 2.0253722783e+03
2.4335826933e-01 1.9805210085e+03
2.4697266519e-01 1.9398220586e+03
2.5058707595e-01 1.9013211094e+03
2.5420147181e-01 1.8631580912e+03
2.5781586766e-01 1.8240005241e+03
2.6143026352e-01 1.7831141182e+03
2.6504465938e-01 1.7401821573e+03
2.6865905523e-01 1.6952757056e+03
2.7227345109e-01 1.6488846760e+03
2.7588784695e-01 1.6018041048e+03
2.7950224280e-01 1.5549870387e+03
2.8311663866e-01 1.5094296496e+03
2.8673103452e-01 1.4660107898e+03
2.9034543037e-01 1.4253454592e+03
2.9395982623e-01 1.3877733276e+03
2.9757422209e-01 1.3534069613e+03
3.0118861795e-01 1.3221328667e+03
3.0480301380e-01 1.2936147357e+03
3.0841740966e-01 1.2673444544e+03
3.1203180551e-01 1.2427234852e+03
3.1564620137e-01 1.2191530583e+03
3.1926059723e-01 1.1961000194e+03
3.2287499309e-01 1.1731265073e+03
3.2648938894e-01 1.1499126758e+03
3.3010378480e-01 1.1262984280e+03
3.3371821046e-01 1.1022880531e+03
3.3733260632e-01 1.0780007255e+03
3.4094700217e-01 1.0536422180e+03
3.4456139803e-01 1.0294942362e+03
3.4817579389e-01 1.0058603965e+03
3.5179018974e-01 9.8299365439e+02
3.5540458560e-01 9.6108830569e+02
3.5901898146e-01 9.4029320236e+02
3.6263337731e-01 9.2068978404e+02
3.6624777317e-01 9.0226361765e+02
3.6986216903e-01 8.8491767120e+02
3.7347656488e-01 8.6850262904e+02
3.7709096074e-01 8.5283833857e+02
3.8070535660e-01 8.3774134326e+02
3.8431975245e-01 8.2304586564e+02
3.8793414831e-01 8.0860682143e+02
3.9154854417e-01 7.9429692134e+02
3.9516294003e-01 7.8002863952e+02
3.9877733588e-01 7.6577803676e+02
4.0239173174e-01 7.5157554425e+02
4.0600612760e-01 7.3747814075e+02
4.0962052345e-01 7.2355016647e+02
4.1323491931e-01 7.0986280138e+02
4.1684931517e-01 6.9649505063e+02
4.2046371102e-01 6.8352342689e+02
4.2407810688e-01 6.7100496690e+02
4.2769253254e-01 6.5896581248e+02
4.3130692840e-01 6.4740434064e+02
4.3492132425e-01 6.3629939446e+02
4.3853572011e-01 6.2561538396e+02
4.4215011597e-01 6.1530663337e+02
4.4576451182e-01 6.0531801881e+02
4.4937890768e-01 5.9558948939e+02
4.5299330354e-01 5.8606290707e+02
4.5660769939e-01 5.7669340761e+02
4.6022209525e-01 5.6745432749e+02
4.6383649111e-01 5.5833134958e+02
4.6745088696e-01 5.4931786594e+02
4.7106528282e-01 5.4041607922e+02
4.7467967868e-01 5.3163903136e+02
4.7829407454e-01 5.2300799520e+02
4.8190847039e-01 5.1454766347e+02
4.8552286625e-01 5.0628116386e+02
4.8913726211e-01 4.9822432060e+02
4.9275165796e-01 4.9038339379e+02
4.9636605382e-01 4.8275954274e+02
4.9998044968e-01 4.7535233271e+02
5.0359487534e-01 4.6815735842e+02
5.0720924139e-01 4.6116117219e+02
5.1082366705e-01 4.5434281998e+02
5.1443803310e-01 4.4768024643e+02
5.1805245876e-01 4.4115597535e+02
5.2166682482e-01 4.3475705174e+02
5.2528125048e-01 4.2847260734e+02
5.2889561653e-01 4.2229191877e+02
5.3251004219e-01 4.1620597261e+02
5.3612440824e-01 4.1021129100e+02
5.3973883390e-01 4.0431111995e+02
5.4335319996e-01 3.9851183550e+02
5.4696762562e-01 3.9281836461e+02
5.5058199167e-01 3.8723290991e+02
5.5419641733e-01 3.8175755813e+02
5.5781078339e-01 3.7639593201e+02
5.6142520905e-01 3.7115255277e+02
5.6503957510e-01 3.6602762326e+02
5.6865400076e-01 3.6101760769e+02
5.7226842642e-01 3.5611563730e+02
5.7588279247e-01 3.5131620550e+02
5.7949721813e-01 3.4661490700e+02
6.2741476297e-01 2.9157455355e+02
7.6632601023e-01 1.8723515246e+02
9.3599247932e-01 1.1903791459e+02
1.1432236433e+00 7.5003069816e+01
1.3963360786e+00 4.6871961794e+01
1.7054901123e+00 2.9074057982e+01
2.0830900669e+00 1.7911401245e+01
2.5442914963e+00 1.0965840364e+01
3.1076040268e+00 6.6752061129e+00
3.7956349850e+00 4.0420282661e+00
4.6360030174e+00 2.4356991879e+00
5.6624255180e+00 1.4611763123e+00
