7.618501090861e-10 1.923326314320e-09 2.631231985844e-09 3.094048757725e-09 3.429729771191e-09 3.696641041364e-09 3.925315825962e-09 4.135819450047e-09 4.349440977321e-09 4.641971393731e-09 
6.016700880345e-11 4.870599518125e-10 1.161145631273e-09 1.801770955879e-09 2.319973491078e-09 2.737254332107e-09 3.093856330458e-09 3.421842352184e-09 3.754658604345e-09 4.210420454009e-09 
3.663601408992e-12 7.579875424755e-11 3.495706481054e-10 8.307145827659e-10 1.368300768234e-09 1.846584829646e-09 2.258143402377e-09 2.635071511768e-09 3.017121463079e-09 3.540259772132e-09 
-1.505576085154e-13 1.438251961788e-12 4.859643303966e-11 2.555228931872e-10 6.522682742335e-10 1.120324400514e-09 1.562770710969e-09 1.971024587928e-09 2.382860882027e-09 2.946186408235e-09 
-6.467671411346e-14 -2.000143471428e-12 -5.404913847650e-12 3.394846051453e-11 2.091645856478e-10 5.476048576913e-10 9.714734689344e-10 1.401788324625e-09 1.836575262533e-09 2.427750199947e-09 
-6.051163715665e-15 -3.776208763454e-13 -3.264675442540e-12 -6.395841618459e-12 2.528687178707e-11 1.689225693875e-10 4.739020302993e-10 8.915258444673e-10 1.349275430754e-09 1.963628058816e-09 
-2.331784935185e-16 -2.991728503599e-14 -5.339240149486e-13 -3.492476276204e-12 -9.218460108993e-12 6.248118171969e-12 1.216175514358e-10 4.230963543569e-10 8.859679570023e-10 1.530415048017e-09 
-3.602560155986e-18 -1.055634270767e-15 -3.807447028976e-14 -5.168551951226e-13 -3.642443482191e-12 -1.411757384658e-11 -2.178025828804e-11 6.010897282439e-11 4.077386036840e-10 1.101078739122e-09 
-1.485031449621e-20 -1.048251122384e-17 -7.785310866372e-16 -2.082981098039e-14 -3.007310339182e-13 -2.755137112679e-12 -1.655590717897e-11 -5.749264870128e-11 -2.973385910414e-11 5.937833094615e-10 
-2.974042649761e-24 -5.708493114585e-21 -1.013435386411e-18 -6.128512004720e-17 -1.981107329054e-15 -4.251393449241e-14 -6.749078055483e-13 -8.170427099562e-12 -6.796988860956e-11 -1.018974966379e-11 
