-9.7595046438411898e-10 1.3630216585414885e-09 1.9705323962089301e-09 2.3322688725878060e-09 2.5910697968698193e-09 2.7965190335155885e-09 2.9725114437162006e-09 3.1345176416649838e-09 3.2989233741681395e-09 3.5240735357391768e-09 
-3.9116850729519486e-09 -1.5812592139045783e-10 8.1666847744485737e-10 1.4128798365192834e-09 1.8403454227116292e-09 2.1753851483752386e-09 2.4604487840279685e-09 2.7225166345195717e-09 2.9884370444912786e-09 3.3526062697545910e-09 
-5.5803776019501782e-09 -1.2152143767283467e-09 -1.1514425741639358e-10 5.6896515110357408e-10 1.0847335284365913e-09 1.4882712080619689e-09 1.8237552870233108e-09 2.1291358746936825e-09 2.4384864265816343e-09 2.8620824391784573e-09 
-6.7392192837623110e-09 -1.9999704611039359e-09 -8.1366639458784342e-10 -1.0745957794993272e-10 4.4017094903462179e-10 8.9274079887392854e-10 1.2685034691225571e-09 1.6028376784345756e-09 1.9381685596866408e-09 2.3966888777624255e-09 
-7.6097007643924031e-09 -2.6262282710734975e-09 -1.3591826082836928e-09 -6.2491981381061453e-10 -8.8576841011392757e-11 3.7064871057998570e-10 7.7753528881903951e-10 1.1408100466924254e-09 1.4961711019117132e-09 1.9776342140192196e-09 
-8.3013339725495514e-09 -3.1537495255639160e-09 -1.8308067511234988e-09 -1.0544773955814845e-09 -5.1430748768788279e-10 -7.9251264847821681e-11 3.2539998996718982e-10 7.1623410729887524e-10 1.0966922505733790e-09 1.5960790599680988e-09 
-8.8731585703565935e-09 -3.6137908189756540e-09 -2.2581538762670584e-09 -1.4516571454304306e-09 -8.8576181124791088e-10 -4.5530587151172836e-10 -8.3867022682293676e-11 2.9975490997298901e-10 7.1369906718734027e-10 1.2378552326022341e-09 
-9.3789831918433279e-09 -4.0385149282017128e-09 -2.6614164241497503e-09 -1.8385820967271777e-09 -1.2510912516398924e-09 -7.9714168338449285e-10 -4.3453341223647401e-10 -1.0614049367467980e-10 3.0116925737236645e-10 8.8142934061869985e-10 
-1.0085929865618919e-08 -4.5677806726602501e-09 -3.1448238771164771e-09 -2.2941028000306688e-09 -1.6834732813979786e-09 -1.2001546752199762e-09 -7.9850653259890937e-10 -4.7012346894455660e-10 -1.6264445144619956e-10 4.6108526570786488e-10 
-1.1530532696724940e-08 -5.5333213536746784e-09 -3.9868226993026877e-09 -3.0622221900306489e-09 -2.3982950139338425e-09 -1.8704524827156532e-09 -1.4186483827857703e-09 -1.0087210264464799e-09 -6.4116160735405718e-10 -1.7431747937061946e-10 
