-4.8283525195275629e-10 5.5661746620486545e-10 8.2682208668229607e-10 9.8775362150240548e-10 1.1028520179244668e-09 1.1942010263660085e-09 1.2724477280680532e-09 1.3444756269649605e-09 1.4175703356764197e-09 1.5176719500146915e-09 
-1.9553572444545499e-09 -9.8545448784647329e-11 3.8324971362937591e-10 6.7835003663689912e-10 8.9011578096380194e-10 1.0559887155705984e-09 1.1970421707709817e-09 1.3267002454983303e-09 1.4582627324817760e-09 1.6384331177585367e-09 
-2.9272086724961804e-09 -6.4632534795349111e-10 -7.1932801939274325e-11 2.8508635330197474e-10 5.5473755510767002e-10 7.6586060736854513e-10 9.4125234474660442e-10 1.1008266668414450e-09 1.2624584984593386e-09 1.4837803905036782e-09 
-3.6443081544312335e-09 -1.0859860016038873e-09 -4.4548708264927835e-10 -6.4611921830663328e-11 2.3065192829797843e-10 4.7502274252674249e-10 6.7803257034348619e-10 8.5857059326900248e-10 1.0395864702962853e-09 1.2870883443207194e-09 
-4.1932252863621150e-09 -1.4493556261850393e-09 -7.5157328345176757e-10 -3.4724316741290432e-10 -5.2210814809216044e-11 2.0041506505132907e-10 4.2450471977648315e-10 6.2463391214493639e-10 8.2032375388599078e-10 1.0854118098251579e-09 
-4.6209340358400552e-09 -1.7563296391683949e-09 -1.0200819077316847e-09 -5.8798975652227134e-10 -2.8740960048786582e-10 -4.5450477258228914e-11 1.7967076912679028e-10 3.9724464248445114e-10 6.0901126045777072e-10 8.8691529585708454e-10 
-4.9504302012449286e-09 -2.0160321425219551e-09 -1.2596692397876236e-09 -8.0968735661643843e-10 -4.9395741965449369e-10 -2.5383708285648745e-10 -4.6621733098345392e-11 1.6752095485303531e-10 3.9851606228691643e-10 6.9088988736439609e-10 
-5.1967120987258393e-09 -2.2368692465404661e-09 -1.4736413464561104e-09 -1.0176048731294135e-09 -6.9201781814888463e-10 -4.4049419478477155e-10 -2.3962269207353561e-10 -5.7457730244903987e-11 1.6866815569583870e-10 4.9000883648482748e-10 
-5.4688243731007254e-09 -2.4754170695283297e-09 -1.7035116879643359e-09 -1.2420248889894455e-09 -9.1078312663716879e-10 -6.4863065145632743e-10 -4.3090123262546385e-10 -2.5306675075153948e-10 -8.5738071087855845e-11 2.5327815620973761e-10 
-5.8439378158205159e-09 -2.8006483821082221e-09 -2.0158765472337290e-09 -1.5466873677198239e-09 -1.2097771216579162e-09 -9.4192443138158423e-10 -7.1267601282105199e-10 -5.0486473891129866e-10 -3.1958432588778300e-10 -8.1933058997525279e-11 
