-7.7616093206628139e-10 1.0059250317018702e-09 1.4689407971668716e-09 1.7446573086737706e-09 1.9418920535887686e-09 2.0984544777148052e-09 2.2325666659967872e-09 2.3560206221964641e-09 2.4813030896364244e-09 2.6528747448769876e-09 
-3.1067601894379162e-09 -1.3580092470163181e-10 6.3555218999472029e-10 1.1075514771203344e-09 1.4460464080860223e-09 1.7112980627267948e-09 1.9369464867973112e-09 2.1443843734476737e-09 2.3548710027231936e-09 2.6431254521106452e-09 
-4.4976240419695702e-09 -9.8341974286500600e-10 -9.7996139024995665e-11 4.5256513642051417e-10 8.6786801859880287e-10 1.1928562055950629e-09 1.4629786746881120e-09 1.7088296486329644e-09 1.9578702067465604e-09 2.2988826856258760e-09 
-5.4763905813099468e-09 -1.6268901537236302e-09 -6.6327177744631870e-10 -8.9791697494060192e-11 3.5490606338473791e-10 7.2254974630131708e-10 1.0278281469172081e-09 1.2994119383326807e-09 1.5717858239465591e-09 1.9442175830383263e-09 
-6.2089235538377020e-09 -2.1433692632485556e-09 -1.1096597006753481e-09 -5.1064282451022272e-10 -7.3178004655860506e-11 3.0141814443233075e-10 6.3339285530913169e-10 9.2978054975293991e-10 1.2196875496827715e-09 1.6124666186838865e-09 
-6.7793862967066447e-09 -2.5754731834411409e-09 -1.4950508130474879e-09 -8.6103955226551868e-10 -4.1992081572868666e-10 -6.4637764411571247e-11 2.6587002638544304e-10 5.8508513415301630e-10 8.9577538966020912e-10 1.3036000489665660e-09 
-7.2315495954084033e-09 -2.9447372085662847e-09 -1.8397839136189002e-09 -1.1824326472226444e-09 -7.2121478856424552e-10 -3.7039661715414587e-10 -6.7590104855069800e-11 2.4523180556350709e-10 5.8261566651980006e-10 1.0097559299066065e-09 
-7.6011705090730723e-09 -3.2722690328421325e-09 -2.1560144067007817e-09 -1.4890406722333043e-09 -1.0128497422212597e-09 -6.4495165279639277e-10 -3.5109851451765280e-10 -8.4737375777452750e-11 2.4572841886661815e-10 7.1584164611989033e-10 
-8.0811698025404992e-09 -3.6588978197303177e-09 -2.5185332529570849e-09 -1.8367614350062748e-09 -1.3474030216754282e-09 -9.6009325442815874e-10 -6.3832190277276371e-10 -3.7535980063673135e-10 -1.2853733643555442e-10 3.7174758226583294e-10 
-8.9821828958555449e-09 -4.3081860014449796e-09 -3.1029042095851260e-09 -2.3823060033143719e-09 -1.8648666470669931e-09 -1.4534872798790439e-09 -1.1013809621281319e-09 -7.8202655367123009e-10 -4.9630483700328417e-10 -1.3197358888627565e-10 
