4.811002054212e-10 1.245679878525e-09 1.722283087905e-09 2.035406219450e-09 2.262680361993e-09 2.443395918475e-09 2.598220654694e-09 2.740742263952e-09 2.885374837097e-09 3.083432894530e-09 
4.130012279450e-11 3.392425793645e-10 8.160287210512e-10 1.272602337499e-09 1.642966706470e-09 1.941336077103e-09 2.196303937150e-09 2.430804647276e-09 2.668758150116e-09 2.994614033892e-09 
2.570837403655e-12 5.393287410778e-11 2.511702350019e-10 6.004741483884e-10 9.922939061631e-10 1.341452578668e-09 1.641944069415e-09 1.917129399099e-09 2.196050074637e-09 2.577973780597e-09 
-1.131570751699e-13 9.641389033128e-13 3.517200671778e-11 1.865668071320e-10 4.782153532478e-10 8.230542109413e-10 1.149094550407e-09 1.449923497319e-09 1.753386293209e-09 2.168473224681e-09 
-4.752977799609e-14 -1.477174352975e-12 -4.048277151843e-12 2.486156598225e-11 1.543226046985e-10 4.044659353966e-10 7.175926714215e-10 1.035465804578e-09 1.356586749646e-09 1.793212761390e-09 
-4.464815758872e-15 -2.793163172053e-13 -2.415804655970e-12 -4.720173563840e-12 1.872884504264e-11 1.248130188466e-10 3.501059130090e-10 6.584150812984e-10 9.958273959961e-10 1.448646154424e-09 
-1.724900433372e-16 -2.210864742915e-14 -3.942346743228e-13 -2.578207106907e-12 -6.802105956173e-12 4.718664396565e-12 9.025715958453e-11 3.123018883818e-10 6.512039063987e-10 1.122593229399e-09 
-2.659845881407e-18 -7.793981683765e-16 -2.810217950557e-14 -3.807684804829e-13 -2.671011040496e-12 -1.025469980827e-11 -1.542731885830e-11 4.476926419187e-11 2.970840232468e-10 7.982485610527e-10 
-1.094889536528e-20 -7.703050189336e-18 -5.695861110314e-16 -1.516862887241e-14 -2.180570062948e-13 -1.990588708911e-12 -1.192543159659e-11 -4.114240779794e-11 -1.916338884598e-11 4.255475370017e-10 
-2.152149720969e-24 -4.123548363816e-21 -7.311340983174e-19 -4.415519359765e-17 -1.424543215220e-15 -3.046437905951e-14 -4.805050581993e-13 -5.746884252585e-12 -4.692461590713e-11 -4.960179818524e-12 
