1.8656918758234983e-08 7.8767986549105870e-09 5.7530914552110324e-09 4.4842247510396332e-09 3.5731743343447298e-09 2.8495405861367113e-09 2.2313953639607008e-09 1.6664622008652464e-09 1.1021427049289725e-09 3.4880167793540704e-10 
7.8767986549105870e-09 6.4363693021265241e-09 2.8723637559224281e-09 2.2596221052222633e-09 1.8198099096629170e-09 1.4705045306132117e-09 1.1720640846382850e-09 8.9925649205950936e-10 6.2678341363620043e-10 2.6406967987655143e-10 
5.7530914552110324e-09 2.8723637559224281e-09 4.6682458426527475e-09 1.6860646129657102e-09 1.3676432297186396e-09 1.1147638186632975e-09 8.9868339044797222e-10 7.0113267547960166e-10 5.0384383451884818e-10 2.4175965199396999e-10 
4.4842247510396332e-09 2.2596221052222633e-09 1.6860646129657102e-09 3.8818513332174353e-09 1.0974897962098138e-09 9.0221543196405178e-10 7.3533468165284639e-10 5.8274446458933836e-10 4.3037465033294011e-10 2.2841153552792125e-10 
3.5731743343447298e-09 1.8198099096629170e-09 1.3676432297186396e-09 1.0974897962098138e-09 3.4422063615686043e-09 7.4984686197080209e-10 6.1829965156762763e-10 4.9799218966521487e-10 3.7788076935351654e-10 2.1909778494980674e-10 
2.8495405861367113e-09 1.4705045306132117e-09 1.1147638186632975e-09 9.0221543196405178e-10 7.4984686197080209e-10 3.1673486902498673e-09 5.2541287397390213e-10 4.3074296781478440e-10 3.3624132382146478e-10 2.1175279611826233e-10 
2.2313953639607008e-09 1.1720640846382850e-09 8.9868339044797222e-10 7.3533468165284639e-10 6.1829965156762763e-10 5.2541287397390213e-10 2.9844582668320635e-09 3.7324408070836007e-10 3.0059251028291123e-10 2.0536219878278993e-10 
1.6664622008652464e-09 8.9925649205950936e-10 7.0113267547960166e-10 5.8274446458933836e-10 4.9799218966521487e-10 4.3074296781478440e-10 3.7324408070836007e-10 2.8591148824303413e-09 2.6802395241226317e-10 1.9941412857485733e-10 
1.1021427049289725e-09 6.2678341363620043e-10 5.0384383451884818e-10 4.3037465033294011e-10 3.7788076935351654e-10 3.3624132382146478e-10 3.0059251028291123e-10 2.6802395241226317e-10 2.7742144816758594e-09 1.9374147602719182e-10 
3.4880167793540704e-10 2.6406967987655143e-10 2.4175965199396999e-10 2.2841153552792125e-10 2.1909778494980674e-10 2.1175279611826233e-10 2.0536219878278993e-10 1.9941412857485733e-10 1.9374147602719182e-10 2.7269937459081524e-09 
