2.542622094847e-09 7.065983921650e-12 8.236979887640e-12 8.945885187804e-12 9.454634052119e-12 9.859075579589e-12 1.020565940719e-11 1.052471526343e-11 1.084850047771e-11 1.129188280064e-11 
7.065983921650e-12 2.552779133617e-09 1.808975707224e-11 2.050422698987e-11 2.223754240493e-11 2.361267572307e-11 2.479114464841e-11 2.587612413588e-11 2.697720055248e-11 2.848501460182e-11 
8.236979887640e-12 1.808975707224e-11 2.562781238553e-09 2.864854753819e-11 3.183059338314e-11 3.434371013260e-11 3.649319803704e-11 3.847225716965e-11 4.048085124405e-11 4.323147812626e-11 
8.945885187804e-12 2.050422698987e-11 2.864854753819e-11 2.573442388439e-09 3.987915789556e-11 4.379693540031e-11 4.712783595695e-11 5.018819972495e-11 5.329436722088e-11 5.754844355625e-11 
9.454634052119e-12 2.223754240493e-11 3.183059338314e-11 3.987915789556e-11 2.585152082398e-09 5.231966873645e-11 5.712923893591e-11 6.151890240041e-11 6.596706316515e-11 7.206082387441e-11 
9.859075579589e-12 2.361267572307e-11 3.434371013260e-11 4.379693540031e-11 5.231966873645e-11 2.598327432021e-09 6.645137892896e-11 7.246004735981e-11 7.850254335103e-11 8.677724937374e-11 
1.020565940719e-11 2.479114464841e-11 3.649319803704e-11 4.712783595695e-11 5.712923893591e-11 6.645137892896e-11 2.613552648228e-09 8.311275048688e-11 9.109769622481e-11 1.019452328047e-10 
1.052471526343e-11 2.587612413588e-11 3.847225716965e-11 5.018819972495e-11 6.151890240041e-11 7.246004735981e-11 8.311275048688e-11 2.632136209382e-09 1.043046186756e-10 1.182983560825e-10 
1.084850047771e-11 2.697720055248e-11 4.048085124405e-11 5.329436722088e-11 6.596706316515e-11 7.850254335103e-11 9.109769622481e-11 1.043046186756e-10 2.657401089891e-09 1.377342551267e-10 
1.129188280064e-11 2.848501460182e-11 4.323147812626e-11 5.754844355625e-11 7.206082387441e-11 8.677724937374e-11 1.019452328047e-10 1.182983560825e-10 1.377342551267e-10 2.706868909885e-09 
