2.9833190697220911e-08 1.3405255273137371e-08 9.8259894882715928e-09 7.6872674717199394e-09 6.1515696910843161e-09 4.9316261855226765e-09 3.8891741991258440e-09 2.9357976484023071e-09 1.9823633996664436e-09 7.1162614501885211e-10 
1.3405255273137371e-08 9.2032372460802890e-09 4.9273842374026350e-09 3.8892390347604117e-09 3.1440232603865491e-09 2.5520740138100060e-09 2.0461524745756956e-09 1.5833514634951746e-09 1.1205333915771804e-09 5.0522777735815258e-10 
9.8259894882715928e-09 4.9273842374026350e-09 6.2030631564022444e-09 2.9100059954661779e-09 2.3684361943870801e-09 1.9382712250761492e-09 1.5705787177562768e-09 1.2341696922465183e-09 8.9775307486841570e-10 4.5130803500905230e-10 
7.6872674717199394e-09 3.8892390347604117e-09 2.9100059954661779e-09 4.8633688715591652e-09 1.9050220421391210e-09 1.5715179316399098e-09 1.2864093102957710e-09 1.0255184460219308e-09 7.6462863738027238e-10 4.1907984777996378e-10 
6.1515696910843161e-09 3.1440232603865491e-09 2.3684361943870801e-09 1.9050220421391210e-09 4.1110788804091535e-09 1.3085537987454974e-09 1.0827570272435710e-09 8.7609386847750842e-10 6.6944616029603156e-10 3.9636617963761103e-10 
4.9316261855226765e-09 2.5520740138100060e-09 1.9382712250761492e-09 1.5715179316399098e-09 1.3085537987454974e-09 3.6382013137820480e-09 9.2108019272577230e-10 7.5748867141673975e-10 5.9391147014847758e-10 3.7839548280476388e-10 
3.8891741991258440e-09 2.0461524745756956e-09 1.5705787177562768e-09 1.2864093102957710e-09 1.0827570272435710e-09 9.2108019272577230e-10 3.3212523873996440e-09 6.5603764339166341e-10 5.2922453506587945e-10 3.6284093346988863e-10 
2.9357976484023071e-09 1.5833514634951746e-09 1.2341696922465183e-09 1.0255184460219308e-09 8.7609386847750842e-10 7.5748867141673975e-10 6.5603764339166341e-10 3.1016074881153262e-09 4.7004302525402334e-10 3.4841229110502505e-10 
1.9823633996664436e-09 1.1205333915771804e-09 8.9775307486841570e-10 7.6462863738027238e-10 6.6944616029603156e-10 5.9391147014847758e-10 5.2922453506587945e-10 4.7004302525402334e-10 2.9496277608865939e-09 3.3430668890715994e-10 
7.1162614501885211e-10 5.0522777735815258e-10 4.5130803500905230e-10 4.1907984777996378e-10 3.9636617963761103e-10 3.7839548280476388e-10 3.6284093346988863e-10 3.4841229110502505e-10 3.3430668890715994e-10 2.8575488120146714e-09 
