2.541452402611e-09 5.115323139528e-12 5.979437878473e-12 6.502832136254e-12 6.878426157109e-12 7.177009470891e-12 7.432879525572e-12 7.668426868623e-12 7.907465734910e-12 8.234799019992e-12 
5.115323139528e-12 2.548950899222e-09 1.331129153308e-11 1.512440006371e-11 1.642583382790e-11 1.745816207180e-11 1.834285383466e-11 1.915736907614e-11 1.998396957390e-11 2.111591705663e-11 
5.979437878473e-12 1.331129153308e-11 2.556485973402e-09 2.131011120994e-11 2.373014016944e-11 2.564055882262e-11 2.727432616073e-11 2.877857009806e-11 3.030527437991e-11 3.239599084034e-11 
6.502832136254e-12 1.512440006371e-11 2.131011120994e-11 2.564627795278e-09 2.992811656199e-11 3.294025075441e-11 3.550002156484e-11 3.785157912174e-11 4.023834897753e-11 4.350719532221e-11 
6.878426157109e-12 1.642583382790e-11 2.373014016944e-11 2.992811656199e-11 2.573672061098e-09 3.957820017325e-11 4.331240458944e-11 4.671884871432e-11 5.017035057066e-11 5.489886447855e-11 
7.177009470891e-12 1.745816207180e-11 2.564055882262e-11 3.294025075441e-11 3.957820017325e-11 2.583948019789e-09 5.064166762534e-11 5.534578985494e-11 6.007408236192e-11 6.654911409870e-11 
7.432879525572e-12 1.834285383466e-11 2.727432616073e-11 3.550002156484e-11 4.331240458944e-11 5.064166762534e-11 2.595921874703e-09 6.378828581442e-11 7.008490010635e-11 7.863531116593e-11 
7.668426868623e-12 1.915736907614e-11 2.877857009806e-11 3.785157912174e-11 4.671884871432e-11 5.534578985494e-11 6.378828581442e-11 2.610650462568e-09 8.063583660791e-11 9.173965509598e-11 
7.907465734910e-12 1.998396957390e-11 3.030527437991e-11 4.023834897753e-11 5.017035057066e-11 6.007408236192e-11 7.008490010635e-11 8.063583660791e-11 2.630826048343e-09 1.073875870279e-10 
8.234799019992e-12 2.111591705663e-11 3.239599084034e-11 4.350719532221e-11 5.489886447855e-11 6.654911409870e-11 7.863531116593e-11 9.173965509598e-11 1.073875870279e-10 2.670641746186e-09 
