1.7675092067712382e-07 5.9643170600794707e-08 1.1161271567363880e-08 1.4025731335051197e-09 1.2513519487694842e-10 7.3341713266142951e-12 2.4196150915827774e-13 3.3882976030567278e-15 1.0995768901144622e-17 1.3108269627521281e-21 
5.9643170600794707e-08 1.6599143960680178e-07 7.7180069093485087e-08 2.2813945403204641e-08 4.2280851102578532e-09 4.9508702750578865e-10 3.3028326634043754e-11 9.7633926642721932e-13 7.2057420097332623e-15 2.2800712996115213e-18 
1.1161271567363880e-08 7.7180069093485087e-08 1.3923627517864429e-07 7.1197326952183608e-08 2.5578320870785953e-08 5.4351527066683349e-09 6.4359116484329494e-10 3.4541440025500164e-11 4.9817294508541441e-13 3.6759419177786431e-16 
1.4025731335051197e-09 2.2813945403204641e-08 7.1197326952183608e-08 1.2007315940758255e-07 6.2230360031812497e-08 2.3767178206915853e-08 4.9212816455042580e-09 4.6314531215769162e-10 1.2366622065062345e-11 2.0160299029661753e-14 
1.2513519487694842e-10 4.2280851102578532e-09 2.5578320870785953e-08 6.2230360031812497e-08 1.0567464245327859e-07 5.3247114268554678e-08 1.9617119409696877e-08 3.2987230308999427e-09 1.6422983155808232e-10 5.8892958886048669e-13 
7.3341713266142951e-12 4.9508702750578865e-10 5.4351527066683349e-09 2.3767178206915853e-08 5.3247114268554678e-08 9.4362637393553943e-08 4.4510448850216531e-08 1.3973709745333650e-08 1.3658120973880198e-09 1.1326497975313080e-11 
2.4196150915827774e-13 3.3028326634043754e-11 6.4359116484329494e-10 4.9212816455042580e-09 1.9617119409696877e-08 4.4510448850216531e-08 8.4813528885869953e-08 3.5315259545877512e-08 7.3945985186098114e-09 1.5844115544418392e-10 
3.3882976030567278e-15 9.7633926642721932e-13 3.4541440025500164e-11 4.6314531215769162e-10 3.2987230308999427e-09 1.3973709745333650e-08 3.5315259545877512e-08 7.5969361472222598e-08 2.4558353389305710e-08 1.6444952687379365e-09 
1.0995768901144622e-17 7.2057420097332623e-15 4.9817294508541441e-13 1.2366622065062345e-11 1.6422983155808232e-10 1.3658120973880198e-09 7.3945985186098114e-09 2.4558353389305710e-08 6.7207605122582263e-08 1.1623098103446813e-08 
1.3108269627521281e-21 2.2800712996115213e-18 3.6759419177786431e-16 2.0160299029661753e-14 5.8892958886048669e-13 1.1326497975313080e-11 1.5844115544418392e-10 1.6444952687379365e-09 1.1623098103446813e-08 5.2132212017918745e-08 
