8.2421642727354835e-08 2.4716737388890042e-08 4.8950089190044354e-09 6.3828707203346167e-10 5.8363731854796885e-11 3.4760331979881702e-12 1.1573017700532923e-13 1.6241365050975518e-15 5.2319815736215126e-18 6.0725236453176368e-22 
2.4716737388890042e-08 8.8101825600140820e-08 3.4817630609501856e-08 1.0563642135242456e-08 1.9931289452579987e-09 2.3603286718939649e-10 1.5827992947446172e-11 4.6724650766000241e-13 3.4132979854853100e-15 1.0497807650205978e-18 
4.8950089190044354e-09 3.4817630609501856e-08 7.9449057011888009e-08 3.3423535061247288e-08 1.2151039887058933e-08 2.6001299564239402e-09 3.0848220806772168e-10 1.6488554145585479e-11 2.3485489100751827e-13 1.6818785539075450e-16 
6.3828707203346167e-10 1.0563642135242456e-08 3.3423535061247288e-08 7.1785198706474918e-08 2.9726613493476159e-08 1.1390544846611784e-08 2.3562451745335228e-09 2.2032624618278049e-10 5.7989755647792661e-12 9.1621279682215644e-15 
5.8363731854796885e-11 1.9931289452579987e-09 1.2151039887058933e-08 2.9726613493476159e-08 6.5324332594604314e-08 2.5515977946037435e-08 9.3672300421222347e-09 1.5618637788287434e-09 7.6524291631280669e-11 2.6564146310592959e-13 
3.4760331979881702e-12 2.3603286718939649e-10 2.6001299564239402e-09 1.1390544846611784e-08 2.5515977946037435e-08 5.9826261158976268e-08 2.1151399561963628e-08 6.5722081470407368e-09 6.3126901145649949e-10 5.0636159520888603e-12 
1.1573017700532923e-13 1.5827992947446172e-11 3.0848220806772168e-10 2.3562451745335228e-09 9.3672300421222347e-09 2.1151399561963628e-08 5.4897016485535005e-08 1.6451493257696762e-08 3.3799011148219990e-09 7.0018175927228606e-11 
1.6241365050975518e-15 4.6724650766000241e-13 1.6488554145585479e-11 2.2032624618278049e-10 1.5618637788287434e-09 6.5722081470407368e-09 1.6451493257696762e-08 5.0146263967866795e-08 1.1044384156277989e-08 7.1444833962500501e-10 
5.2319815736215126e-18 3.4132979854853100e-15 2.3485489100751827e-13 5.7989755647792661e-12 7.6524291631280669e-11 6.3126901145649949e-10 3.3799011148219990e-09 1.1044384156277989e-08 4.5305032627210578e-08 4.9080304767309948e-09 
6.0725236453176368e-22 1.0497807650205978e-18 1.6818785539075450e-16 9.1621279682215644e-15 2.6564146310592959e-13 5.0636159520888603e-12 7.0018175927228606e-11 7.1444833962500501e-10 4.9080304767309948e-09 3.7803466019624861e-08 
