z(iz=00)            wb(ip=00)           h(ip=01)           wm(ip=02)            ns(ip=03) 
2.8000000000e+00        0.022467445000000003        0.67        0.14364800000000003        0.96
   k(h/Mpc)      Pk/s8^2(Mpc/h)^3 
7.0355977186e-06 5.0268986392e+01
7.5206098700e-06 5.3591270957e+01
8.0390564108e-06 5.7133113548e+01
8.5932442744e-06 6.0909049567e+01
9.1856354629e-06 6.4934537769e+01
9.8188638731e-06 6.9226061402e+01
1.0495745300e-05 7.3801206510e+01
1.1219289263e-05 7.8678720666e+01
1.1992711734e-05 8.3878591276e+01
1.2819450603e-05 8.9422117356e+01
1.3703183868e-05 9.5331994367e+01
1.4647837816e-05 1.0163247735e+02
1.5657613403e-05 1.0834931567e+02
1.6736999896e-05 1.1551007928e+02
1.7890795789e-05 1.2314406738e+02
1.9124130631e-05 1.3128257596e+02
2.0442488676e-05 1.3995896304e+02
2.1851728889e-05 1.4920870087e+02
2.3358117687e-05 1.5906976749e+02
2.4968352591e-05 1.6958246398e+02
2.6689593142e-05 1.8078994955e+02
2.8529490010e-05 1.9273803277e+02
3.0496221370e-05 2.0547568048e+02
3.2598534744e-05 2.1905507006e+02
3.4845776099e-05 2.3353185041e+02
3.7247933506e-05 2.4896518112e+02
3.9815688069e-05 2.6541846331e+02
4.2560455768e-05 2.8295880455e+02
4.5494442020e-05 3.0165827173e+02
4.8630685342e-05 3.2159318633e+02
5.1983130106e-05 3.4284527289e+02
5.5566681112e-05 3.6550134578e+02
5.9397272707e-05 3.8965435330e+02
6.3491934270e-05 4.1540290781e+02
6.7868866609e-05 4.4285235591e+02
7.2547532909e-05 4.7211485678e+02
7.7548735135e-05 5.0331019128e+02
8.2894701336e-05 5.3656584029e+02
8.8609194791e-05 5.7201721964e+02
9.4717637694e-05 6.0980961158e+02
1.0124716937e-04 6.5009691196e+02
1.0822682816e-04 6.9304361393e+02
1.1568764603e-04 7.3882465133e+02
1.2366278679e-04 7.8762644276e+02
1.3218770619e-04 8.3964751805e+02
1.4130031923e-04 8.9509966667e+02
1.5104110935e-04 9.5420757240e+02
1.6145341215e-04 1.0172114234e+03
1.7258350272e-04 1.0843662859e+03
1.8448085757e-04 1.1559433046e+03
1.9719838747e-04 1.2322316869e+03
2.1079262660e-04 1.3135388068e+03
2.2532400908e-04 1.4001906229e+03
2.4085713085e-04 1.4925348101e+03
2.5746106985e-04 1.5909400295e+03
2.7520960430e-04 1.6957977028e+03
2.9418169288e-04 1.8075231607e+03
3.1446164940e-04 1.9265575226e+03
3.3613966662e-04 2.0533679052e+03
3.5931204911e-04 2.1884483622e+03
3.8408191176e-04 2.3323221813e+03
4.1055929614e-04 2.4855425103e+03
4.3886195635e-04 2.6486934019e+03
4.6911570826e-04 2.8223902305e+03
5.0145509886e-04 3.0072801104e+03
5.3602381376e-04 3.2040456542e+03
5.7297560852e-04 3.4134014232e+03
6.1247474514e-04 3.6360951798e+03
6.5469677793e-04 3.8729106026e+03
6.9982954301e-04 4.1246624835e+03
7.4807356577e-04 4.3921986068e+03
7.9964339966e-04 4.6763997497e+03
8.5476832464e-04 4.9781738348e+03
9.1369333677e-04 5.2984596895e+03
9.7668042872e-04 5.6382174401e+03
1.0440096958e-03 5.9984343587e+03
1.1159804417e-03 6.3801098286e+03
1.1929126922e-03 6.7842628616e+03
1.2751482427e-03 7.2119149754e+03
1.3630529866e-03 7.6640939518e+03
1.4570176136e-03 8.1418183851e+03
1.5574598219e-03 8.6460897467e+03
1.6648261808e-03 9.1778844505e+03
1.7795939930e-03 9.7381304653e+03
1.9022736233e-03 1.0327700633e+04
2.0334103610e-03 1.0947381765e+04
2.1735872142e-03 1.1597869629e+04
2.3234274704e-03 1.2279736375e+04
2.4835972581e-03 1.2993416335e+04
2.6548085734e-03 1.3739176792e+04
2.8378227726e-03 1.4517119647e+04
3.0334533658e-03 1.5327122117e+04
3.2425699755e-03 1.6168820867e+04
3.4661025274e-03 1.7041584441e+04
3.7050447427e-03 1.7944442275e+04
3.9604585618e-03 1.8876096381e+04
4.2334804311e-03 1.9834821120e+04
4.5253229327e-03 2.0818464874e+04
4.8372847959e-03 2.1825445669e+04
5.1707518287e-03 2.2850504737e+04
5.5272071622e-03 2.3890907449e+04
5.9082354419e-03 2.4942310478e+04
6.3155302778e-03 2.5999105916e+04
6.7509030923e-03 2.7056631368e+04
7.2162891738e-03 2.8107934166e+04
7.7137574553e-03 2.9145929672e+04
8.2455193624e-03 3.0161974661e+04
8.8139399886e-03 3.1147028326e+04
9.4215450808e-03 3.2091301473e+04
1.0071036406e-02 3.2983959166e+04
1.0765301995e-02 3.3813367964e+04
1.1507427320e-02 3.4566818619e+04
1.2300713919e-02 3.5230856835e+04
1.3148685917e-02 3.5791390177e+04
1.4055115171e-02 3.6233925293e+04
1.5024030581e-02 3.6543795093e+04
1.6059739515e-02 3.6706593089e+04
1.7166847363e-02 3.6708634454e+04
1.8350275233e-02 3.6537580791e+04
1.9615285099e-02 3.6183265371e+04
2.0967502147e-02 3.5638778959e+04
2.2412935272e-02 3.4901275003e+04
2.3958012462e-02 3.3973326091e+04
2.5609601289e-02 3.2863963007e+04
2.7375046164e-02 3.1589546737e+04
2.9262196273e-02 3.0174359831e+04
3.1279440969e-02 2.8650703293e+04
3.3435747027e-02 2.7058083042e+04
3.5740699619e-02 2.5441668031e+04
3.8204550743e-02 2.3849530558e+04
4.0838252753e-02 2.2328986182e+04
4.3653514236e-02 2.0922141809e+04
4.6478152275e-02 1.9731391420e+04
4.9302790314e-02 1.8741393042e+04
5.2127432078e-02 1.7922257887e+04
5.4952070117e-02 1.7238656315e+04
5.7776708156e-02 1.6653474580e+04
6.0601349920e-02 1.6130333960e+04
6.3425987959e-02 1.5636323713e+04
6.6250629723e-02 1.5143978966e+04
6.9075264037e-02 1.4633352144e+04
7.1899905801e-02 1.4090867004e+04
7.4724547565e-02 1.3511162040e+04
7.7549181879e-02 1.2899241268e+04
8.0373823643e-02 1.2261395833e+04
8.3198465407e-02 1.1610152062e+04
8.6023099720e-02 1.0962288572e+04
8.8847741485e-02 1.0335530319e+04
9.1672383249e-02 9.7441451408e+03
9.5292858779e-02 9.0526746264e+03
9.8913334310e-02 8.4486085976e+03
1.0253380984e-01 7.9414848382e+03
1.0615429282e-01 7.5308055356e+03
1.0977476835e-01 7.2044753538e+03
1.1339524388e-01 6.9454634314e+03
1.1701571941e-01 6.7359516785e+03
1.2063620240e-01 6.5566573845e+03
1.2425667793e-01 6.3883149619e+03
1.2787716091e-01 6.2151309802e+03
1.3149763644e-01 6.0259476778e+03
1.3511811197e-01 5.8132995401e+03
1.3873858750e-01 5.5766712145e+03
1.4235906303e-01 5.3215945988e+03
1.4597953856e-01 5.0568549112e+03
1.4960001409e-01 4.7917151361e+03
1.5322048962e-01 4.5354040126e+03
1.5684096515e-01 4.2967439278e+03
1.6046145558e-01 4.0826257403e+03
1.6408193111e-01 3.8967579849e+03
1.6770240664e-01 3.7397336931e+03
1.7132288217e-01 3.6097478775e+03
1.7494335771e-01 3.5030970150e+03
1.7856383324e-01 3.4145346562e+03
1.8218430877e-01 3.3379486097e+03
1.8580478430e-01 3.2672866134e+03
1.8942527473e-01 3.1972460473e+03
1.9304575026e-01 3.1235892421e+03
1.9666622579e-01 3.0433925945e+03
2.0028670132e-01 2.9553764929e+03
2.0390717685e-01 2.8600230886e+03
2.0752765238e-01 2.7592131683e+03
2.1114812791e-01 2.6556435636e+03
2.1476860344e-01 2.5523924001e+03
2.1838907898e-01 2.4525641140e+03
2.2200956941e-01 2.3588411285e+03
2.2563004494e-01 2.2731464110e+03
2.2925052047e-01 2.1965910602e+03
2.3287099600e-01 2.1294548865e+03
2.3649147153e-01 2.0711287800e+03
2.4011194706e-01 2.0203233149e+03
2.4373242259e-01 1.9754615284e+03
2.4735289812e-01 1.9348108919e+03
2.5097337365e-01 1.8964340298e+03
2.5459384918e-01 1.8584605962e+03
2.5821432471e-01 1.8195324655e+03
2.6183480024e-01 1.7788947754e+03
2.6545527577e-01 1.7362190617e+03
2.6907578111e-01 1.6915599291e+03
2.7269625664e-01 1.6453871047e+03
2.7631673217e-01 1.5984844756e+03
2.7993720770e-01 1.5517983866e+03
2.8355768323e-01 1.5063216432e+03
2.8717815876e-01 1.4629410782e+03
2.9079863429e-01 1.4222844904e+03
2.9441910982e-01 1.3847024785e+03
2.9803958535e-01 1.3503156324e+03
3.0166006088e-01 1.3190226774e+03
3.0528053641e-01 1.2904981771e+03
3.0890101194e-01 1.2642415000e+03
3.1252148747e-01 1.2396593017e+03
3.1614196301e-01 1.2161506155e+03
3.1976243854e-01 1.1931801472e+03
3.2338291407e-01 1.1703069861e+03
3.2700338960e-01 1.1472048607e+03
3.3062389493e-01 1.1237050491e+03
3.3424437046e-01 1.0998040017e+03
3.3786484599e-01 1.0756166704e+03
3.4148532152e-01 1.0513446650e+03
3.4510579705e-01 1.0272647685e+03
3.4872627258e-01 1.0036804917e+03
3.5234674811e-01 9.8084930225e+02
3.5596722364e-01 9.5896769399e+02
3.5958769917e-01 9.3818590853e+02
3.6320817471e-01 9.1858976838e+02
3.6682865024e-01 9.0017060775e+02
3.7044912577e-01 8.8283592210e+02
3.7406960130e-01 8.6643881085e+02
3.7769007683e-01 8.5080073811e+02
3.8131055236e-01 8.3573726902e+02
3.8493102789e-01 8.2108255312e+02
3.8855153322e-01 8.0669021189e+02
3.9217200875e-01 7.9243312986e+02
3.9579248428e-01 7.7822021197e+02
3.9941295981e-01 7.6402321613e+02
4.0303343535e-01 7.4986986240e+02
4.0665391088e-01 7.3581684375e+02
4.1027438641e-01 7.2192821385e+02
4.1389486194e-01 7.0827460398e+02
4.1751533747e-01 6.9493416275e+02
4.2113581300e-01 6.8198389029e+02
4.2475628853e-01 6.6948235889e+02
4.2837676406e-01 6.5745807166e+02
4.3199723959e-01 6.4591087197e+02
4.3561771512e-01 6.3482060930e+02
4.3923819065e-01 6.2415256832e+02
4.4285866618e-01 6.1386159304e+02
4.4647914171e-01 6.0389339184e+02
4.5009964704e-01 5.9418834836e+02
4.5372012258e-01 5.8468783808e+02
4.5734059811e-01 5.7534592197e+02
4.6096107364e-01 5.6613467114e+02
4.6458154917e-01 5.5703936424e+02
4.6820202470e-01 5.4805321479e+02
4.7182250023e-01 5.3917742350e+02
4.7544297576e-01 5.3042446697e+02
4.7906345129e-01 5.2181501780e+02
4.8268392682e-01 5.1337371602e+02
4.8630440235e-01 5.0512394878e+02
4.8992487788e-01 4.9708236900e+02
4.9354535341e-01 4.8925591974e+02
4.9716582894e-01 4.8164569727e+02
5.0078630447e-01 4.7425144057e+02
5.0440680981e-01 4.6706902557e+02
5.0802725554e-01 4.6008608004e+02
5.1164776087e-01 4.5328214023e+02
5.1526820660e-01 4.4663481084e+02
5.1888871193e-01 4.4012639490e+02
5.2250915766e-01 4.3374342390e+02
5.2612966299e-01 4.2747511783e+02
5.2975010872e-01 4.2131090550e+02
5.3337061405e-01 4.1524157297e+02
5.3699105978e-01 4.0926302229e+02
5.4061156511e-01 4.0337783752e+02
5.4423207045e-01 3.9759270071e+02
5.4785251617e-01 3.9191244068e+02
5.5147302151e-01 3.8633987642e+02
5.5509346724e-01 3.8087667843e+02
5.5871397257e-01 3.7552647487e+02
5.6233441830e-01 3.7029341590e+02
5.6595492363e-01 3.6517880662e+02
5.6957536936e-01 3.6017886226e+02
5.7319587469e-01 3.5528752724e+02
5.7681632042e-01 3.5049848492e+02
5.8043682575e-01 3.4580761123e+02
6.2843209505e-01 2.9090007535e+02
7.6756852865e-01 1.8680410300e+02
9.3751013279e-01 1.1876544878e+02
1.1450772285e+00 7.4832061990e+01
1.3986002207e+00 4.6765529669e+01
1.7082554102e+00 2.9008266683e+01
2.0864677429e+00 1.7871006200e+01
2.5484168529e+00 1.0941188312e+01
3.1126427650e+00 6.6602464873e+00
3.8017895222e+00 4.0329985695e+00
4.6435198784e+00 2.4302787037e+00
5.6716070175e+00 1.4579377104e+00
