-9.0778504444001008e-10 1.2332809530634208e-09 1.7894267606783242e-09 2.1205849201730352e-09 2.3574980243627963e-09 2.5455656782714917e-09 2.7066672104130137e-09 2.8549659708170375e-09 3.0054621019711589e-09 3.2115675413883616e-09 
-3.6334404908851868e-09 -1.5085281351519917e-10 7.5344120576621743e-10 1.3066067273202841e-09 1.7032430022658261e-09 2.0140985838633733e-09 2.2785718095456983e-09 2.5217078119079019e-09 2.7684192327545114e-09 3.1062892395284669e-09 
-5.2069540073689792e-09 -1.1351751405028866e-09 -1.0914866517982903e-10 5.2887888216425780e-10 1.0099766070887615e-09 1.3864049725238200e-09 1.6993322227536492e-09 1.9841695737255484e-09 2.2727093867596197e-09 2.6678169445350578e-09 
-6.3016482932358434e-09 -1.8705295086172177e-09 -7.6138677923675623e-10 -1.0117750805468874e-10 4.1078025738411097e-10 8.3391658571802269e-10 1.1852484244211939e-09 1.4978314907186378e-09 1.8113414799325577e-09 2.2400322880008346e-09 
-7.1220218862678410e-09 -2.4579706383727247e-09 -1.2721699422157281e-09 -5.8501654875618087e-10 -8.3114438241885797e-11 3.4664565178162105e-10 7.2745034623056784e-10 1.0674321656891642e-09 1.3999978652977420e-09 1.8505835011452854e-09 
-7.7686179931651032e-09 -2.9511705644341805e-09 -1.7131175645104642e-09 -9.8662409351753145e-10 -4.8115317886755928e-10 -7.4038094113871772e-11 3.0466141998367459e-10 6.7043691025323018e-10 1.0264756916022815e-09 1.4938132451149714e-09 
-8.2943257612051095e-09 -3.3776915749424963e-09 -2.1104410127184900e-09 -1.3565449843130047e-09 -8.2758563454965602e-10 -4.2525244266110901e-10 -7.8044955189850985e-11 2.8063000271880354e-10 6.6761147282276932e-10 1.1575709588594735e-09 
-8.7453525955265872e-09 -3.7652145186144306e-09 -2.4810753687730849e-09 -1.7137981002463673e-09 -1.1659910562771341e-09 -7.4274692070334379e-10 -4.0471252022857203e-10 -9.8486961766720441e-11 2.8147948598234028e-10 8.2256839381312069e-10 
-9.3620057220754305e-09 -4.2393839920381409e-09 -2.9184666392431600e-09 -2.1287614795612750e-09 -1.5619345546187023e-09 -1.1133014173322803e-09 -7.4053979890293532e-10 -4.3590919078868953e-10 -1.5051246388155738e-10 4.2885211752999475e-10 
-1.0590604035018739e-08 -5.0811741369151974e-09 -3.6605083072520381e-09 -2.8111509789611046e-09 -2.2012590259381833e-09 -1.7163791705488737e-09 -1.3013559048560092e-09 -9.2486473037755607e-10 -5.8768670298651342e-10 -1.5897202087177655e-10 
