-5.3417701704814795e-10 6.2799121426485259e-10 9.3005503908100557e-10 1.1099543552399084e-09 1.2386230686943482e-09 1.3407450037525872e-09 1.4282200120714645e-09 1.5087429446038838e-09 1.5904589816874612e-09 1.7023695987799552e-09 
-2.1561995206884897e-09 -1.0586549660824546e-10 4.2617859348447480e-10 7.5198846833238549e-10 9.8576080703900361e-10 1.1688869230467008e-09 1.3246244657423752e-09 1.4677833658404592e-09 1.6130461055057794e-09 1.8119825888280616e-09 
-3.2052141626606672e-09 -7.0616505000479457e-10 -7.6788342123692983e-11 3.1443312435303121e-10 6.0983285790242349e-10 8.4108747899918940e-10 1.0332250236855106e-09 1.2080494154399246e-09 1.3851321525347101e-09 1.6276161958868064e-09 
-3.9699150081386263e-09 -1.1821141814594872e-09 -4.8421263685499603e-10 -6.9135734618880817e-11 2.5266328526214464e-10 5.1893132511262818e-10 7.4010725226067272e-10 9.3681535678112600e-10 1.1340566372638781e-09 1.4037516205977218e-09 
-4.5516396511192400e-09 -1.5727067003220014e-09 -8.1520675817454966e-10 -3.7628014285594143e-10 -5.5941991262791431e-11 2.1836183784941893e-10 4.6163148962157144e-10 6.7887190700189078e-10 8.9130709148252640e-10 1.1790943396036572e-09 
-5.0037349841606150e-09 -1.9015055013857957e-09 -1.1042217685670386e-09 -6.3633332899443144e-10 -3.1084923192323411e-10 -4.8808562001434332e-11 1.9500296125212483e-10 4.3061062158759632e-10 6.5992079165561558e-10 9.6086476622835138e-10 
-5.3520812320246365e-09 -2.1794206768932337e-09 -1.3616731168208101e-09 -8.7518445191815599e-10 -5.3385459720140179e-10 -2.7427080045246813e-10 -5.0240822118877107e-11 1.8129180891777189e-10 4.3103995095462208e-10 7.4714985998869828e-10 
-5.6148200885837494e-09 -2.4167658941778322e-09 -1.5921409622251169e-09 -1.0994266178657357e-09 -7.4765971081179033e-10 -4.7592271220453965e-10 -2.5892709789063744e-10 -6.2156577151461219e-11 1.8215253138175404e-10 5.2941582857612909e-10 
-5.9137679289485426e-09 -2.6768257431981154e-09 -1.8421490537556984e-09 -1.3431411595449315e-09 -9.8497107570433632e-10 -7.0150907146167062e-10 -4.6608796712475674e-10 -2.7384447527212028e-10 -9.3065080283276310e-11 2.7357593239660224e-10 
-6.3559140394661004e-09 -3.0463390907610702e-09 -2.1929296137152064e-09 -1.6827113937649122e-09 -1.3163426946397770e-09 -1.0250712112283740e-09 -7.7577868932525186e-10 -5.4978736240662083e-10 -3.4826484323721268e-10 -9.0112339589954363e-11 
