-1.3147259874014187e-09 2.0618122461691812e-09 2.9383637952429808e-09 3.4602748126536775e-09 3.8337314367940435e-09 4.1302275330711401e-09 4.3842180488181464e-09 4.6180246069509401e-09 4.8552955516349889e-09 5.1802397576007966e-09 
-5.3472658359503615e-09 -1.9564749752038841e-10 1.1424968572927320e-09 1.9604961854703840e-09 2.5468435471648663e-09 3.0065205559822643e-09 3.3976951542807731e-09 3.7573271398261245e-09 4.1222490968709069e-09 4.6220078983353304e-09 
-7.5143010932855851e-09 -1.6299915048718208e-09 -1.4680025501458019e-10 7.7557568279102000e-10 1.4706233459190156e-09 2.0143836090318227e-09 2.4665433418081259e-09 2.8781734391730624e-09 3.2951630196687024e-09 3.8661617814444148e-09 
-9.0184952732390520e-09 -2.6747954596783011e-09 -1.0869099616146290e-09 -1.4148885298247863e-10 5.9154012825971866e-10 1.1971880040365788e-09 1.7000882437660680e-09 2.1475902284561187e-09 2.5964285633686708e-09 3.2101617153857419e-09 
-1.0180992892265921e-08 -3.5142512714217010e-09 -1.8192698289787650e-09 -8.3696294356925130e-10 -1.1951047730171317e-10 4.9463647593387065e-10 1.0388556427513273e-09 1.5248739862718011e-09 2.0002922174813681e-09 2.6443630836737000e-09 
-1.1155107133117156e-08 -4.2396471171382503e-09 -2.4623837268123249e-09 -1.4193745740247117e-09 -6.9364872281732222e-10 -1.0940505838062489e-10 4.3385142651314009e-10 9.5887408230594628e-10 1.4701882960313315e-09 2.1411324959712065e-09 
-1.2026696497597427e-08 -4.9003935121698027e-09 -3.0635949618539830e-09 -1.9708050864164670e-09 -1.2039135337734452e-09 -6.2060061194562138e-10 -1.1774241934156291e-10 4.0142948561930931e-10 9.6251075061809339e-10 1.6731078226266562e-09 
-1.2884409584455486e-08 -5.5503859131596269e-09 -3.6592910460946016e-09 -2.5293408058186777e-09 -1.7225142993837151e-09 -1.0989276242036804e-09 -6.0085758679475376e-10 -1.5068713653338772e-10 4.0768587989911676e-10 1.2055250302474801e-09 
-1.4154475331729732e-08 -6.4131144205534854e-09 -4.4169298373193253e-09 -3.2235179167123412e-09 -2.3669106953477008e-09 -1.6888379760796166e-09 -1.1250965386926500e-09 -6.6398610203432571e-10 -2.3423504512716021e-10 6.3976825674799015e-10 
-1.6916503282541977e-08 -8.1238281102508228e-09 -5.8565419733899408e-09 -4.5010253818797963e-09 -3.5276791046066711e-09 -2.7538406547060682e-09 -2.0914470931861578e-09 -1.4901416450298060e-09 -9.4945690118501046e-10 -2.6707940182999787e-10 
