-4.5638669745557304e-10 5.1949441643956460e-10 7.7317495086016005e-10 9.2426896175959243e-10 1.0323287289866120e-09 1.1180893921779798e-09 1.1915487323080231e-09 1.2591697843269842e-09 1.3277927692942321e-09 1.4217723646162362e-09 
-1.8523366740425478e-09 -9.4857294925523958e-11 3.6110049638929255e-10 6.4040298817170002e-10 8.4085069342396176e-10 9.9785041116461694e-10 1.1313516326174965e-09 1.2540662368322589e-09 1.3785838277165167e-09 1.5491099246879217e-09 
-2.7846828472870453e-09 -6.1557558560367035e-10 -6.9385740814601084e-11 2.7007343804912792e-10 5.2650186287842889e-10 7.2728832409738596e-10 8.9408270088051599e-10 1.0458276685449894e-09 1.1995282667767526e-09 1.4099940164296274e-09 
-3.4768059495374274e-09 -1.0364748555590614e-09 -4.2552359982587006e-10 -6.2267118347785024e-11 2.1932164644615574e-10 4.5241179567065351e-10 6.4606575321790051e-10 8.1827458241537860e-10 9.9093231554842580e-10 1.2270088986861536e-09 
-4.0093896202000821e-09 -1.3860637147877903e-09 -7.1894148869257241e-10 -3.3238773733145050e-10 -5.0370158659556659e-11 1.9110900481442920e-10 4.0534907303759373e-10 5.9669518475330917e-10 7.8378467430769460e-10 1.0372175701819917e-09 
-4.4259290292625795e-09 -1.6823349318530884e-09 -9.7720773203951492e-10 -5.6337869050845730e-10 -2.7551915566036512e-10 -4.3830328430804659e-11 1.7174550961985941e-10 3.8013414474684217e-10 5.8296611982047109e-10 8.4912527242330963e-10 
-4.7471259774871397e-09 -1.9332665256876415e-09 -1.2079976798250790e-09 -7.7651861321106699e-10 -4.7377457103367426e-10 -2.4354785950700856e-10 -4.4893986011280572e-11 1.6042654494930499e-10 3.8195798530959562e-10 6.6233318545211712e-10 
-4.9863710627048035e-09 -2.1462875359844755e-09 -1.4139660191447760e-09 -9.7640246658805234e-10 -6.6400741523835243e-10 -4.2268301935688366e-10 -2.2998434844167962e-10 -5.5257411191094712e-11 1.6172369959715873e-10 4.7012178352321141e-10 
-5.2457075538627280e-09 -2.3743204684880970e-09 -1.6339056814325891e-09 -1.1912518701723816e-09 -8.7353089461345533e-10 -6.2208270045234684e-10 -4.1325947600513582e-10 -2.4275609761098017e-10 -8.2358596560314806e-11 2.4295166630153266e-10 
-5.5862388761176533e-09 -2.6768542539565418e-09 -1.9266381665109189e-09 -1.4781150052661390e-09 -1.1560472382749827e-09 -8.9999617971724127e-10 -6.8085052137130893e-10 -4.8221485581584808e-10 -3.0524828630179515e-10 -7.8220456839554893e-11 
