2.556308361296e-09 5.970635761385e-09 7.943873128574e-09 9.223552171410e-09 1.015084723873e-08 1.088817520853e-08 1.151989153878e-08 1.210141512786e-08 1.269155778546e-08 1.349970395932e-08 
1.586933942996e-10 1.257839477473e-09 2.969700661315e-09 4.589380042379e-09 5.899028419583e-09 6.953971848045e-09 7.855580156515e-09 8.684830513436e-09 9.526297422530e-09 1.067863121755e-08 
9.311045772862e-12 1.907766773080e-10 8.769245360579e-10 2.084617588393e-09 3.439687287702e-09 4.649723800834e-09 5.692236370430e-09 6.647028393650e-09 7.614733228099e-09 8.939814095962e-09 
-3.820722002667e-13 3.342328581515e-12 1.204837246428e-10 6.417751741255e-10 1.653912358684e-09 2.861151001241e-09 4.009620932656e-09 5.071151241466e-09 6.141845495441e-09 7.606230792257e-09 
-1.646305992639e-13 -5.171850157334e-12 -1.476729124005e-11 8.392259472486e-11 5.376342228689e-10 1.430804705695e-09 2.565787284468e-09 3.727776619617e-09 4.903554891089e-09 6.501437019823e-09 
-1.562987424519e-14 -9.913752979318e-13 -8.753091893525e-12 -1.825891247688e-11 6.306983311180e-11 4.482166985589e-10 1.288215421921e-09 2.461872823864e-09 3.759488785035e-09 5.500623033538e-09 
-6.175726278831e-16 -8.069751532390e-14 -1.468123802652e-12 -9.859438531691e-12 -2.748776270630e-11 1.068445490616e-11 3.334783841668e-10 1.210174572775e-09 2.586858568956e-09 4.515882585983e-09 
-9.894437539592e-18 -2.960341207567e-15 -1.088905630938e-13 -1.508339652404e-12 -1.087857932386e-11 -4.352923729771e-11 -7.319609030087e-11 1.613840646483e-10 1.232942987431e-09 3.438514677091e-09 
-4.308543863366e-20 -3.097108540692e-17 -2.336408321605e-15 -6.346372900819e-14 -9.316127392634e-13 -8.714181853338e-12 -5.392168930137e-11 -1.963885440063e-10 -1.343794461769e-10 1.978632887991e-09 
-9.302663827232e-24 -1.810264763455e-20 -3.258615311170e-18 -1.999431458154e-16 -6.563777063352e-15 -1.432115355994e-13 -2.315469515615e-12 -2.862069607310e-11 -2.448646431273e-10 -7.629905830165e-11 
