-1.2585785146385791e-09 1.9366487594360810e-09 2.7661927421544657e-09 3.2601163521628686e-09 3.6135377776650792e-09 3.8941235813923749e-09 4.1344838993129020e-09 4.3557433394224514e-09 4.5802812482758105e-09 4.8877874621779943e-09 
-5.1016353219019902e-09 -1.8941140814565007e-10 1.0865038401444907e-09 1.8665172939277125e-09 2.4256557241837075e-09 2.8639881162382072e-09 3.2369898420160862e-09 3.5799126163634121e-09 3.9278794492639260e-09 4.4044182862116952e-09 
-7.1842766685921438e-09 -1.5592586673800230e-09 -1.4147140898191500e-10 7.4021955720377576e-10 1.4046660775941321e-09 1.9244930763592095e-09 2.3567343650977247e-09 2.7502255696663561e-09 3.1488395986931249e-09 3.6946760882242472e-09 
-8.6294237631650734e-09 -2.5595270249127164e-09 -1.0401875879066002e-09 -1.3560339977050448e-10 5.6579559285471460e-10 1.1453260992797631e-09 1.6265226922986512e-09 2.0547053974343252e-09 2.4841694111214350e-09 3.0714121735366175e-09 
-9.7385547168918593e-09 -3.3612662766289667e-09 -1.7398912881529686e-09 -8.0025733740733981e-10 -1.1393871686936552e-10 4.7358824581879864e-10 9.9419020458888094e-10 1.4590889428087267e-09 1.9138543176523549e-09 2.5299598732790737e-09 
-1.0658103944869777e-08 -4.0503509756274741e-09 -2.3521768629001135e-09 -1.3556038595651145e-09 -6.6218755287878738e-10 -1.0389971371908777e-10 4.1525114847119444e-10 9.1691550550535070e-10 1.4054379724462141e-09 2.0465146747411653e-09 
-1.1470061461549215e-08 -4.6731256319946953e-09 -2.9212232571425476e-09 -1.8789532702737909e-09 -1.1475404376694875e-09 -5.9121149359880279e-10 -1.1152654403478921e-10 3.8376072460671874e-10 9.1887919232672542e-10 1.5965634393967923e-09 
-1.2254944985758379e-08 -5.2787185598927998e-09 -3.4798827519584686e-09 -2.4050607329772957e-09 -1.6376112448673278e-09 -1.0444931463100775e-09 -5.7076454917284907e-10 -1.4243518232329263e-10 3.8889677743371015e-10 1.1476495066526620e-09 
-1.3404654842937371e-08 -6.0728384066807447e-09 -4.1822588336534706e-09 -3.0519826440830787e-09 -2.2406948033303134e-09 -1.5985092503432959e-09 -1.0646586223121991e-09 -6.2805728793307503e-10 -2.2078284049645759e-10 6.0719263097004016e-10 
-1.5901007221488693e-08 -7.6352888926629721e-09 -5.5038842798308166e-09 -4.2296056312831499e-09 -3.3145933333722681e-09 -2.5871324713100622e-09 -1.9644426298261637e-09 -1.3992286680392232e-09 -8.9124146062943896e-10 -2.4953407760270552e-10 
