5.661602639080e-10 1.454126378622e-09 2.003406061997e-09 2.363640137384e-09 2.625038341361e-09 2.832887273192e-09 3.010960016959e-09 3.174883564673e-09 3.341236691509e-09 3.569042746362e-09 
4.729079582978e-11 3.864135573505e-10 9.264274035623e-10 1.442037269050e-09 1.859841638875e-09 2.196360758142e-09 2.483934502526e-09 2.748428886451e-09 3.016820579748e-09 3.384365580552e-09 
2.919701011668e-12 6.093871981113e-11 2.827073403017e-10 6.743864676721e-10 1.113076697690e-09 1.503670250814e-09 1.839800072638e-09 2.147633027706e-09 2.459648758025e-09 2.886897402271e-09 
-1.256441580226e-13 1.101650673127e-12 3.945409339970e-11 2.087468292971e-10 5.340231664459e-10 9.181979125375e-10 1.281428889035e-09 1.616545264739e-09 1.954598185013e-09 2.417009049007e-09 
-5.312185770189e-14 -1.645991993629e-12 -4.479926453148e-12 2.773846585931e-11 1.717031441475e-10 4.500599395463e-10 7.984881495605e-10 1.152018725855e-09 1.509189312986e-09 1.994843054781e-09 
-4.972901873404e-15 -3.107764509999e-13 -2.690084583410e-12 -5.275243236408e-12 2.082781547305e-11 1.389595189180e-10 3.893012159036e-10 7.317604257733e-10 1.106854592532e-09 1.610216861205e-09 
-1.919612998486e-16 -2.462666318393e-14 -4.389806465791e-13 -2.866041759609e-12 -7.544778583330e-12 5.180981148814e-12 9.981467118179e-11 3.466682849164e-10 7.244276686039e-10 1.249724316450e-09 
-2.961341669911e-18 -8.662925516545e-16 -3.121140494827e-14 -4.233150357881e-13 -2.978906128106e-12 -1.150075014587e-11 -1.746078773302e-11 4.989067148129e-11 3.318000887655e-10 8.915260727209e-10 
-1.216405380459e-20 -8.577482149371e-18 -6.359532430795e-16 -1.697077943990e-14 -2.441549494828e-13 -2.226921023788e-12 -1.331397832322e-11 -4.598466857347e-11 -2.284063453719e-11 4.760249615190e-10 
-2.408772013729e-24 -4.610248340771e-21 -8.164641019184e-19 -4.927296328898e-17 -1.590118899574e-15 -3.407038464736e-14 -5.397360932795e-13 -6.504255417204e-12 -5.348236622623e-11 -6.136860913456e-12 
