-5.8961825491380619e-10 7.0889770599751635e-10 1.0463673077525780e-09 1.2473448856669440e-09 1.3910954004320104e-09 1.5051912121774240e-09 1.6029235822709385e-09 1.6928887594868858e-09 1.7841869505650345e-09 1.9092203922966724e-09 
-2.3730085367722386e-09 -1.1330505401776685e-10 4.7314140801936757e-10 8.3219390946468856e-10 1.0897857065413136e-09 1.2915887642191866e-09 1.4632230097945348e-09 1.6209975876263297e-09 1.7810910922120145e-09 2.0003382407627306e-09 
-3.5038023561852296e-09 -7.7045433007088619e-10 -8.2002062057256578e-11 3.4597145823817781e-10 6.6904449273065911e-10 9.2193653070693551e-10 1.1320711128779412e-09 1.3232846871891301e-09 1.5169714928421775e-09 1.7821922794487051e-09 
-4.3204937902912548e-09 -1.2856894340356269e-09 -5.2597813366866774e-10 -7.4068313915064182e-11 2.7631435503377168e-10 5.6616813648986301e-10 8.0690922806132557e-10 1.0210334191316343e-09 1.2357502536532788e-09 1.5293432012989790e-09 
-4.9377613964850930e-09 -1.7056314766418821e-09 -8.8378064916149169e-10 -4.0756277724066042e-10 -5.9940692725423310e-11 2.3773163297018600e-10 5.0167044067247383e-10 7.3734898363443779e-10 9.6783135072053736e-10 1.2800794550039568e-09 
-5.4159972740756189e-09 -2.0579105429658010e-09 -1.1948800006444065e-09 -6.8842275264824741e-10 -3.3609556679432261e-10 -5.2403480519936330e-11 2.1154787954165387e-10 4.6657237274317295e-10 7.1477582207339725e-10 1.0405370710491620e-09 
-5.7853123043074252e-09 -2.3557390117775871e-09 -1.4717736644010402e-09 -9.4589544573546767e-10 -5.7693404680936021e-10 -2.9632668888412228e-10 -5.4133102215201394e-11 1.9615649587545820e-10 4.6611517494391131e-10 8.0781679283824784e-10 
-6.0667875433784985e-09 -2.6113033518036856e-09 -1.7202995922392670e-09 -1.1879240849326514e-09 -8.0784237956333573e-10 -5.1423223490491416e-10 -2.7976579523326958e-10 -6.7151340949182186e-11 1.9681700128276416e-10 5.7202917742986981e-10 
-6.3955162167561781e-09 -2.8949908954234529e-09 -1.9923467558471307e-09 -1.4527048022459189e-09 -1.0653688898255954e-09 -7.5882318182926978e-10 -5.0422280557166868e-10 -2.9629581931667265e-10 -1.0081757577330662e-10 2.9559399627926224e-10 
-6.9211848267277886e-09 -3.3177869007735460e-09 -2.3886119999354815e-09 -1.8330967673403348e-09 -1.4342019628648115e-09 -1.1170713229063297e-09 -8.4564418545320938e-10 -5.9956242162319655e-10 -3.7998244327782640e-10 -9.8998582351544396e-11 
