-3.5241630685791831e-09 8.0585439234051927e-09 1.1062209128126408e-08 1.2851151690387037e-08 1.4131586611275849e-08 1.5148223662903201e-08 1.6019119740601753e-08 1.6820807503037108e-08 1.7634374064342933e-08 1.8748559868396948e-08 
-1.7339081805409986e-08 -6.7961313046041594e-10 3.6452120382368220e-09 6.2899466227686897e-09 8.1874115173338407e-09 9.6747344063033250e-09 1.0939898703524633e-08 1.2102891883648659e-08 1.3282972020561205e-08 1.4899084519167463e-08 
-2.5367558390934174e-08 -5.5955733548590382e-09 -6.1497181190272148e-10 2.4781198330035180e-09 4.8135415245622138e-09 6.6436750654994452e-09 8.1644899361462693e-09 9.5478266836744308e-09 1.0948833072573757e-08 1.2867234486188003e-08 
-3.2178143343044679e-08 -9.6373925880064634e-09 -3.9913121931630423e-09 -6.3717006252332133e-10 1.9582153311557843e-09 4.1092268893369207e-09 5.8998057964246715e-09 7.4918708802010453e-09 9.0869113359366471e-09 1.1267392629355335e-08 
-3.8630671584989291e-08 -1.3421870919257983e-08 -7.0072534672815227e-09 -3.2887179929355115e-09 -5.8399355914134538e-10 1.7271280872754041e-09 3.7846285128546377e-09 5.6273907237878873e-09 7.4273830401717094e-09 9.8629462722893583e-09 
-4.5131274452378033e-08 -1.7229739391698368e-08 -1.0056991091097564e-08 -5.8433843560051177e-09 -2.9130883785558437e-09 -5.6483201580915695e-10 1.6158941116704952e-09 3.7348560265131615e-09 5.8048278165611702e-09 8.5139985036099987e-09 
-5.2114668701381100e-08 -2.1305327575144218e-08 -1.3363882067729670e-08 -8.6372867526180641e-09 -5.3165074683026192e-09 -2.7913835833003656e-09 -6.2823164590471235e-10 1.5994399459603260e-09 4.0313662157553049e-09 7.1134808826997193e-09 
-6.0286190407431281e-08 -2.6028821492946186e-08 -1.7195449248796870e-08 -1.1917073814518402e-08 -8.1462947090109899e-09 -5.2275665831225481e-09 -2.8974148616770326e-09 -8.1259833612710647e-10 1.7783550275779484e-09 5.5238781158330835e-09 
-7.1431753371080454e-08 -3.2407091401321470e-08 -2.2344204383832372e-08 -1.6328127824814356e-08 -1.2009736367783626e-08 -8.5902522848405989e-09 -5.7433340275505145e-09 -3.4114312815135771e-09 -1.2621134443149557e-09 3.1260789173896386e-09 
-9.6694435559638872e-08 -4.6515664284355078e-08 -3.3576525202983996e-08 -2.5840749132379354e-08 -2.0285972950029018e-08 -1.5869730281449761e-08 -1.2089003959585215e-08 -8.6519585406125021e-09 -5.5340741728837339e-09 -1.6721659127795219e-09 
