2.438252330762e-10 6.497555760041e-10 9.100735002578e-10 1.082333964356e-09 1.207515307278e-09 1.307055878562e-09 1.392333641426e-09 1.470835079222e-09 1.550500001144e-09 1.659594282343e-09 
2.303802244147e-11 1.933423507151e-10 4.717531499687e-10 7.419298451026e-10 9.623064206356e-10 1.140021613916e-09 1.291868463139e-09 1.431518568749e-09 1.573225240505e-09 1.767283320520e-09 
1.476632656866e-12 3.174414973170e-11 1.504678165865e-10 3.640802366377e-10 6.060225149735e-10 8.224216548512e-10 1.008760973021e-09 1.179389341987e-09 1.352326230269e-09 1.589130455349e-09 
-7.419229918921e-14 4.608354613975e-13 2.122710701866e-11 1.154994356268e-10 2.991666767470e-10 5.175978965874e-10 7.246671756243e-10 9.157997130275e-10 1.108582181618e-09 1.372273546179e-09 
-3.002091242660e-14 -9.443184514657e-13 -2.672738446067e-12 1.544234823899e-11 9.779972038692e-11 2.581714425790e-10 4.598576084758e-10 6.648724432698e-10 8.719804999342e-10 1.153565978576e-09 
-2.840463751898e-15 -1.788594108375e-13 -1.559254915259e-12 -3.117013117995e-12 1.183161707281e-11 8.039872173994e-11 2.266573461164e-10 4.270651373428e-10 6.464835021000e-10 9.409160765829e-10 
-1.107684144520e-16 -1.428951121634e-14 -2.560971192072e-13 -1.681710201443e-12 -4.455904053587e-12 2.993132045123e-12 5.862120147736e-11 2.033378141216e-10 4.244031503119e-10 7.316443297361e-10 
-1.727265072138e-18 -5.075105832604e-16 -1.831742007176e-14 -2.483579296493e-13 -1.744019574111e-12 -6.708512981123e-12 -1.011002567569e-11 2.939833051095e-11 1.941418416328e-10 5.194939241852e-10 
-7.138565217082e-21 -5.025800645710e-18 -3.719470653164e-16 -9.911081266975e-15 -1.424244481276e-13 -1.297249826731e-12 -7.729150942260e-12 -2.637988375515e-11 -1.137223440508e-11 2.738616920660e-10 
-1.404412412614e-24 -2.685413184077e-21 -4.748610970362e-19 -2.858702344977e-17 -9.190339789050e-16 -1.957924517059e-14 -3.075566540540e-13 -3.661539265378e-12 -2.962830291374e-11 -1.137278534456e-12 
