-4.7462318039649755e-09 1.0732004858479182e-08 1.4746454265374732e-08 1.7137703428612051e-08 1.8849109196828550e-08 2.0207825076318984e-08 2.1371735491897671e-08 2.2443149579936906e-08 2.3530438921885941e-08 2.5019490194956986e-08 
-2.4120702488001574e-08 -1.0586484729731027e-09 4.9255706956839595e-09 8.5875030310568659e-09 1.1216111054637786e-08 1.3275908698295356e-08 1.5027544247904690e-08 1.6637599064598982e-08 1.8271294751571887e-08 2.0508630097145173e-08 
-3.6231754122070687e-08 -8.0570368003103606e-09 -9.6250981936255853e-10 3.4418638534316327e-09 6.7703273919637391e-09 9.3800419544498342e-09 1.1548072056866121e-08 1.3519403422026600e-08 1.5515736314898256e-08 1.8249301004839328e-08 
-4.6928533897724219e-08 -1.4099690694333215e-08 -5.8747812683373760e-09 -9.9214184086780922e-10 2.7829612056827652e-09 5.9156618403045403e-09 8.5255794736537132e-09 1.0845002879689908e-08 1.3168071111150051e-08 1.6343640433807499e-08 
-5.7255243323164570e-08 -1.9918864845050563e-08 -1.0416203304894720e-08 -4.9079674377212553e-09 -9.0603585641344740e-10 2.5146678516981829e-09 5.5630363834784660e-09 8.2932147142912879e-09 1.0959574846136401e-08 1.4566874339667835e-08 
-6.7490599374668699e-08 -2.5779030204439930e-08 -1.5055652844798770e-08 -8.7558027537359860e-09 -4.3751450958298610e-09 -8.6509551310555065e-10 2.3933011393636319e-09 5.5599154255720985e-09 8.6558420335024170e-09 1.2706580815940098e-08 
-7.8761951592871879e-08 -3.2220045948920268e-08 -2.0223294969436212e-08 -1.3082671877954803e-08 -8.0646872282565122e-09 -4.2482979177542226e-09 -9.8333977760088722e-10 2.3754049392070816e-09 6.0508514908939273e-09 1.0710442480280731e-08 
-9.2627899489716987e-08 -4.0010770901740978e-08 -2.6443267103957313e-08 -1.8335909232057944e-08 -1.2543538760145485e-08 -8.0584991380343489e-09 -4.4783986796026759e-09 -1.2831008047039163e-09 2.6914226569058797e-09 8.4516692055804770e-09 
-1.1018748912860123e-07 -4.9979162865870317e-08 -3.4453862930281007e-08 -2.5172091105887990e-08 -1.8509529582695273e-08 -1.3233741635355235e-08 -8.8417222777342085e-09 -5.2483281425689779e-09 -1.9346875784146232e-09 4.8519211157149087e-09 
-1.4593125581444104e-07 -7.0217788474233854e-08 -5.0694251404114808e-08 -3.9021936131608852e-08 -3.0640476436188002e-08 -2.3976930987587005e-08 -1.8272455242449287e-08 -1.3088074112603529e-08 -8.3880889136871134e-09 -2.5302976036287267e-09 
