-1.5059896063132252e-09 2.5136098911594683e-09 3.5568577861444383e-09 4.1780217746661128e-09 4.6225332695507607e-09 4.9754555712276543e-09 5.2777857241813353e-09 5.5560907319888811e-09 5.8385194833203522e-09 6.2253076643138203e-09 
-6.2134190869775512e-09 -2.1862446721349166e-10 1.3386554013904736e-09 2.2904277153100688e-09 2.9726339187375511e-09 3.5075073998877657e-09 3.9626926329523842e-09 4.3811765734668887e-09 4.8058162941528004e-09 5.3873582794743748e-09 
-8.6977409004307622e-09 -1.8855457770241671e-09 -1.6837718063598895e-10 8.9943903502635645e-10 1.7040134030646877e-09 2.3334972223036946e-09 2.8569627320715043e-09 3.3335050730688129e-09 3.8162490656912862e-09 4.4772870512019206e-09 
-1.0444816650647307e-08 -3.0987744838243998e-09 -1.2599209672071584e-09 -1.6513706397072284e-10 6.8358317818411163e-10 1.3848772627856838e-09 1.9672781983867998e-09 2.4855215103038820e-09 3.0052854489468848e-09 3.7159900737510960e-09 
-1.1827015761725424e-08 -4.0840774248078425e-09 -2.1153840609616037e-09 -9.7440896901681448e-10 -1.4126315247016263e-10 5.7179471755606260e-10 1.2038236833453903e-09 1.7684004103797842e-09 2.3206208728253381e-09 3.0686678300480430e-09 
-1.3022066623332281e-08 -4.9511582515317987e-09 -2.8769001468327369e-09 -1.6594910369721200e-09 -8.1242898470579272e-10 -1.3077921122998610e-10 5.0293087480776975e-10 1.1156826704998472e-09 1.7126165197603522e-09 2.4957226643603651e-09 
-1.4133858490360873e-08 -5.7609801571943932e-09 -3.6028682165053219e-09 -2.3188628058455965e-09 -1.4176723306652087e-09 -7.3222975703264499e-10 -1.4171188962710066e-10 4.6780992845331811e-10 1.1271843837663573e-09 1.9623767902697394e-09 
-1.5278011657990837e-08 -6.5834891987937562e-09 -4.3415856753900752e-09 -3.0020133318989910e-09 -2.0454539076409434e-09 -1.3060023074426475e-09 -7.1538103232965721e-10 -1.8221528721209916e-10 4.7901475499839824e-10 1.4254931123788331e-09 
-1.6999032673143405e-08 -7.7038978157053023e-09 -5.3070575704480860e-09 -3.8741145129843622e-09 -2.8455698461222220e-09 -2.0313465070054358e-09 -1.3542179200715382e-09 -8.0015578615612532e-10 -2.8504586469916697e-10 7.6360015698632452e-10 
-2.0777457968917406e-08 -9.9814804144189338e-09 -7.1976210772795995e-09 -5.5332667355574584e-09 -4.3381554277056929e-09 -3.3880058907414295e-09 -2.5746726141892881e-09 -1.8361530755878010e-09 -1.1710823200763327e-09 -3.3412935751402303e-10 
