5.9314672254088755e-08 1.4944006532438009e-08 3.0558884689262760e-09 4.0877875053987982e-10 3.8152345180217919e-11 2.3112383409890652e-12 7.8073455770734767e-14 1.1095697029315356e-15 3.6132741607126780e-18 4.2244546015415294e-22 
1.4944006532438009e-08 6.5395683162252986e-08 2.2155517762509715e-08 6.8612845162477329e-09 1.3171239496589347e-09 1.5828559336093996e-10 1.0747806172690875e-11 3.2067617685569929e-13 2.3630311820813774e-15 7.3055638308055407e-19 
3.0558884689262760e-09 2.2155517762509715e-08 6.1395613405256523e-08 2.1989888817702474e-08 8.1053967946721127e-09 1.7556134670368389e-09 2.1051049116163361e-10 1.1354498703956824e-11 1.6287454225411552e-13 1.1705488874960205e-16 
4.0877875053987982e-10 6.8612845162477329e-09 2.1989888817702474e-08 5.7219060313888742e-08 2.0004975323701421e-08 7.7402112840861664e-09 1.6151146149945702e-09 1.5215358529015325e-10 4.0270626969842945e-12 6.3756666044600882e-15 
3.8152345180217919e-11 1.3171239496589347e-09 8.1053967946721127e-09 2.0004975323701421e-08 5.3391459844536995e-08 1.7444961686964783e-08 6.4481846723726078e-09 1.0813556328533906e-09 5.3198205320813889e-11 1.8477356738827645e-13 
2.3112383409890652e-12 1.5828559336093996e-10 1.7556134670368389e-09 7.7402112840861664e-09 1.7444961686964783e-08 4.9947725756786417e-08 1.4617503815137061e-08 4.5606546455910547e-09 4.3918239095499540e-10 3.5192872636840376e-12 
7.8073455770734767e-14 1.0747806172690875e-11 2.1051049116163361e-10 1.6151146149945702e-09 6.4481846723726078e-09 1.4617503815137061e-08 4.6714418094782820e-08 1.1437130440289677e-08 2.3520692316251103e-09 4.8592373076910384e-11 
1.1095697029315356e-15 3.2067617685569929e-13 1.1354498703956824e-11 1.5215358529015325e-10 1.0813556328533906e-09 4.5606546455910547e-09 1.1437130440289677e-08 4.3473800657654153e-08 7.6796732060169647e-09 4.9440636784199757e-10 
3.6132741607126780e-18 2.3630311820813774e-15 1.6287454225411552e-13 4.0270626969842945e-12 5.3198205320813889e-11 4.3918239095499540e-10 2.3520692316251103e-09 7.6796732060169647e-09 4.0056577030180929e-08 3.3756516901123194e-09 
4.2244546015415294e-22 7.3055638308055407e-19 1.1705488874960205e-16 6.3756666044600882e-15 1.8477356738827645e-13 3.5192872636840376e-12 4.8592373076910384e-11 4.9440636784199757e-10 3.3756516901123194e-09 3.4708324069797162e-08 
