1.2819674263212635e-06 5.1230315655768984e-07 1.0314802405315318e-07 1.3979933961215786e-08 1.3197953371591827e-09 8.2026787891626164e-11 2.9438827604876915e-12 4.5475656340554697e-14 1.5996661539168283e-16 2.0016714971569878e-20 
5.1230315655768984e-07 1.2831642971521394e-06 7.5472600194355059e-07 2.3650781555053346e-07 4.6177193382429197e-08 5.7975248188166259e-09 4.2232720773086249e-10 1.3583744808830533e-11 1.0645925127012266e-13 3.5028185295401106e-17 
1.0314802405315318e-07 7.5472600194355059e-07 1.1705242426675540e-06 7.6586634504476722e-07 2.9086073404156270e-07 6.6600327854994709e-08 8.5610934662575622e-09 4.9264561044351019e-10 7.4383290305565225e-12 5.6820158016524206e-15 
1.3979933961215786e-08 2.3650781555053346e-07 7.6586634504476722e-07 1.0627292922344593e-06 7.4502017475733341e-07 3.0565719511283965e-07 6.7813767777080324e-08 6.7348142564964523e-09 1.8621107793266976e-10 3.1375605448707714e-13 
1.3197953371591827e-09 4.6177193382429197e-08 2.9086073404156270e-07 7.4502017475733341e-07 1.0129040441795781e-06 7.1895044845925814e-07 2.7905103197127699e-07 4.8754792370499525e-08 2.4922651861169272e-09 9.2393719170985708e-12 
8.2026787891626164e-11 5.7975248188166259e-09 6.6600327854994709e-08 3.0565719511283965e-07 7.1895044845925814e-07 9.6158020801368215e-07 6.5036410175461991e-07 2.0943301975216490e-07 2.0903686575867845e-08 1.7949989330766604e-10 
2.9438827604876915e-12 4.2232720773086249e-10 8.5610934662575622e-09 6.7813767777080324e-08 2.7905103197127699e-07 6.5036410175461991e-07 8.7292176164857492e-07 5.3605271416793925e-07 1.1443336434004537e-07 2.5465143049104426e-09 
4.5475656340554697e-14 1.3583744808830533e-11 4.9264561044351019e-10 6.7348142564964523e-09 4.8754792370499525e-08 2.0943301975216490e-07 5.3605271416793925e-07 7.6366789633077251e-07 3.8665521072981988e-07 2.7025584232988505e-08 
1.5996661539168283e-16 1.0645925127012266e-13 7.4383290305565225e-12 1.8621107793266976e-10 2.4922651861169272e-09 2.0903686575867845e-08 1.1443336434004537e-07 3.8665521072981988e-07 6.6168591481338170e-07 1.9856350977416789e-07 
2.0016714971569878e-20 3.5028185295401106e-17 5.6820158016524206e-15 3.1375605448707714e-13 9.2393719170985708e-12 1.7949989330766604e-10 2.5465143049104426e-09 2.7025584232988505e-08 1.9856350977416789e-07 4.6372207440924781e-07 
