2.6961996246766152e-07 9.1260712086051599e-08 1.6838134452095764e-08 2.1082413430780093e-09 1.8853664416137071e-10 1.1124138348707709e-11 3.7096394450502644e-13 5.2764350473414349e-15 1.7511270209962793e-17 2.1645890659169590e-21 
9.1260712086051599e-08 2.3642697319313766e-07 1.1605244207442663e-07 3.4330720357840551e-08 6.3944985043500677e-09 7.5525486272246862e-10 5.1006086578068324e-11 1.5326423282851025e-12 1.1565568784517705e-14 3.7892112080642453e-18 
1.6838134452095764e-08 1.1605244207442663e-07 1.9521392325017462e-07 1.0748878074773555e-07 3.8875679001244494e-08 8.3415185435077612e-09 1.0006914775681605e-09 5.4615404237291969e-11 8.0532224828913425e-13 6.1462913953382191e-16 
2.1082413430780093e-09 3.4330720357840551e-08 1.0748878074773555e-07 1.6766346033182504e-07 9.5206618265588376e-08 3.6739156667824736e-08 7.7085211847900537e-09 7.3770152660711610e-10 2.0133681292542387e-11 3.3916169005942096e-14 
1.8853664416137071e-10 6.3944985043500677e-09 3.8875679001244494e-08 9.5206618265588376e-08 1.4773440463698490e-07 8.3030461318696028e-08 3.0992538054016585e-08 5.2975834466739465e-09 2.6942422692345449e-10 9.9713452627017178e-13 
1.1124138348707709e-11 7.5525486272246862e-10 8.3415185435077612e-09 3.6739156667824736e-08 8.3030461318696028e-08 1.3245991577319602e-07 7.1044793370646400e-08 2.2660478855349808e-08 2.2606143467337399e-09 1.9312613340963401e-11 
3.7096394450502644e-13 5.1006086578068324e-11 1.0006914775681605e-09 7.7085211847900537e-09 3.0992538054016585e-08 7.1044793370646400e-08 1.1968682556445313e-07 5.7951842177790824e-08 1.2373900149394756e-08 2.7243780253777586e-10 
5.2764350473414349e-15 1.5326423282851025e-12 5.4615404237291969e-11 7.3770152660711610e-10 5.2975834466739465e-09 2.2660478855349808e-08 5.7951842177790824e-08 1.0775458287183441e-07 4.1674852466998043e-08 2.8602558558930284e-09 
1.7511270209962793e-17 1.1565568784517705e-14 8.0532224828913425e-13 2.0133681292542387e-11 2.6942422692345449e-10 2.2606143467337399e-09 1.2373900149394756e-08 4.1674852466998043e-08 9.5628159147502564e-08 2.0584582717134358e-08 
2.1645890659169590e-21 3.7892112080642453e-18 6.1462913953382191e-16 3.3916169005942096e-14 9.9713452627017178e-13 1.9312613340963401e-11 2.7243780253777586e-10 2.8602558558930284e-09 2.0584582717134358e-08 7.1749885738408870e-08 
