2.3597541593963728e-07 7.9890276679781585e-08 1.4778040496220448e-08 1.8492823707203172e-09 1.6501023640171943e-10 9.7024472259198549e-12 3.2199194263146959e-13 4.5504184210201516e-15 1.4977874063085510e-17 1.8288910113042736e-21 
7.9890276679781585e-08 2.1091585208124152e-07 1.0183121717411388e-07 3.0072766045218621e-08 5.5851580730973849e-09 6.5700546710117343e-10 4.4136560385825201e-11 1.3177340848718552e-12 9.8654234390332907e-15 3.1948698637329024e-18 
1.4778040496220448e-08 1.0183121717411388e-07 1.7455031782045376e-07 9.3969068368004629e-08 3.3875260011451754e-08 7.2371782901571358e-09 8.6353884359257423e-10 4.6833717012726615e-11 6.8526090637592176e-13 5.1718883578991230e-16 
1.8492823707203172e-09 3.0072766045218621e-08 9.3969068368004629e-08 1.4979347592683086e-07 8.2715515685486094e-08 3.1778694884503009e-08 6.6331038114369852e-09 6.3094380491512846e-10 1.7091138432878158e-11 2.8481778432447866e-14 
1.6501023640171943e-10 5.5851580730973849e-09 3.3875260011451754e-08 8.2715515685486094e-08 1.3167533074138650e-07 7.1569384488017993e-08 2.6584478678642776e-08 4.5179834736283199e-09 2.2813112196962389e-10 8.3561781361114719e-13 
9.7024472259198549e-12 6.5700546710117343e-10 7.2371782901571358e-09 3.1778694884503009e-08 7.1569384488017993e-08 1.1771425725125956e-07 6.0718835298640444e-08 1.9261664580092687e-08 1.9085681588020558e-09 1.6148085420851375e-11 
3.2199194263146959e-13 4.4136560385825201e-11 8.6353884359257423e-10 6.6331038114369852e-09 2.6584478678642776e-08 6.0718835298640444e-08 1.0605678807850548e-07 4.9065460691120146e-08 1.0409440976336049e-08 2.2721062051841542e-10 
4.5504184210201516e-15 1.3177340848718552e-12 4.6833717012726615e-11 6.3094380491512846e-10 4.5179834736283199e-09 1.9261664580092687e-08 4.9065460691120146e-08 9.5229490068444645e-08 3.4899430647089078e-08 2.3774376504782358e-09 
1.4977874063085510e-17 9.8654234390332907e-15 6.8526090637592176e-13 1.7091138432878158e-11 2.2813112196962389e-10 1.9085681588020558e-09 1.0409440976336049e-08 3.4899430647089078e-08 8.4348172838956750e-08 1.7015502008407386e-08 
1.8288910113042736e-21 3.1948698637329024e-18 5.1718883578991230e-16 2.8481778432447866e-14 8.3561781361114719e-13 1.6148085420851375e-11 2.2721062051841542e-10 2.3774376504782358e-09 1.7015502008407386e-08 6.3903708421548062e-08 
