6.5164233650160903e-08 1.7496763559668895e-08 3.5442561802620010e-09 4.7039854909717972e-10 4.3618142338627245e-11 2.6276466517584964e-12 8.8327935053680281e-14 1.2497819742320376e-15 4.0531978322826722e-18 4.7226137006001653e-22 
1.7496763559668895e-08 7.1409292534183103e-08 2.5546294901903375e-08 7.8603941908930050e-09 1.5004864192827401e-09 1.7943824783003214e-10 1.2132031345378811e-11 3.6058957939114487e-13 2.6480789372521565e-15 8.1642651930657805e-19 
3.5442561802620010e-09 2.5546294901903375e-08 6.6262828645037679e-08 2.5087627381747379e-08 9.2050440517943735e-09 1.9856020572634375e-09 2.3720610087085192e-10 1.2751313789925419e-11 1.8238308224174367e-13 1.3077981635993996e-16 
4.7039854909717972e-10 7.8603941908930050e-09 2.5087627381747379e-08 6.1176789627306825e-08 2.2651361493012607e-08 8.7348519292010746e-09 1.8169722827347743e-09 1.7068036115827069e-10 4.5065349917460306e-12 7.1218771487364706e-15 
4.3618142338627245e-11 1.5004864192827401e-09 9.2050440517943735e-09 2.2651361493012607e-08 5.6642695976675434e-08 1.9643954588511016e-08 7.2424527815156831e-09 1.2117518756220322e-09 5.9497715600261829e-11 2.0637575543852963e-13 
2.6276466517584964e-12 1.7943824783003214e-10 1.9856020572634375e-09 8.7348519292010746e-09 1.9643954588511016e-08 5.2636571911572122e-08 1.6392560949793266e-08 5.1054591478888308e-09 4.9092012519810204e-10 3.9306578160852917e-12 
8.8327935053680281e-14 1.2132031345378811e-11 2.3720610087085192e-10 1.8169722827347743e-09 7.2424527815156831e-09 1.6392560949793266e-08 4.8932233379904536e-08 1.2791219104263677e-08 2.6278668230948432e-09 5.4280013629607050e-11 
1.2497819742320376e-15 3.6058957939114487e-13 1.2751313789925419e-11 1.7068036115827069e-10 1.2117518756220322e-09 5.1054591478888308e-09 1.2791219104263677e-08 4.5267251813195716e-08 8.5776726653132669e-09 5.5254011895737105e-10 
4.0531978322826722e-18 2.6480789372521565e-15 1.8238308224174367e-13 4.5065349917460306e-12 5.9497715600261829e-11 4.9092012519810204e-10 2.6278668230948432e-09 8.5776726653132669e-09 4.1446762838923385e-08 3.7773206270632429e-09 
4.7226137006001653e-22 8.1642651930657805e-19 1.3077981635993996e-16 7.1218771487364706e-15 2.0637575543852963e-13 3.9306578160852917e-12 5.4280013629607050e-11 5.5254011895737105e-10 3.7773206270632429e-09 3.5507752409529130e-08 
