8.0311428322431854e-08 2.3859482820559862e-08 4.7370239921594030e-09 6.1884783935440206e-10 5.6667811577361126e-11 3.3789094855444532e-12 1.1260109960685838e-13 1.5814461058808464e-15 5.0973138150926816e-18 5.9172630276735229e-22 
2.3859482820559862e-08 8.6144753804894619e-08 3.3741572214453887e-08 1.0252110871020920e-08 1.9366420790214819e-09 2.2956444133011199e-10 1.5406281147514605e-11 4.5508257222393631e-13 3.3257471309280181e-15 1.0229057359118179e-18 
4.7370239921594030e-09 3.3741572214453887e-08 7.7928078606051253e-08 3.2466579762670117e-08 1.1813998469741078e-08 2.5299634607978003e-09 3.0035312693167530e-10 1.6062045780899481e-11 2.2884311647664958e-13 1.6387307084037905e-16 
6.1884783935440206e-10 1.0252110871020920e-08 3.2466579762670117e-08 7.0571041934003174e-08 2.8918401561558244e-08 1.1087548876934494e-08 2.2947442198997565e-09 2.1465416273084407e-10 5.6507048139672848e-12 8.9263638971337033e-15 
5.6667811577361126e-11 1.9366420790214819e-09 1.1813998469741078e-08 2.8918401561558244e-08 6.4333661352615991e-08 2.4846335088332987e-08 9.1247638577108278e-09 1.5218023766079773e-09 7.4568295862608757e-11 2.5877752258565929e-13 
3.3789094855444532e-12 2.2956444133011199e-10 2.5299634607978003e-09 1.1087548876934494e-08 2.4846335088332987e-08 5.9006046189489060e-08 2.0607500548914902e-08 6.4040636910192011e-09 6.1511813023125218e-10 4.9320358376879829e-12 
1.1260109960685838e-13 1.5406281147514605e-11 3.0035312693167530e-10 2.2947442198997565e-09 9.1247638577108278e-09 2.0607500548914902e-08 5.4213670028226743e-08 1.6030987556998459e-08 3.2931284643849708e-09 6.8183880436792614e-11 
1.5814461058808464e-15 4.5508257222393631e-13 1.6062045780899481e-11 2.1465416273084407e-10 1.5218023766079773e-09 6.4040636910192011e-09 1.6030987556998459e-08 4.9584017788483487e-08 1.0758427513319046e-08 6.9548990515505535e-10 
5.0973138150926816e-18 3.3257471309280181e-15 2.2884311647664958e-13 5.6507048139672848e-12 7.4568295862608757e-11 6.1511813023125218e-10 3.2931284643849708e-09 1.0758427513319046e-08 4.4854376527785488e-08 4.7748192870620242e-09 
5.9172630276735229e-22 1.0229057359118179e-18 1.6387307084037905e-16 8.9263638971337033e-15 2.5877752258565929e-13 4.9320358376879829e-12 6.8183880436792614e-11 6.9548990515505535e-10 4.7748192870620242e-09 3.7529762038978540e-08 
