2.2265623361359371e-07 7.5437328271647477e-08 1.3980802882627238e-08 1.7500555018030865e-09 1.5606665779009507e-10 9.1653863998947283e-12 3.0358773354807872e-13 4.2762449771168934e-15 1.4008440004500743e-17 1.7007661322366056e-21 
7.5437328271647477e-08 2.0102228059827834e-07 9.6368457705455503e-08 2.8450084401812476e-08 5.2787273011074447e-09 6.2001154064859206e-10 4.1553485397659935e-11 1.2360749309401498e-12 9.2145168146029390e-15 2.9681240788391216e-18 
1.3980802882627238e-08 9.6368457705455503e-08 1.6666697425200371e-07 8.8841914388782142e-08 3.1988634712753733e-08 6.8220821145356060e-09 8.1178559046693957e-10 4.3864050305629093e-11 6.3932590471180123e-13 4.8003212712770296e-16 
1.7500555018030865e-09 2.8450084401812476e-08 8.8841914388782142e-08 1.4304621381188574e-07 7.8017343265142280e-08 2.9912643872200923e-08 6.2251677294868919e-09 5.9010463326279925e-10 1.5928173730736302e-11 2.6410934355836175e-14 
1.5606665779009507e-10 5.2787273011074447e-09 3.1988634712753733e-08 7.8017343265142280e-08 1.2563798534954689e-07 6.7236392946299690e-08 2.4903042014917827e-08 4.2195693109204632e-09 2.1236149119347097e-10 7.7412697290128055e-13 
9.1653863998947283e-12 6.2001154064859206e-10 6.8220821145356060e-09 2.9912643872200923e-08 6.7236392946299690e-08 1.1209727334089938e-07 5.6767109420379083e-08 1.7961836450261995e-08 1.7742262395413862e-09 1.4944403080558458e-11 
3.0358773354807872e-13 4.1553485397659935e-11 8.1178559046693957e-10 6.2251677294868919e-09 2.4903042014917827e-08 5.6767109420379083e-08 1.0084197559061989e-07 4.5671860591341588e-08 9.6604807433398349e-09 2.1000855665988827e-10 
4.2762449771168934e-15 1.2360749309401498e-12 4.3864050305629093e-11 5.9010463326279925e-10 4.2195693109204632e-09 1.7961836450261995e-08 4.5671860591341588e-08 9.0452054455270103e-08 3.2320629991210567e-08 2.1933194341642032e-09 
1.4008440004500743e-17 9.2145168146029390e-15 6.3932590471180123e-13 1.5928173730736302e-11 2.1236149119347097e-10 1.7742262395413862e-09 9.6604807433398349e-09 3.2320629991210567e-08 8.0051512990278392e-08 1.5651194012728551e-08 
1.7007661322366056e-21 2.9681240788391216e-18 4.8003212712770296e-16 2.6410934355836175e-14 7.7412697290128055e-13 1.4944403080558458e-11 2.1000855665988827e-10 2.1933194341642032e-09 1.5651194012728551e-08 6.0923253260808419e-08 
