6.093326055756e-08 1.563064063496e-08 3.185251380487e-09 4.248206352834e-10 3.958180568356e-11 2.391974462508e-12 8.071936773764e-14 1.146129225387e-15 3.721656961085e-18 4.356218737856e-22 
1.563064063496e-08 6.699280462399e-08 2.304177203826e-08 7.121812987818e-09 1.364527923354e-09 1.636707501904e-10 1.111172408866e-11 3.307363662674e-13 2.435263629092e-15 7.526390650896e-19 
3.185251380487e-09 2.304177203826e-08 6.266329282938e-08 2.279640773759e-08 8.385317602220e-09 1.815122590798e-09 2.174813944306e-10 1.169938059803e-11 1.679783372760e-13 1.204735446588e-16 
4.248206352834e-10 7.121812987818e-09 2.279640773759e-08 5.822853876606e-08 2.068269853381e-08 8.001564478370e-09 1.666509293700e-09 1.567403278195e-10 4.155108478644e-12 6.556496306088e-15 
3.958180568356e-11 1.364527923354e-09 8.385317602220e-09 2.068269853381e-08 5.424467179155e-08 1.801477675305e-08 6.644724111240e-09 1.114503207046e-09 5.488407787920e-11 1.899376151111e-13 
2.391974462508e-12 1.636707501904e-10 1.815122590798e-09 8.001564478370e-09 1.801477675305e-08 5.061671871796e-08 1.505876925262e-08 4.704534006619e-09 4.527145619903e-10 3.618569844640e-12 
8.071936773764e-14 1.111172408866e-11 2.174813944306e-10 1.666509293700e-09 6.644724111240e-09 1.505876925262e-08 4.729353112941e-08 1.179926229712e-08 2.420770558216e-09 5.002273153663e-11 
1.146129225387e-15 3.307363662674e-13 1.169938059803e-11 1.567403278195e-10 1.114503207046e-09 4.704534006619e-09 1.179926229712e-08 4.392970177557e-08 7.896265185188e-09 5.100693032361e-10 
3.721656961085e-18 2.435263629092e-15 1.679783372760e-13 4.155108478644e-12 5.488407787920e-11 4.527145619903e-10 2.420770558216e-09 7.896265185188e-09 4.041843953937e-08 3.487406165927e-09 
4.356218737856e-22 7.526390650896e-19 1.204735446588e-16 6.556496306088e-15 1.899376151111e-13 3.618569844640e-12 5.002273153663e-11 5.100693032361e-10 3.487406165927e-09 3.491216666608e-08 
