7.700482643529e-08 2.246520831423e-08 4.475473777301e-09 5.862170879766e-10 5.381424136925e-11 3.212598522069e-12 1.073186456231e-13 1.508724792544e-15 4.865382290310e-18 5.655360466904e-22 
2.246520831423e-08 8.291433703678e-08 3.193979668505e-08 9.728513520079e-09 1.840600282128e-09 2.185346819215e-10 1.469762319259e-11 4.339830493938e-13 3.178362120738e-15 9.767028776817e-19 
4.475473777301e-09 3.193979668505e-08 7.537224082399e-08 3.084783925464e-08 1.123718853409e-08 2.411541327042e-09 2.865461175850e-10 1.532038254154e-11 2.188935932835e-13 1.563492456953e-16 
5.862170879766e-10 9.728513520079e-09 3.084783925464e-08 6.849308042994e-08 2.754684655943e-08 1.057779237185e-08 2.188621385661e-09 2.049045892827e-10 5.406522053389e-12 8.513047892873e-15 
5.381424136925e-11 1.840600282128e-09 1.123718853409e-08 2.754684655943e-08 6.266916706940e-08 2.370185098315e-08 8.703121832196e-09 1.454395047018e-09 7.131878494083e-11 2.468234291561e-13 
3.212598522069e-12 2.185346819215e-10 2.411541327042e-09 1.057779237185e-08 2.370185098315e-08 5.757914869450e-08 1.967721278053e-08 6.126440873154e-09 5.877046725406e-10 4.707541376817e-12 
1.073186456231e-13 1.469762319259e-11 2.865461175850e-10 2.188621385661e-09 8.703121832196e-09 1.967721278053e-08 5.308096528497e-08 1.533170837633e-08 3.142300783506e-09 6.516254135718e-11 
1.508724792544e-15 4.339830493938e-13 1.532038254154e-11 2.049045892827e-10 1.454395047018e-09 6.126440873154e-09 1.533170837633e-08 4.861389781678e-08 1.026509614135e-08 6.654705727429e-10 
4.865382290310e-18 3.178362120738e-15 2.188935932835e-13 5.406522053389e-12 7.131878494083e-11 5.877046725406e-10 3.142300783506e-09 1.026509614135e-08 4.412575847901e-08 4.561945577151e-09 
5.655360466904e-22 9.767028776817e-19 1.563492456953e-16 8.513047892873e-15 2.468234291561e-13 4.707541376817e-12 6.516254135718e-11 6.654705727429e-10 4.561945577151e-09 3.707240960024e-08 
