2.714445128906e-07 9.189208113921e-08 1.696101697287e-08 2.124912049616e-09 1.900692668542e-10 1.122843043867e-11 3.742297495808e-13 5.296188893346e-15 1.751770358146e-17 2.163912990806e-21 
9.189208113921e-08 2.379290340359e-07 1.169508373522e-07 3.460828895305e-08 6.450607326224e-09 7.624659679347e-10 5.133466952454e-11 1.535670359252e-12 1.156562718657e-14 3.787988027478e-18 
1.696101697287e-08 1.169508373522e-07 1.965608515227e-07 1.083947553329e-07 3.924545031678e-08 8.411705839908e-09 1.004965807191e-09 5.467035199077e-11 8.051883654045e-13 6.144252175928e-16 
2.124912049616e-09 3.460828895305e-08 1.083947553329e-07 1.689749563132e-07 9.608067668189e-08 3.696482312580e-08 7.727380721733e-09 7.379966816185e-10 2.012863443687e-11 3.390460143132e-14 
1.900692668542e-10 6.450607326224e-09 3.924545031678e-08 9.608067668189e-08 1.485437875439e-07 8.331756113205e-08 3.102669140830e-08 5.297645034595e-09 2.693452428228e-10 9.967844467994e-13 
1.122843043867e-11 7.624659679347e-10 8.411705839908e-09 3.696482312580e-08 8.331756113205e-08 1.326066406427e-07 7.106386440551e-08 2.265582793204e-08 2.259900571504e-09 1.930562242320e-11 
3.742297495808e-13 5.133466952454e-11 1.004965807191e-09 7.727380721733e-09 3.102669140830e-08 7.106386440551e-08 1.196728505420e-07 5.793483137300e-08 1.236977790025e-08 2.723359459179e-10 
5.296188893346e-15 1.535670359252e-12 5.467035199077e-11 7.379966816185e-10 5.297645034595e-09 2.265582793204e-08 5.793483137300e-08 1.077286611949e-07 4.166007561107e-08 2.859148636543e-09 
1.751770358146e-17 1.156562718657e-14 8.051883654045e-13 2.012863443687e-11 2.693452428228e-10 2.259900571504e-09 1.236977790025e-08 4.166007561107e-08 9.560255011626e-08 2.057617466170e-08 
2.163912990806e-21 3.787988027478e-18 6.144252175928e-16 3.390460143132e-14 9.967844467994e-13 1.930562242320e-11 2.723359459179e-10 2.859148636543e-09 2.057617466170e-08 7.173047591154e-08 
