7.1194107250864636e-08 2.0083024898393627e-08 4.0347022550674512e-09 5.3194677104870257e-10 4.9060541302072807e-11 2.9422893049875501e-12 9.8511559240282568e-14 1.3881471035777879e-15 4.4846501542869545e-18 5.2131349204699295e-22 
2.0083024898393627e-08 7.7456845940103813e-08 2.8937237552716291e-08 8.8561116405402252e-09 1.6828857203280986e-09 2.0046213971779138e-10 1.3503233841918805e-11 3.9984412123671408e-13 2.9276669183724327e-15 9.0112377048253105e-19 
4.0347022550674512e-09 2.8937237552716291e-08 7.1115486792047686e-08 2.8170105420455357e-08 1.0298371195030687e-08 2.2139100100381323e-09 2.6356985259192062e-10 1.4122508653220252e-11 2.0152813475313209e-13 1.4434285380023796e-16 
5.3194677104870257e-10 8.8561116405402252e-09 2.8170105420455357e-08 6.5112131968990478e-08 2.5280407241687305e-08 9.7197337108653613e-09 2.0156848460098670e-09 1.8885297358189685e-10 4.9774548903463034e-12 7.8607982562998012e-15 
4.9060541302072807e-11 1.6828857203280986e-09 1.0298371195030687e-08 2.5280407241687305e-08 5.9864541277044376e-08 2.1812751628242128e-08 8.0222969624318101e-09 1.3396617916343269e-09 6.5692495801608072e-11 2.2781294087600478e-13 
2.9422893049875501e-12 2.0046213971779138e-10 2.2139100100381323e-09 9.7197337108653613e-09 2.1812751628242128e-08 5.5278068701549548e-08 1.8133527196578110e-08 5.6402982355288535e-09 5.4189875368481270e-10 4.3397922276887329e-12 
9.8511559240282568e-14 1.3503233841918805e-11 2.6356985259192062e-10 2.0156848460098670e-09 8.0222969624318101e-09 1.8133527196578110e-08 5.1108699608918537e-08 1.4122864748120483e-08 2.9004896683267176e-09 5.9949698747929902e-11 
1.3881471035777879e-15 3.9984412123671408e-13 1.4122508653220252e-11 1.8885297358189685e-10 1.3396617916343269e-09 5.6402982355288535e-09 1.4122864748120483e-08 4.7037479940986917e-08 9.4693991872382279e-09 6.1063446844338066e-10 
4.4846501542869545e-18 2.9276669183724327e-15 2.0152813475313209e-13 4.9774548903463034e-12 6.5692495801608072e-11 5.4189875368481270e-10 2.9004896683267176e-09 9.4693991872382279e-09 4.2834086615482296e-08 4.1803172746603951e-09 
5.2131349204699295e-22 9.0112377048253105e-19 1.4434285380023796e-16 7.8607982562998012e-15 2.2781294087600478e-13 4.3397922276887329e-12 5.9949698747929902e-11 6.1063446844338066e-10 4.1803172746603951e-09 3.6317974590014292e-08 
