-3.1551518782461313e-09 7.1304325508590351e-09 9.7976934428732602e-09 1.1386195627711490e-08 1.2523184863639293e-08 1.3425949349676372e-08 1.4199302683223951e-08 1.4911199856687651e-08 1.5633645412967554e-08 1.6623040265302656e-08 
-1.5217211504653598e-08 -5.6996138101316701e-10 3.2331464428674510e-09 5.5582935441895617e-09 7.2261193035301873e-09 8.5335733899906731e-09 9.6458661779930016e-09 1.0668364721272641e-08 1.1705889694177585e-08 1.3126774011541424e-08 
-2.2026569535491596e-08 -4.8417006959140092e-09 -5.1210705913946357e-10 2.1772492491736580e-09 4.2069062667168801e-09 5.7970485340843836e-09 7.1186496206415369e-09 8.3209515945110710e-09 9.5386606810985570e-09 1.1206078326882612e-08 
-2.7681796829509553e-08 -8.2787825608824611e-09 -3.4190583672482712e-09 -5.3110690078206585e-10 1.7040244135378238e-09 3.5557388362710617e-09 5.0965838675040688e-09 6.4667869456687765e-09 7.8397845173672345e-09 9.7167719012754334e-09 
-3.2964751067848366e-08 -1.1444580171244788e-08 -5.9691461148778051e-09 -2.7951670517845564e-09 -4.8521472918881179e-10 1.4889705908940232e-09 3.2450780653581308e-09 4.8177543401863805e-09 6.3542460969438622e-09 8.4334148403935653e-09 
-3.8290149739428845e-08 -1.4613387173981895e-08 -8.5268890204646372e-09 -4.9516488555860475e-09 -2.4649091106627626e-09 -4.7172884148312572e-10 1.3788446634056195e-09 3.1774705265642705e-09 4.9336719413965352e-09 7.2323521794340099e-09 
-4.3931853399262581e-08 -1.7952269377725023e-08 -1.1255769925770575e-08 -7.2702575131684433e-09 -4.4704930077735056e-09 -2.3421243354360980e-09 -5.1747384145641155e-10 1.3644582105992931e-09 3.4140549120620434e-09 6.0115285286756451e-09 
-5.0333274174663328e-08 -2.1728939350727398e-08 -1.4353222764801630e-08 -9.9459047550824033e-09 -6.7976249881955639e-09 -4.3612585376131993e-09 -2.4151174942027306e-09 -6.7062377019426538e-10 1.4895183221374058e-09 4.6162573250989708e-09 
-6.0240564274978721e-08 -2.7336636543934845e-08 -1.8852040001360532e-08 -1.3779540977092159e-08 -1.0138446601999856e-08 -7.2551068969686995e-09 -4.8534264166840708e-09 -2.8847957151251614e-09 -1.0812676389898240e-09 2.6210298588527491e-09 
-8.0035267701964623e-08 -3.8495956055310320e-08 -2.7784595230531253e-08 -2.1380715635404200e-08 -1.6782325365239709e-08 -1.3126445467943056e-08 -9.9967226431878602e-09 -7.1525290921358169e-09 -4.5798810126649934e-09 -1.3650769266426583e-09 
