-4.5603944874185063e-10 5.1947178461752570e-10 7.7305483811688765e-10 9.2409063480492506e-10 1.0321090669853476e-09 1.1178370113363457e-09 1.1912683294174266e-09 1.2588635858291992e-09 1.3274603929366988e-09 1.4214041376525788e-09 
-1.8507408212609244e-09 -9.4753475344638978e-11 3.6081558102075438e-10 6.3987888230755540e-10 8.4015705517025655e-10 9.9702420059215775e-10 1.1304121371983461e-09 1.2530224653373594e-09 1.3774342349633712e-09 1.5478154097597607e-09 
-2.7830891262494318e-09 -6.1530992382915531e-10 -6.9458195166909806e-11 2.6978477285790558e-10 5.2605779624503404e-10 7.2672542944841678e-10 8.9341884909774545e-10 1.0450709086909512e-09 1.1986772222177635e-09 1.4090138491334554e-09 
-3.4762060988723431e-09 -1.0363493130355732e-09 -4.2551656312386095e-10 -6.2337345971529924e-11 2.1919450087016933e-10 4.5224192547331391e-10 6.4585982979627260e-10 8.1803549026326178e-10 9.9065956325020612e-10 1.2266900489009334e-09 
-4.0093174692668868e-09 -1.3860473522306395e-09 -7.1893891939681860e-10 -3.3239420763005529e-10 -5.0383432247596188e-11 1.9109067905578565e-10 4.0532650775921358e-10 5.9666872025457936e-10 7.8375425282528296e-10 1.0371817296214511e-09 
-4.4259269674085844e-09 -1.6823344465790303e-09 -9.7720763437975650e-10 -5.6337884687105938e-10 -2.7551950619920635e-10 -4.3830822319660053e-11 1.7174489594045013e-10 3.8013342091841010e-10 5.8296528421141387e-10 8.4912428373101594e-10 
-4.7471259692289043e-09 -1.9332665237039693e-09 -1.2079976793791672e-09 -7.7651861377143440e-10 -4.7377457237172906e-10 -2.4354786141729889e-10 -4.4893988398286755e-11 1.6042654212403606e-10 3.8195798203957256e-10 6.6233318157300473e-10 
-4.9863710627032268e-09 -2.1462875359840917e-09 -1.4139660191446848e-09 -9.7640246658815139e-10 -6.6400741523859986e-10 -4.2268301935724018e-10 -2.2998434844212682e-10 -5.5257411191625220e-11 1.6172369959654367e-10 4.7012178352248060e-10 
-5.2457075538627280e-09 -2.3743204684880970e-09 -1.6339056814325891e-09 -1.1912518701723816e-09 -8.7353089461345533e-10 -6.2208270045234684e-10 -4.1325947600513582e-10 -2.4275609761098017e-10 -8.2358596560314806e-11 2.4295166630153266e-10 
-5.5862388761176533e-09 -2.6768542539565418e-09 -1.9266381665109189e-09 -1.4781150052661390e-09 -1.1560472382749827e-09 -8.9999617971724127e-10 -6.8085052137130893e-10 -4.8221485581584808e-10 -3.0524828630179515e-10 -7.8220456839554893e-11 
