-1.6555758634697786e-09 2.8965505421866939e-09 4.0778117778784017e-09 4.7811560780373332e-09 5.2845032800927929e-09 5.6841487420023142e-09 6.0265060557213085e-09 6.3416575609276563e-09 6.6614787830247761e-09 7.0994762565553526e-09 
-6.9225419680003358e-09 -2.3795265424998446e-10 1.4985715912415803e-09 2.5597805852720986e-09 3.3204229341762062e-09 3.9168215897015367e-09 4.4243748954205627e-09 4.8910051676544130e-09 5.3644993586720412e-09 6.0129472893970165e-09 
-9.6763549111388777e-09 -2.0977090377811724e-09 -1.8730327760777603e-10 1.0006009402303165e-09 1.8956510550576586e-09 2.5959688537089523e-09 3.1783465024498257e-09 3.7085092978049139e-09 4.2455666290880929e-09 4.9809769034596078e-09 
-1.1638452815640510e-08 -3.4543238204846652e-09 -1.4055992091396126e-09 -1.8596567557023680e-10 7.5941443751716796e-10 1.5406709945408052e-09 2.1895740959346261e-09 2.7669816574624835e-09 3.3460501594386760e-09 4.1378333524475846e-09 
-1.3222633968349368e-08 -4.5678886729690537e-09 -2.3672506961672502e-09 -1.0918113263531293e-09 -1.6071013708632990e-10 6.3606620613082611e-10 1.3424908637809806e-09 1.9736620145860503e-09 2.5909713031820222e-09 3.4271132932120268e-09 
-1.4626724303509655e-08 -5.5632932994164488e-09 -3.2339030162704845e-09 -1.8666456244157592e-09 -9.1533887804578471e-10 -1.5007835763921580e-10 5.6124211542453714e-10 1.2493491078469853e-09 1.9198873893785680e-09 2.7993575770395286e-09 
-1.5973115586401853e-08 -6.5127221175179161e-09 -4.0742929208755163e-09 -2.6234543337232910e-09 -1.6050577996720466e-09 -8.3048643006891078e-10 -1.6358713479132961e-10 5.2461809604663513e-10 1.2697987166984078e-09 2.2137665487688732e-09 
-1.7403108523916962e-08 -7.5011445478079112e-09 -4.9478984042302519e-09 -3.4222838750323749e-09 -2.3328206724977390e-09 -1.4904950298673233e-09 -8.1770985169207241e-10 -2.1100950768723058e-10 5.4136774990254041e-10 1.6199021727095956e-09 
-1.9564930092725396e-08 -8.8685236492686477e-09 -6.1103519422746917e-09 -4.4613875313421080e-09 -3.2777797214787113e-09 -2.3407596812509927e-09 -1.5613345836446322e-09 -9.2338872502704256e-10 -3.3145882583005424e-10 8.7461424838439793e-10 
-2.4306441254365587e-08 -1.1679618080899013e-08 -8.4236553820011926e-09 -6.4770499669055030e-09 -5.0792645356357757e-09 -3.9679817223570611e-09 -3.0167006856134100e-09 -2.1527630062547626e-09 -1.3739371501447659e-09 -3.9579864150960452e-10 
