1.343090431589e-09 3.270419450220e-09 4.412301212875e-09 5.154998315192e-09 5.693311883157e-09 6.121342187152e-09 6.488061969530e-09 6.825644161676e-09 7.168229844349e-09 7.637370051832e-09 
9.441177468574e-11 7.530130953024e-10 1.780502771726e-09 2.751403182442e-09 3.535380663058e-09 4.166577793782e-09 4.706021362715e-09 5.202185176154e-09 5.705661061779e-09 6.395138475392e-09 
5.608599258909e-12 1.147627031714e-10 5.259455802713e-10 1.245711237592e-09 2.048970350908e-09 2.763820497980e-09 3.379068368857e-09 3.942563792023e-09 4.513716000113e-09 5.295802961808e-09 
-2.218229076764e-13 2.204669513685e-12 7.256109803253e-11 3.808448933543e-10 9.729459376915e-10 1.672838622687e-09 2.335266558328e-09 2.946825156891e-09 3.563738614560e-09 4.407561419614e-09 
-9.642586969502e-14 -2.991218561244e-12 -8.188087878064e-12 5.027819365381e-11 3.123154686018e-10 8.203265393101e-10 1.459156347154e-09 2.109573244709e-09 2.766998249227e-09 3.660749556322e-09 
-9.053628015487e-15 -5.669443457414e-13 -4.923882290866e-12 -9.815169941621e-12 3.723799340786e-11 2.534570119829e-10 7.172454265207e-10 1.356662086473e-09 2.059025762521e-09 3.001598062990e-09 
-3.506178179964e-16 -4.518246809360e-14 -8.114676596248e-13 -5.361386126538e-12 -1.445038318968e-11 8.311083827185e-12 1.851238924666e-10 6.516450932536e-10 1.371762849398e-09 2.376592804267e-09 
-5.472068616818e-18 -1.616229925842e-15 -5.870440484252e-14 -8.017796403078e-13 -5.682725664223e-12 -2.218373329022e-11 -3.507880323972e-11 9.037680064887e-11 6.360685021342e-10 1.738706615161e-09 
-2.299689360235e-20 -1.630627311600e-17 -1.215097264381e-15 -3.262442423505e-14 -4.732770078166e-13 -4.368308442195e-12 -2.657478579194e-11 -9.432392244186e-11 -5.612631714986e-11 9.626013529330e-10 
-4.695263100208e-24 -9.059989405689e-21 -1.617802626290e-18 -9.846219380452e-17 -3.205259159760e-15 -6.931083162136e-14 -1.109609050849e-12 -1.356217252181e-11 -1.144425675592e-10 -2.724548534649e-11 
