-9.9681656029759393e-08 2.0282777886649253e-07 2.8128977135953871e-07 3.2802179021841383e-07 3.6146776418897465e-07 3.8802232472987290e-07 4.1077008295485923e-07 4.3171013361686524e-07 4.5296045936517504e-07 4.8206294182358871e-07 
-4.6038405365243759e-07 -1.8226477551856110e-08 9.6566217271608843e-08 1.6678150374728811e-07 2.1714095372590193e-07 2.5660966256917206e-07 2.9018686324968057e-07 3.2105440915327208e-07 3.5237579840515898e-07 3.9527027469197981e-07 
-6.6451890956387590e-07 -1.4540695083879590e-07 -1.4623417436348201e-08 6.6681878094884163e-08 1.2802457758628485e-07 1.7603509098119932e-07 2.1593732187344614e-07 2.5225167013524927e-07 2.8903678272143165e-07 3.3940778717068409e-07 
-8.1240462744009841e-07 -2.4149995171194339e-07 -9.8589042213362693e-08 -1.3557513786576596e-08 5.2374823837154118e-08 1.0689872989850176e-07 1.5217780509122795e-07 1.9245517635753598e-07 2.3284746865334031e-07 2.8807871043339547e-07 
-9.2395577288525450e-07 -3.1902251220954617e-07 -1.6521181645797624e-07 -7.6085891976342928e-08 -1.1009306738228190e-08 4.4718606605038716e-08 9.4116356712123827e-08 1.3821931270326848e-07 1.8135431515444592e-07 2.3979541270824718e-07 
-1.0099227715838490e-06 -3.8365819162691490e-07 -2.2271043654787722e-07 -1.2826503990720050e-07 -6.2559017843586575e-08 -9.6408458880550791e-09 3.9594931868195860e-08 8.7152530549716444e-08 1.3343465728110491e-07 1.9418585472716716e-07 
-1.0759222749626409e-06 -4.3806033231245323e-07 -2.7365308981901204e-07 -1.7584745259650151e-07 -1.0722852465846827e-07 -5.5039545569466079e-08 -9.9856249013250644e-09 3.6574164267127477e-08 8.6778202065281705e-08 1.5032567039968196e-07 
-1.1258853602379745e-06 -4.8458276955982308e-07 -3.1922158708784431e-07 -2.2041833459733690e-07 -1.4988014037483666e-07 -9.5391826338771994e-08 -5.1878262013357412e-08 -1.2411135858129758e-08 3.6585380983988290e-08 1.0621354980764228e-07 
-1.1840131013211739e-06 -5.3592266412549616e-07 -3.6880630932219078e-07 -2.6889651649991778e-07 -1.9718489179307536e-07 -1.4043144976475771e-07 -9.3297688794061504e-08 -5.4808981721879914e-08 -1.8608926896167821e-08 5.4803112182403126e-08 
-1.2641097973604785e-06 -6.0574014915488255e-07 -4.3597246099718291e-07 -3.3447538374367449e-07 -2.6159411443078057e-07 -2.0365186690170119e-07 -1.5406082617944244e-07 -1.0910935439271521e-07 -6.9056104777417797e-08 -1.7707123848345194e-08 
