-1.4368872507876167e-09 2.3485989050057885e-09 3.3311580024024204e-09 3.9161858940165260e-09 4.3348282988264585e-09 4.6672076813012859e-09 4.9519390222097505e-09 5.2140436686502174e-09 5.4800320095899378e-09 5.8443049175192897e-09 
-5.8952511139037363e-09 -2.0982822039847420e-10 1.2670515067542986e-09 2.1697366757389562e-09 2.8167673441943778e-09 3.3240486958971518e-09 3.7557469725410533e-09 4.1526369658462817e-09 4.5553650785682349e-09 5.1068992262342415e-09 
-8.2615757049086620e-09 -1.7912825203369587e-09 -1.6032658067007220e-10 8.5390113854560289e-10 1.6181184067534955e-09 2.2160137097547044e-09 2.7132037767288741e-09 3.1658273706006304e-09 3.6243425887575897e-09 4.2522035287589872e-09 
-9.9178930560858834e-09 -2.9420709267726069e-09 -1.1959178222392556e-09 -1.5629912663450129e-10 6.4969840952384102e-10 1.3156674506415022e-09 1.8687014976619918e-09 2.3608140726933555e-09 2.8543810314925689e-09 3.5292689537042714e-09 
-1.1216753665528042e-08 -3.8727263123930927e-09 -2.0054944423335652e-09 -9.2333744392188291e-10 -1.3306762772101228e-10 5.4334007398364166e-10 1.1428209937353701e-09 1.6782730073073151e-09 2.2020232263890079e-09 2.9115294908160804e-09 
-1.2327066519560161e-08 -4.6862182776806312e-09 -2.7225042989259641e-09 -1.5700126523951952e-09 -7.6811347038866611e-10 -1.2270852143227521e-10 4.7734261438739872e-10 1.0574403887496080e-09 1.6225008503881313e-09 2.3638581682894373e-09 
-1.3346521533089982e-08 -5.4393684678947033e-09 -3.4013007359397441e-09 -2.1887358274628454e-09 -1.3377237215544550e-09 -6.9044007620269070e-10 -1.3266499327771169e-10 4.4311853275094560e-10 1.0657627795610930e-09 1.8543981410937910e-09 
-1.4380909169197988e-08 -6.1962762582094550e-09 -4.0858492897586819e-09 -2.8248396245196771e-09 -1.9243986412937380e-09 -1.2283744575396714e-09 -6.7243695974049815e-10 -1.7035879680589038e-10 4.5230621868240264e-10 1.3430752230149924e-09 
-1.5935400803932419e-08 -7.2212797361169377e-09 -4.9742595237511847e-09 -3.6308860543500366e-09 -2.6666351390149247e-09 -1.9033228087729871e-09 -1.2685883974085488e-09 -7.4927520290822956e-10 -2.6611772174141520e-10 7.1723096130778004e-10 
-1.9331421043473378e-08 -9.2857006190417491e-09 -6.6953032034041630e-09 -5.1466117426649759e-09 -4.0345536958307957e-09 -3.1504344564014759e-09 -2.3936297498663484e-09 -1.7065006961342095e-09 -1.0880320921201653e-09 -3.0894731377099561e-10 
