-1.4903235597367262e-09 2.4902296632259524e-09 3.5234491515003377e-09 4.1386459755586306e-09 4.5788922516745647e-09 4.9284341966028890e-09 5.2278733802776004e-09 5.5035205997378998e-09 5.7832543998590207e-09 6.1663503711369929e-09 
-6.1507214013287851e-09 -2.1651864096598952e-10 1.3252278955573647e-09 2.2675822002737186e-09 2.9430283740759237e-09 3.4725952399256961e-09 3.9232676042154041e-09 4.3376069991872439e-09 4.7580444665125554e-09 5.3338292958426682e-09 
-8.6104813972046096e-09 -1.8669570524946173e-09 -1.6701013383434564e-10 8.9023670657733543e-10 1.6868920085584513e-09 2.3101715219492303e-09 2.8284686991271159e-09 3.3003040648299495e-09 3.7782821073722015e-09 4.4327913038722049e-09 
-1.0343587897967987e-08 -3.0692058718791604e-09 -1.2482107957354534e-09 -1.6401601852098695e-10 6.7656308351957643e-10 1.3711818572464053e-09 1.9480415592344916e-09 2.4613369681099635e-09 2.9761337007061547e-09 3.6800424499791323e-09 
-1.1718237091260353e-08 -4.0469719768376433e-09 -2.0963726762828305e-09 -9.6587761889937904e-10 -1.4037168977562099e-10 5.6621913095603973e-10 1.1925568595281376e-09 1.7520344585143952e-09 2.2992525906463234e-09 3.0405165722809129e-09 
-1.2906586494912756e-08 -4.9076582108869743e-09 -2.8517490804151291e-09 -1.6450822947981210e-09 -8.0549103744686843e-10 -1.2981887142139788e-10 4.9838138556026179e-10 1.1058045372597547e-09 1.6975276540362155e-09 2.4737949887007148e-09 
-1.4011745263253823e-08 -5.7116614070306958e-09 -3.5721526219527273e-09 -2.2991728803412269e-09 -1.4057008369016168e-09 -7.2610538327394290e-10 -1.4058633687726997e-10 4.6377573853289026e-10 1.1175101623440025e-09 1.9455725625879034e-09 
-1.5152607284475887e-08 -6.5300212889711932e-09 -4.3065003867567363e-09 -2.9778647191469297e-09 -2.0290870029539215e-09 -1.2956174621665655e-09 -7.0970485924236778e-10 -1.8073046964748156e-10 4.7511237702556034e-10 1.4137794446418343e-09 
-1.6873923536009309e-08 -7.6478457697139504e-09 -5.2686345492007591e-09 -3.8461806044389645e-09 -2.8251372425886433e-09 -2.0168279873815990e-09 -1.3445594124162914e-09 -7.9429297470144722e-10 -2.8252441195305177e-10 7.5819256603211895e-10 
-2.0640349966462684e-08 -9.9163918654782012e-09 -7.1508966076761657e-09 -5.4974629274844405e-09 -4.3101620840769409e-09 -3.3662023596565658e-09 -2.5581515512317294e-09 -1.8243840518914778e-09 -1.1632495618184391e-09 -3.3076187636385620e-10 
