-2.8476783265697540e-09 6.3067858029579658e-09 8.6810326176643334e-09 1.0094977484592664e-08 1.1107038351600174e-08 1.1910633848367711e-08 1.2599048120538641e-08 1.3232764387500022e-08 1.3875875729417725e-08 1.4756618376960750e-08 
-1.3465451176046314e-08 -4.8805265279784475e-10 2.8823920722128516e-09 4.9428311035293579e-09 6.4205126091071587e-09 7.5789796993110195e-09 8.5646196315531738e-09 9.4707224008444407e-09 1.0390150802126279e-08 1.1649297941101911e-08 
-1.9326386182594116e-08 -4.2364790154594237e-09 -4.3400941001329997e-10 1.9286469945855282e-09 3.7112129294937378e-09 5.1074341056838013e-09 6.2679917856412358e-09 7.3239217191259318e-09 8.3934227775585737e-09 9.8578970095771070e-09 
-2.4100578038664536e-08 -7.1995770419765044e-09 -2.9666739472209851e-09 -4.5034595747578288e-10 1.4977748783943474e-09 3.1110910982557302e-09 4.4532167234106455e-09 5.6468200002392468e-09 6.8429912069964236e-09 8.4782870548644420e-09 
-2.8506565820275053e-08 -9.8908321852740147e-09 -5.1545116552016537e-09 -2.4089766088691085e-09 -4.0993430822809710e-10 1.2988935615108747e-09 2.8185014443190094e-09 4.1788315283999640e-09 5.5080032476505389e-09 7.3068980182545115e-09 
-3.2893271800870954e-08 -1.2548740470007993e-08 -7.3186200435926703e-09 -4.2466725666154477e-09 -2.1099613440980180e-09 -3.9630232204324226e-10 1.1953550144129829e-09 2.7407829348038077e-09 4.2495440990614538e-09 6.2250149087293670e-09 
-3.7540974768579680e-08 -1.5339457174490305e-08 -9.6163890747812614e-09 -6.2102349602188324e-09 -3.8175760855939874e-09 -1.9982033765908923e-09 -4.3779665451192080e-10 1.1704004295283206e-09 2.9222984150042201e-09 5.1422212200019336e-09 
-4.2862088831903448e-08 -1.8501137512507488e-08 -1.2219121814999355e-08 -8.4652155421725603e-09 -5.7836441194850125e-09 -3.7084662096741330e-09 -2.0512560543280172e-09 -5.6535781270997569e-10 1.2785385236988825e-09 3.9396279345881335e-09 
-5.0672408105274049e-08 -2.2992923521491333e-08 -1.5854966313930869e-08 -1.1587403095794792e-08 -8.5240357750228684e-09 -6.0982867201922536e-09 -4.0783722196204128e-09 -2.4222006460063732e-09 -8.9716003298948611e-10 2.2126807735592148e-09 
-6.7682516725431868e-08 -3.2551086528407567e-08 -2.3491389523161770e-08 -1.8074779892045185e-08 -1.4185209475185619e-08 -1.1092800944789296e-08 -8.4453800435891766e-09 -6.0389560932376657e-09 -3.8602812111132598e-09 -1.1478204949681406e-09 
