5.993090661708e-10 1.534166426014e-09 2.110831810064e-09 2.488800484694e-09 2.763043211079e-09 2.981104906767e-09 3.167927723347e-09 3.339906134678e-09 3.514433511646e-09 3.753433450855e-09 
4.953028901722e-11 4.039995965006e-10 9.675355014625e-10 1.505114138874e-09 1.940563563645e-09 2.291271270366e-09 2.590974178986e-09 2.866625230952e-09 3.146338083809e-09 3.529386679096e-09 
3.050110913867e-12 6.354469234736e-11 2.944725720562e-10 7.019535413541e-10 1.158008321039e-09 1.563995377034e-09 1.913376580339e-09 2.233344997605e-09 2.557662029870e-09 3.001755123448e-09 
-1.301981768379e-13 1.163192887747e-12 4.109862770866e-11 2.169708258219e-10 5.546723783682e-10 9.535544150118e-10 1.330649340757e-09 1.678543720813e-09 2.029492433528e-09 2.509542533950e-09 
-5.512092523792e-14 -1.706555106826e-12 -4.643392599538e-12 2.878716345970e-11 1.782659470280e-10 4.672207512074e-10 8.287324607162e-10 1.195571563813e-09 1.566212989158e-09 2.070175111667e-09 
-5.159891947842e-15 -3.226216021177e-13 -2.792629701511e-12 -5.466202861831e-12 2.164869623082e-11 1.441276227432e-10 4.037229186958e-10 7.591744507390e-10 1.148540721308e-09 1.671028740353e-09 
-1.993039671947e-16 -2.555317262860e-14 -4.552323778019e-13 -2.972722217032e-12 -7.845660947139e-12 5.278036950332e-12 1.035435725556e-10 3.601391464696e-10 7.525587770862e-10 1.298309521709e-09 
-3.070830326819e-18 -8.985927596960e-16 -3.240851465252e-14 -4.400112295233e-13 -3.097902717655e-12 -1.194964722988e-11 -1.807549955691e-11 5.184269467126e-11 3.443215907178e-10 9.263317188283e-10 
-1.264107787807e-20 -8.918615901568e-18 -6.610671927542e-16 -1.762888072996e-14 -2.534580321692e-13 -2.311804052922e-12 -1.384681308591e-11 -4.806649972230e-11 -2.438850801914e-11 4.964780840072e-10 
-2.499978106127e-24 -4.786288499736e-21 -8.484168541243e-19 -5.127469154560e-17 -1.657592297403e-15 -3.557656387784e-14 -5.642409767729e-13 -6.797221084449e-12 -5.576111062629e-11 -6.870036821816e-12 
