-6.2494329747608825e-10 7.6464697450468322e-10 1.1257990955647294e-09 1.3408756283526134e-09 1.4947166559673946e-09 1.6168262912852456e-09 1.7214254865769135e-09 1.8177130251939989e-09 1.9154280341530811e-09 2.0492488441624927e-09 
-2.5103659350201022e-09 -1.1739579177196877e-10 5.0377491198754685e-10 8.8406470112778290e-10 1.1568626678651606e-09 1.3705892812674692e-09 1.5523762220054937e-09 1.7194877673189875e-09 1.8890570176122369e-09 2.1212802768588560e-09 
-3.6880504507387774e-09 -8.0989913519367218e-10 -8.4883551024303222e-11 3.6590710091175894e-10 7.0615865908131811e-10 9.7247166776321475e-10 1.1937712433927033e-09 1.3951548247660233e-09 1.5991466496603025e-09 1.8784775518874598e-09 
-4.5336091801562603e-09 -1.3486547203676144e-09 -5.5133956111022454e-10 -7.6983151998172124e-11 2.9084931585969629e-10 5.9510933810890515e-10 8.4779825281158191e-10 1.0725539750740132e-09 1.2979391209829397e-09 1.6061199439130395e-09 
-5.1716340745536462e-09 -1.7862490264193915e-09 -9.2539701448189818e-10 -4.2657367151765796e-10 -6.2394818066645651e-11 2.4949105563441644e-10 5.2600882605535276e-10 7.7289848791596062e-10 1.0143512633759436e-09 1.3414675112242738e-09 
-5.6654090171721002e-09 -2.1526698657995791e-09 -1.2498345204446194e-09 -7.2001752017799301e-10 -3.5142800359802476e-10 -5.4596725468640715e-11 2.2159411077698056e-10 4.8841194240058663e-10 7.4808260139838043e-10 1.0889081434205640e-09 
-6.0478508130214046e-09 -2.4627776360616950e-09 -1.5386642799067420e-09 -9.8888620213861707e-10 -6.0315075758181379e-10 -3.0976935512995837e-10 -5.6521848724829823e-11 2.0518093357419908e-10 4.8740953164365911e-10 8.4465890612491149e-10 
-6.3441076823028513e-09 -2.7309319427894281e-09 -1.7991973938460459e-09 -1.2424655333169774e-09 -8.4498339292717342e-10 -5.3791603141718831e-10 -2.9266909378502490e-10 -7.0259647029276993e-11 2.0576605253758181e-10 5.9811880974633945e-10 
-6.7013672425850185e-09 -3.0338021825620830e-09 -2.0880144723367141e-09 -1.5225592902119771e-09 -1.1166843351042040e-09 -7.9545476945346681e-10 -5.2862520562968939e-10 -3.1062079043695388e-10 -1.0566756711657189e-10 3.0954223968499964e-10 
-7.2960431971807321e-09 -3.4981605718176133e-09 -2.5187624132874212e-09 -1.9332000682363339e-09 -1.5127184738832446e-09 -1.1784187044792113e-09 -8.9228911881144727e-10 -6.3284182986224966e-10 -4.0109672484693207e-10 -1.0462335973665641e-10 
