-4.7027702513583352e-09 1.0626639106482906e-08 1.4602907173845525e-08 1.6971435121808400e-08 1.8666595263702857e-08 2.0012434494190385e-08 2.1165332454435752e-08 2.2226622470158902e-08 2.3303646270405730e-08 2.4778633197219375e-08 
-2.3900610624201867e-08 -1.0509717618487732e-09 4.8788722692841675e-09 8.5078706814385213e-09 1.1112822125236981e-08 1.3154044183083322e-08 1.4889887488508642e-08 1.6485442581957894e-08 1.8104438136770882e-08 2.0321633309933938e-08 
-3.5911923749734130e-08 -7.9875870913502460e-09 -9.5579649642430880e-10 3.4102066240739205e-09 6.7099190186574847e-09 9.2970435196763548e-09 1.1446252913118132e-08 1.3400464203445260e-08 1.5379470300628721e-08 1.8089298825465867e-08 
-4.6525775422335406e-08 -1.3980216657356649e-08 -5.8259631889113686e-09 -9.8505867855195563e-10 2.7581626519878237e-09 5.8645838476052679e-09 8.4525768331542729e-09 1.0752456019651269e-08 1.3055938182861087e-08 1.6204718118323374e-08 
-5.6775766597391105e-08 -1.9753762112744714e-08 -1.0330525170510782e-08 -4.8682835088339104e-09 -8.9961738943247407e-10 2.4929587153425444e-09 5.5163943792835308e-09 8.2241752752918134e-09 1.0868611707337780e-08 1.4446221596045523e-08 
-6.6941206131000365e-08 -2.5571389624814002e-08 -1.4935098277526400e-08 -8.6862613680769625e-09 -4.3410273972231740e-09 -8.5919671531472603e-10 2.3731938765465814e-09 5.5145211575653662e-09 8.5856902574107372e-09 1.2604006083151486e-08 
-7.8156985039868519e-08 -3.1975651188017173e-08 -2.0070952279539914e-08 -1.2984871563722600e-08 -8.0050699840587973e-09 -4.2175626847129161e-09 -9.7720417846889396e-10 2.3561129464802776e-09 6.0036512973916324e-09 1.0627942678302746e-08 
-9.1992148080646975e-08 -3.9739947935657009e-08 -2.6265533771767709e-08 -1.8213513563847569e-08 -1.2460495793315482e-08 -8.0056915076292092e-09 -4.4493372563061030e-09 -1.2749963105569617e-09 2.6725138915108136e-09 8.3929564663019196e-09 
-1.0952291908923923e-07 -4.9681733127016070e-08 -3.4249949267842458e-08 -2.5023759320266326e-08 -1.8400916093235825e-08 -1.3156426623886553e-08 -8.7901128950889981e-09 -5.2166123964964825e-09 -1.9198602269196919e-09 4.8245566445387653e-09 
-1.4512167078127822e-07 -6.9833396305580802e-08 -5.0418047169474101e-08 -3.8810002552649097e-08 -3.0474473805128249e-08 -2.3847306641020916e-08 -1.8173863679339575e-08 -1.3017402669671111e-08 -8.3404986497252105e-09 -2.5076681756628067e-09 
