-2.2809535427085873e-09 4.6777021356041928e-09 6.4827639962987829e-09 7.5576330100140299e-09 8.3269708648284769e-09 8.9378460054212632e-09 9.4611661335063961e-09 9.9429062766147753e-09 1.0431788420562553e-08 1.1101313694169785e-08 
-1.0219835063760460e-08 -3.4837884466084935e-10 2.2161012292022320e-09 3.7833570355069812e-09 4.9069438986900181e-09 5.7879239165425303e-09 6.5376101088896986e-09 7.2268361754855404e-09 7.9262027514862436e-09 8.8839779204594074e-09 
-1.4410156545942908e-08 -3.1383161335794366e-09 -2.9718445787705106e-10 1.4689121567135793e-09 2.8003579105111637e-09 3.8426582362065279e-09 4.7092717680324323e-09 5.4979912034759771e-09 6.2969121464861204e-09 7.3908879267545511e-09 
-1.7628448406988387e-08 -5.2493515026264282e-09 -2.1496385229224192e-09 -3.0556735057503853e-10 1.1229546652435455e-09 2.3047260522169004e-09 3.2871113794850099e-09 4.1610292688714534e-09 5.0371321725856850e-09 6.2349498462205835e-09 
-2.0458803153121095e-08 -7.0848356076064931e-09 -3.6830213038893507e-09 -1.7111764663365090e-09 -2.7369151600926797e-10 9.5568090312342720e-10 2.0474104371198985e-09 3.0239198304680203e-09 3.9784874689867721e-09 5.2708352035605229e-09 
-2.3185343969996316e-08 -8.8345708027903630e-09 -5.1456117802090195e-09 -2.9794607332550894e-09 -1.4725249969986863e-09 -2.6242940802940039e-10 8.6177497476123354e-10 1.9517590639697781e-09 3.0150805804388503e-09 4.4082753468954925e-09 
-2.6005483666868476e-08 -1.0617485574262898e-08 -6.6508409785360901e-09 -4.2902789514766806e-09 -2.6325482675301093e-09 -1.3719075488580390e-09 -2.8904654113841088e-10 8.2767257736369692e-10 2.0410228208762351e-09 3.5785426974839965e-09 
-2.9194804816655488e-08 -1.2596192935422492e-08 -8.3158732911842010e-09 -5.7581448274526968e-09 -3.9312461282836713e-09 -2.5179006852047986e-09 -1.3889425311043780e-09 -3.7462277834903680e-10 8.8277496591708412e-10 2.6944966050398116e-09 
-3.3984613951827660e-08 -1.5415598315779962e-08 -1.0627039697850517e-08 -7.7641104336451311e-09 -5.7090412752716672e-09 -4.0818197051216064e-09 -2.7272177556455612e-09 -1.6173298867172435e-09 -5.9304756743964167e-10 1.4969154431749115e-09 
-4.4390171756654288e-08 -2.1346004885174959e-08 -1.5403372708958191e-08 -1.1850393109746906e-08 -9.2990622121781676e-09 -7.2706260174037718e-09 -5.5341194006599149e-09 -3.9560925433913444e-09 -2.5283589288829312e-09 -7.4596638303012033e-10 
