-1.4903231894024834e-09 2.4902297861677492e-09 3.5234492115817119e-09 4.1386460003360193e-09 4.5788922500516173e-09 4.9284341702409745e-09 5.2278733335194999e-09 5.5035205355944497e-09 5.7832543182712546e-09 6.1663502656659203e-09 
-6.1506722575032723e-09 -2.1650214908870131e-10 1.3252360780889197e-09 2.2675857002769714e-09 2.9430284179530728e-09 3.4725920556985458e-09 3.9232617120746744e-09 4.3375988020122666e-09 4.7580339661757067e-09 5.3338156434016894e-09 
-8.6097230453448418e-09 -1.8666990675203656e-09 -1.6687970233327179e-10 8.9029493475769884e-10 1.6868976980307668e-09 2.3101285310721750e-09 2.8283839924445577e-09 3.3001837816087873e-09 3.7781264978974092e-09 4.4325873922137910e-09 
-1.0339679795090234e-08 -3.0678475390487494e-09 -1.2475039902905067e-09 -1.6368070092404911e-10 6.7663304287586893e-10 1.3710104839576232e-09 1.9476568454651830e-09 2.4607684957817663e-09 2.9753847228538410e-09 3.6790473336949380e-09 
-1.1709197862881379e-08 -4.0437129343826605e-09 -2.0945955384604322e-09 -9.6495594083018685e-10 -1.4004769734521479e-10 5.6602301907595973e-10 1.1918807332186867e-09 1.7509302823404694e-09 2.2977354299381212e-09 3.0384413186472940e-09 
-1.2894784224646293e-08 -4.9031766710171169e-09 -2.8491508992194179e-09 -1.6435892593111682e-09 -8.0476060170613188e-10 -1.2970229075417783e-10 4.9791710130708948e-10 1.1047760701089211e-09 1.6959617728719521e-09 2.4715215148221673e-09 
-1.4001894820908707e-08 -5.7077432319349815e-09 -3.5697634123710354e-09 -2.2976917157852430e-09 -1.4048515086729559e-09 -7.2573233571311406e-10 -1.4064314335358275e-10 4.6325228586392612e-10 1.1165298957962249e-09 1.9440172472677422e-09 
-1.5148915731122548e-08 -6.5285134827947042e-09 -4.3055556644304524e-09 -2.9772559366927150e-09 -2.0287149970986426e-09 -1.2954209397844098e-09 -7.0965432316790895e-10 -1.8084890639911323e-10 4.7481789791709777e-10 1.4132724077894303e-09 
-1.6873701680135657e-08 -7.6477539532253892e-09 -5.2685762661454361e-09 -3.8461423531189697e-09 -2.8251132122187772e-09 -2.0168145471108149e-09 -1.3445543035060968e-09 -7.9429761837550928e-10 -2.8253986766675953e-10 7.5816440126770284e-10 
-2.0640349886721295e-08 -9.9163918322291967e-09 -7.1508965864163964e-09 -5.4974629133894285e-09 -4.3101620750860989e-09 -3.3662023544965552e-09 -2.5581515489978033e-09 -1.8243840530336042e-09 -1.1632495669043471e-09 -3.3076188601119529e-10 
