4.202535418988e-09 9.594586992669e-09 1.269577285389e-08 1.471004942679e-08 1.617037839549e-08 1.733157482392e-08 1.832643337046e-08 1.924224364592e-08 2.017162750090e-08 2.144433274547e-08 
2.473561362128e-10 1.975229660898e-09 4.699431113571e-09 7.305316290435e-09 9.424573355950e-09 1.113385957893e-08 1.259458365231e-08 1.393797783117e-08 1.530114925065e-08 1.716792266286e-08 
1.459805440104e-11 3.042332263369e-10 1.422261077806e-09 3.428339945975e-09 5.709039815551e-09 7.758080103499e-09 9.525557310281e-09 1.114409591620e-08 1.278438158915e-08 1.503040434817e-08 
-6.910764584056e-13 3.990409299947e-12 1.963356104131e-10 1.082464032016e-09 2.834995486303e-09 4.949046900228e-09 6.970579460555e-09 8.841365789635e-09 1.072804208929e-08 1.330820493319e-08 
-2.851113991373e-13 -9.133762607145e-12 -2.751635919951e-11 1.413941018250e-10 9.417320419235e-10 2.539759318038e-09 4.590432850075e-09 6.701761595718e-09 8.839891550688e-09 1.174457396440e-08 
-2.748136844592e-14 -1.767356953990e-12 -1.583796257121e-11 -3.432530004255e-11 1.086317780072e-10 8.054535885409e-10 2.352272637825e-09 4.540033053897e-09 6.968319190783e-09 1.022522186340e-08 
-1.107884912514e-15 -1.465045546361e-13 -2.697768490881e-12 -1.841449324310e-11 -5.296328972384e-11 1.282335207273e-11 6.155782287047e-10 2.282699535406e-09 4.915941410338e-09 8.608935296156e-09 
-1.817007317745e-17 -5.508185528180e-15 -2.049812677163e-13 -2.869208273990e-12 -2.088959160725e-11 -8.428840138321e-11 -1.434559492841e-10 3.052414169578e-10 2.369343093340e-09 6.645849443434e-09 
-8.173776316534e-20 -5.922376030222e-17 -4.489477645132e-15 -1.223112946615e-13 -1.798988683637e-12 -1.685919254917e-11 -1.047268633169e-10 -3.862595390264e-10 -2.947272203373e-10 3.883088154842e-09 
-1.797737996402e-23 -3.502555811560e-20 -6.315733940371e-18 -3.885639278131e-16 -1.280865275940e-14 -2.812387935358e-13 -4.592614042130e-12 -5.768303399272e-11 -5.042502010004e-10 -1.476783657868e-10 
