-7.1894998612946583e-10 9.1297531542998358e-10 1.3370411207320761e-09 1.5895711776990658e-09 1.7702141954379715e-09 1.9136045356313978e-09 2.0364343514803955e-09 2.1495040278416918e-09 2.2642499782934675e-09 2.4213946926132063e-09 
-2.8799430455456258e-09 -1.2887510015378599e-10 5.8537716139727252e-10 1.0225265251632020e-09 1.3360552285353046e-09 1.5817240960358348e-09 1.7907031078472271e-09 1.9828167155048518e-09 2.1777562509746336e-09 2.4447238732599509e-09 
-4.1893172263842207e-09 -9.1732822259085469e-10 -9.2982471677731290e-11 4.1962708535727344e-10 8.0639664350560110e-10 1.1090713684639129e-09 1.3606231896868788e-09 1.5895610964578546e-09 1.8214695591668697e-09 2.1390279555054929e-09 
-5.1159847582415084e-09 -1.5204868260252490e-09 -6.2043746681300398e-10 -8.4831477736077356e-11 3.3053483465685837e-10 6.7399761044871927e-10 9.5920345658536706e-10 1.2129106651346580e-09 1.4673483345080623e-09 1.8152585353228238e-09 
-5.8103539236322903e-09 -2.0061260596068677e-09 -1.0388210401752064e-09 -4.7830122857660724e-10 -6.8971942435869064e-11 2.8157512332694234e-10 5.9228256038874364e-10 8.6968042719089184e-10 1.1409959998400504e-09 1.5085842133329914e-09 
-6.3496922069141580e-09 -2.4124158963753956e-09 -1.4004793760802132e-09 -8.0665298252582117e-10 -3.9350898243261733e-10 -6.0756282461639992e-11 2.4883466645200613e-10 5.4787444864837836e-10 8.3891395016482222e-10 1.2209311821966715e-09 
-6.7747003722407921e-09 -2.7588053899720870e-09 -1.7236411651409015e-09 -1.1077979964428912e-09 -6.7570704146808138e-10 -3.4705471142007834e-10 -6.3366250647346885e-11 2.2975065384548417e-10 5.4588435059685664e-10 9.4608715043889801e-10 
-7.1171692850801378e-09 -3.0639359358179322e-09 -2.0187230881150425e-09 -1.3941848005096724e-09 -9.4828703161484458e-10 -6.0380063509865924e-10 -3.2865805662839608e-10 -7.9212951335016660e-11 2.3032905910226618e-10 6.7054178113242123e-10 
-7.5491869556322045e-09 -3.4179648895236694e-09 -2.3526098023266958e-09 -1.7156691634954348e-09 -1.2584820642382851e-09 -8.9663404455560648e-10 -5.9603282397186333e-10 -3.5039343967563962e-10 -1.1966467382593021e-10 3.4786956686823170e-10 
-8.3277532781033208e-09 -3.9938944156091499e-09 -2.8762786566579717e-09 -2.2080788039440295e-09 -1.7282567104572125e-09 -1.3467784932598881e-09 -1.0202633339662989e-09 -7.2414361597246674e-10 -4.5933958007571492e-10 -1.2123997407817026e-10 
