-1.2456579824087358e-09 1.9190192528747389e-09 2.7407167487346819e-09 3.2299712477287380e-09 3.5800556129808196e-09 3.8579969024647289e-09 4.0960956630110314e-09 4.3152760085403615e-09 4.5377057805139818e-09 4.8423237296367359e-09 
-5.0503283672134881e-09 -1.8751548235228041e-10 1.0757361083584306e-09 1.8480694177769977e-09 2.4016939828553805e-09 2.8356982574347352e-09 3.2050197801142097e-09 3.5445629832538478e-09 3.8891032399245066e-09 4.3609476045700248e-09 
-7.1113892189601054e-09 -1.5435983875248227e-09 -1.4016236639654785e-10 7.3272632444639767e-10 1.3905762613363842e-09 1.9052283139248845e-09 2.3331585657265677e-09 2.7227259466369807e-09 3.1173676289939498e-09 3.6577625570015321e-09 
-8.5418400295631885e-09 -2.5337447244634454e-09 -1.0298208824832848e-09 -1.3436360761566095e-10 5.6003449329577637e-10 1.1338031635562591e-09 1.6102059299257111e-09 2.0341142359659837e-09 2.4592906414349988e-09 3.0406680286172743e-09 
-9.6402233754806683e-09 -3.3275731883264369e-09 -1.7225367800821629e-09 -7.9236341911511845e-10 -1.1291980889524507e-10 4.6877434808329758e-10 9.8422397949686107e-10 1.4445087462811730e-09 1.8947537816069971e-09 2.5047313763290666e-09 
-1.0551975343860315e-08 -4.0103441001547718e-09 -2.3290421053827077e-09 -1.3423490883879033e-09 -6.5579881509497475e-10 -1.0300906046204003e-10 4.1105994368050562e-10 9.0780864340983394e-10 1.3915373617541446e-09 2.0263198999801709e-09 
-1.1360349001143522e-08 -4.6288647518094646e-09 -2.8937028797306841e-09 -1.8613568283883964e-09 -1.1368879649062770e-09 -5.8581803133112506e-10 -1.1065047518302089e-10 3.7995411717198722e-10 9.1000264620100934e-10 1.5812802837830193e-09 
-1.2148094352390727e-08 -5.2332118026305834e-09 -3.4500602017236290e-09 -2.3845713885179959e-09 -1.6237612933595932e-09 -1.0357418601973814e-09 -5.6603474514866442e-10 -1.4132290209073560e-10 3.8539698816255544e-10 1.1375134153109154e-09 
-1.3301842181581113e-08 -6.0267753150508038e-09 -4.1506887961631627e-09 -3.0290375175146844e-09 -2.2239185475919840e-09 -1.5865964659611855e-09 -1.0567424243967142e-09 -6.2326906060913106e-10 -2.1876869407304294e-10 6.0268923976399331e-10 
-1.5791455068228559e-08 -7.5832836926714083e-09 -5.4665598092139621e-09 -4.2010134144514607e-09 -3.2922474986683721e-09 -2.5697375730089274e-09 -1.9512732720068716e-09 -1.3898600284385267e-09 -8.8502148199298269e-10 -2.4693003284898609e-10 
