-2.8644734789560388e-09 6.3432711504371787e-09 8.7311287420127815e-09 1.0153145597107833e-08 1.1170962312688457e-08 1.1979110277277479e-08 1.2671410698305588e-08 1.3308693505510874e-08 1.3955415438040334e-08 1.4841097510054557e-08 
-1.3541972686279985e-08 -4.9029422619557136e-10 2.8990996811169741e-09 4.9710020318973410e-09 6.4568889824186670e-09 7.6217782018499786e-09 8.6128665592485249e-09 9.5239635970880543e-09 1.0448447231888586e-08 1.1714509903607545e-08 
-1.9431551218072369e-08 -4.2587308980796213e-09 -4.3562542824718250e-10 1.9396840925704132e-09 3.7317364501155401e-09 5.1353621262280540e-09 6.3020611225544182e-09 7.3635700798066403e-09 8.4387094643511712e-09 9.9108957001284794e-09 
-2.4220749497456559e-08 -7.2343479551207374e-09 -2.9803633104053817e-09 -4.5158255539650175e-10 1.5061482451909168e-09 3.1273318308780107e-09 4.4759525800984353e-09 5.6753331114222275e-09 6.8772879425154127e-09 8.5204822766401393e-09 
-2.8633091218196178e-08 -9.9335973015172847e-09 -5.1763401115550435e-09 -2.4187625540354862e-09 -4.1095268133914535e-10 1.3053032559754330e-09 2.8314474452300959e-09 4.1976174736484761e-09 5.5324850651604003e-09 7.3390754048672569e-09 
-3.3028334033461994e-08 -1.2599225668571527e-08 -7.3477578382447407e-09 -4.2633945077768377e-09 -2.1181148942112790e-09 -3.9764186009009961e-10 1.2003240723886788e-09 2.7519012321572046e-09 4.2666517607901344e-09 6.2499078740233989e-09 
-3.7688583335521526e-08 -1.5398598187179996e-08 -9.6531522354035182e-09 -6.2338119499827982e-09 -3.8319841749812175e-09 -2.0057442743265326e-09 -4.3952364599643883e-10 1.1747457673003489e-09 2.9334014350151598e-09 5.1617772358911710e-09 
-4.3024072768721739e-08 -1.8569656083191175e-08 -1.2264006437381070e-08 -8.4961187539694969e-09 -5.8046484347547000e-09 -3.7219147811572160e-09 -2.0588644521760796e-09 -5.6791027118620649e-10 1.2827232779751318e-09 3.9539443088512311e-09 
-5.0854487821394497e-08 -2.3073785601030061e-08 -1.5910258297563718e-08 -1.1627566881345243e-08 -8.5534303423615954e-09 -6.1192258582395975e-09 -4.0924098612892157e-09 -2.4310303765660123e-09 -9.0177490307793605e-10 2.2195886785389849e-09 
-6.7908186014686084e-08 -3.2657093773071551e-08 -2.3567213124921306e-08 -1.8132759427703378e-08 -1.4230488289068472e-08 -1.1128056484055722e-08 -8.4721141157880949e-09 -6.0580634123783740e-09 -3.8732731304051703e-09 -1.1544855629633413e-09 
