-4.0080455547535628e-09 9.1830073978248121e-09 1.2603965393236234e-08 1.4641531612881107e-08 1.6099859483118777e-08 1.7257696637293306e-08 1.8249537568811231e-08 1.9162553737776646e-08 2.0089092934844931e-08 2.1357983256498503e-08 
-2.0083486560475664e-08 -8.3066031099905813e-10 4.1665023713774783e-09 7.2233897254876314e-09 9.4170181062542895e-09 1.1136239152108600e-08 1.2598447630464842e-08 1.3942512823467362e-08 1.5306312168926876e-08 1.7174008385198303e-08 
-2.9754792938978632e-08 -6.5896851288911684e-09 -7.5546137516002576e-10 2.8670948334499599e-09 5.6036194189796132e-09 7.7487942406508443e-09 9.5309610222609906e-09 1.1151715348894465e-08 1.2793101225969885e-08 1.5040622938582658e-08 
-3.8126185513923598e-08 -1.1435562105321640e-08 -4.7495542837195682e-09 -7.7938868025682701e-10 2.2923957082441683e-09 4.8399681096401370e-09 6.9607469383583194e-09 8.8461774156696866e-09 1.0734886073710175e-08 1.3316679725509719e-08 
-4.6123685628647973e-08 -1.6037669687198682e-08 -8.3814274738741122e-09 -3.9433437420198798e-09 -7.1601582296732543e-10 2.0410689363561070e-09 4.4958321046118847e-09 6.6961174035339904e-09 8.8448597414876464e-09 1.1751550528908985e-08 
-5.4374236502837030e-08 -2.0772077762555629e-08 -1.2133564467383987e-08 -7.0581427593811019e-09 -3.5283368532055557e-09 -7.0268314598404936e-10 1.9204794462073345e-09 4.4744989441466891e-09 6.9686422718388631e-09 1.0231107015303138e-08 
-6.3060176309783229e-08 -2.5776713236059841e-08 -1.6166441824122197e-08 -1.0446408032461624e-08 -6.4277891478208244e-09 -3.3739733454926663e-09 -7.5747849328670719e-10 1.9432994318324291e-09 4.8857212396275459e-09 8.6135475547151735e-09 
-7.2500633218915745e-08 -3.1301496277656079e-08 -2.0678161865726862e-08 -1.4330240526800383e-08 -9.7957010504568704e-09 -6.2865946960304762e-09 -3.4834599631279877e-09 -9.7009367630286720e-10 2.1394492048766460e-09 6.6425119639900365e-09 
-8.7931422950696681e-08 -3.9919363548014159e-08 -2.7538981219080469e-08 -2.0137406312639709e-08 -1.4824464822281622e-08 -1.0616985941378242e-08 -7.1109514610988855e-09 -4.2333278425334840e-09 -1.6065164784675517e-09 3.7831043351501782e-09 
-1.1767457799159400e-07 -5.6572278040882708e-08 -4.0816380397397639e-08 -3.1396598155887968e-08 -2.4632616337439139e-08 -1.9255027802354631e-08 -1.4651342492801467e-08 -1.0467446790746506e-08 -6.6891479359993159e-09 -1.9705773610738383e-09 
