9.450117992052e-09 2.189609997284e-08 2.933179180114e-08 3.421232709597e-08 3.775690670012e-08 4.057545629672e-08 4.299012635882e-08 4.521288261550e-08 4.746853883020e-08 5.055737475990e-08 
6.139617595147e-10 5.069948292409e-09 1.234448492001e-08 1.945962985598e-08 2.529103381537e-08 2.999980655679e-08 3.402359610936e-08 3.772386576634e-08 4.147848874189e-08 4.662006095153e-08 
3.788729521201e-11 8.248789404346e-10 3.976459238039e-09 9.740015171528e-09 1.634189737996e-08 2.229908886367e-08 2.744754566083e-08 3.216229549709e-08 3.693973312781e-08 4.348116447314e-08 
-2.136590639530e-12 9.055551685326e-12 5.628277411613e-10 3.143798661977e-09 8.299558762465e-09 1.460155369525e-08 2.068335641304e-08 2.632128905620e-08 3.200449729847e-08 3.977575355700e-08 
-8.364740313039e-13 -2.707681360044e-11 -8.538283075604e-11 3.989853965938e-10 2.788335310549e-09 7.695109189421e-09 1.410238992751e-08 2.072736391778e-08 2.743158437949e-08 3.653752269244e-08 
-8.161518702258e-14 -5.356608973435e-12 -4.938354719230e-11 -1.146108002372e-10 3.151453405343e-10 2.522773913091e-09 7.491750452199e-09 1.450929646912e-08 2.227089417885e-08 3.267919510603e-08 
-3.403218174240e-15 -4.611014061158e-13 -8.637831538403e-12 -5.957278969560e-11 -1.710292341527e-10 5.068324484636e-11 2.011133049064e-09 7.336402610666e-09 1.565021353657e-08 2.727519220061e-08 
-5.816749805549e-17 -1.775665947087e-14 -6.594876720961e-13 -9.165871088730e-12 -6.597050921687e-11 -2.616006306163e-10 -4.270355717269e-10 1.014001859261e-09 7.421000571557e-09 2.050802814203e-08 
-2.617412876134e-19 -1.879713713643e-16 -1.412734987326e-14 -3.817688532957e-13 -5.569532284316e-12 -5.171800686291e-11 -3.173712426922e-10 -1.146652028316e-09 -7.863418922155e-10 1.162772570175e-08 
-5.541275211830e-23 -1.073369368616e-19 -1.924438548608e-17 -1.176755106277e-15 -3.852804803669e-14 -8.394225216162e-13 -1.358480929401e-11 -1.689868841736e-10 -1.472083219453e-09 -5.399590328945e-10 
