7.164565003268e-10 1.815341500945e-09 2.487159046687e-09 2.926653398327e-09 3.245442401353e-09 3.498919032836e-09 3.716080782461e-09 3.915984026071e-09 4.118846198573e-09 4.396640738641e-09 
5.725793329293e-11 4.643866239616e-10 1.108336201543e-09 1.720875968572e-09 2.216497456356e-09 2.615609600539e-09 2.956678514055e-09 3.270373175306e-09 3.588684436663e-09 4.024579579260e-09 
3.496193389133e-12 7.246110200956e-11 3.345949138508e-10 7.956064349789e-10 1.310864801456e-09 1.769382627449e-09 2.163917451677e-09 2.525244015151e-09 2.891476743974e-09 3.392952616674e-09 
-1.448588785084e-13 1.369723268262e-12 4.654041051149e-11 2.448844144137e-10 6.255208502628e-10 1.074664052951e-09 1.499132840229e-09 1.890789477248e-09 2.285878463662e-09 2.826291432221e-09 
-6.203837948877e-14 -1.921075878298e-12 -5.211451186767e-12 3.254091352346e-11 2.007692285891e-10 5.254472913419e-10 9.319510172494e-10 1.344682453792e-09 1.761662587240e-09 2.328618024524e-09 
-5.811464158983e-15 -3.627467176461e-13 -3.133998627017e-12 -6.130196029834e-12 2.423636703190e-11 1.618649426571e-10 4.543798565570e-10 8.549428283466e-10 1.293718417700e-09 1.882603486086e-09 
-2.238689841558e-16 -2.869799493576e-14 -5.121528411834e-13 -3.353032808999e-12 -8.865941814011e-12 5.991127558037e-12 1.168539176378e-10 4.057269105125e-10 8.485079375000e-10 1.465023193743e-09 
-3.455063621566e-18 -1.013146073882e-15 -3.655355759336e-14 -4.958907837531e-13 -3.488173667692e-12 -1.347781735009e-11 -2.071842109099e-11 5.735464943163e-11 3.893281295859e-10 1.051726030557e-09 
-1.425097315543e-20 -1.004488182793e-17 -7.447761152006e-16 -1.990171369818e-14 -2.872040003432e-13 -2.632763970694e-12 -1.584335870290e-11 -5.502880972762e-11 -2.772413781436e-11 5.666632263180e-10 
-2.840535034486e-24 -5.455821672205e-21 -9.692961245239e-19 -5.864726443967e-17 -1.895883213981e-15 -4.064944824302e-14 -6.437878004356e-13 -7.760156335232e-12 -6.433957705516e-11 -1.002846853002e-11 
