-4.7412776788055417e-09 1.0720885135010716e-08 1.4731223492855638e-08 1.7119991622621227e-08 1.8829607749188712e-08 2.0186899717216345e-08 2.1349589984084298e-08 2.2419880860877757e-08 2.3506030347720414e-08 2.4993520580467848e-08 
-2.4094427204212594e-08 -1.0577468887350258e-09 4.9200528388562789e-09 8.5781653930094542e-09 1.1203984409028323e-08 1.3261554234649385e-08 1.5011282956715748e-08 1.6619583171367777e-08 1.8251498332094691e-08 2.0486395252226264e-08 
-3.6191115010187361e-08 -8.0481906465854190e-09 -9.6180275984633199e-10 3.4377712796924006e-09 6.7627131547614306e-09 9.3696037200639771e-09 1.1535230620614621e-08 1.3504357546463659e-08 1.5498454902897771e-08 1.8228958249432258e-08 
-4.6874701310266867e-08 -1.4083558622349299e-08 -5.8683125166007799e-09 -9.9139072053531110e-10 2.7795244917453940e-09 5.9088354922252631e-09 8.5158668103658342e-09 1.0832658184174235e-08 1.3153067636549677e-08 1.6324999347283616e-08 
-5.7188273231791486e-08 -1.9895542592117562e-08 -1.0404097848890598e-08 -4.9025028183670174e-09 -9.0534473524594023e-10 2.5114926034481979e-09 5.5564947098739218e-09 8.2835765483090821e-09 1.0946836761952587e-08 1.4549921631668995e-08 
-6.7410379621427883e-08 -2.5748366044575169e-08 -1.5037755939376479e-08 -8.7454970359542618e-09 -4.3702191159822560e-09 -8.6441129015202419e-10 2.3902570560863162e-09 5.5532908804553693e-09 8.6455973690661806e-09 1.2691527109105902e-08 
-7.8669205348600622e-08 -3.2182183993683274e-08 -2.0199583612439964e-08 -1.3067405883187739e-08 -8.0554217809404042e-09 -4.2436597429080170e-09 -9.8257206647571197e-10 2.3723653684353825e-09 6.0435663800085519e-09 1.0697678020419724e-08 
-9.2537444736965171e-08 -3.9972132863195108e-08 -2.6417990302523381e-08 -1.8318617947593020e-08 -1.2531959488043733e-08 -8.0513511965568457e-09 -4.4747467586733823e-09 -1.2824962322148586e-09 2.6880365363529169e-09 8.4425873318979330e-09 
-1.1013640890082175e-07 -4.9956396832599309e-08 -3.4438397976274867e-08 -2.5160991017162883e-08 -1.8501561395474963e-08 -1.3228240430094746e-08 -8.8381945705661116e-09 -5.2461773264474479e-09 -1.9335872693359483e-09 4.8494805639994465e-09 
-1.4588741275684943e-07 -7.0196665010582293e-08 -5.0678986434235148e-08 -3.9010173712434755e-08 -3.0631229057513777e-08 -2.3969682907940311e-08 -1.8266914936971888e-08 -1.3084034675188841e-08 -8.3848186886932339e-09 -2.5265664713130807e-09 
