-5.3362333075455799e-10 6.2733281799453286e-10 9.2908767137984708e-10 1.1088003653376233e-09 1.2373344004864249e-09 1.3393491537092485e-09 1.4267323013384610e-09 1.5071706687023821e-09 1.5888008873974139e-09 1.7005939756820508e-09 
-2.1540481174985598e-09 -1.0582938352305021e-10 4.2567846353025490e-10 7.5116970648752007e-10 9.8471152356112933e-10 1.1676532475613832e-09 1.3232321559666674e-09 1.4662448910678147e-09 1.6113592884064676e-09 1.8100926164674749e-09 
-3.2029760457546390e-09 -7.0579114430133527e-10 -7.6899998403859133e-11 3.1403583990779951e-10 6.0923813197500114e-10 8.4033554960126332e-10 1.0323348301342395e-09 1.2070305841544334e-09 1.3839825684778126e-09 1.6262875318296658e-09 
-3.9686392817170311e-09 -1.1817996931199150e-09 -4.8415757444791170e-10 -6.9240283399139241e-11 2.5245893182733639e-10 5.1865598971992209e-10 7.3976653094694951e-10 9.3640967483239871e-10 1.1335835983575608e-09 1.4031861665999921e-09 
-4.5507845206186030e-09 -1.5724193072086805e-09 -8.1507248254396114e-10 -3.7624697333849388e-10 -5.5977531975589209e-11 2.1828570939689462e-10 4.6152505616355744e-10 6.7873149069417898e-10 8.9112747786617733e-10 1.1788600444100113e-09 
-5.0027764823205092e-09 -1.9011390252454171e-09 -1.1040096753885837e-09 -6.3621905317813318e-10 -3.1081048225761345e-10 -4.8824549149959064e-11 1.9495189158019270e-10 4.3052819988891999e-10 6.5979880358715710e-10 9.6068541834598721e-10 
-5.3509447625797917e-09 -2.1789557672109824e-09 -1.3613815862662800e-09 -8.7499788425490989e-10 -5.3374679293863079e-10 -2.7422762493647978e-10 -5.0246259407697659e-11 1.8125020834057141e-10 4.3095376081177101e-10 7.4699553014620950e-10 
-5.6135036284094863e-09 -2.4161976286695370e-09 -1.5917656356700137e-09 -1.0991667508102532e-09 -7.4748326761690183e-10 -4.7581326451618382e-10 -2.5887132230417177e-10 -6.2137039423378846e-11 1.8212793663915992e-10 5.2929795545103327e-10 
-5.9122317038376735e-09 -2.6761291121561698e-09 -1.8416689203369690e-09 -1.3427904620841844e-09 -9.8471331632498699e-10 -7.0132494687985823e-10 -4.6596381662955103e-10 -2.7375705102754623e-10 -9.2980918827757737e-11 2.7354332126154150e-10 
-6.3540333024098336e-09 -3.0454360832373141e-09 -2.1922787242941058e-09 -1.6822112353228707e-09 -1.3159507702636954e-09 -1.0247653280774809e-09 -7.7554628929464685e-10 -5.4961902233090696e-10 -3.4812417369225699e-10 -8.9953315019480806e-11 
