-2.6483564986846830e-09 5.7261702708021638e-09 7.8980427318813980e-09 9.1913873823568071e-09 1.0117105186087404e-08 1.0852134718456962e-08 1.1481802606721112e-08 1.2061433206623060e-08 1.2649652391605830e-08 1.3455223116628683e-08 
-1.2277699423485870e-08 -4.3217744465153057e-10 2.6443412571910280e-09 4.5247236246393699e-09 5.8730699011254692e-09 6.9301983627247164e-09 7.8296762698724036e-09 8.6565784749496316e-09 9.4956371154495265e-09 1.0644723258744721e-08 
-1.7488256842418090e-08 -3.8229114815810573e-09 -3.7926679454379073e-10 1.7606385905273719e-09 3.3745884263740863e-09 4.6384523039577550e-09 5.6891068251565020e-09 6.6451478292072661e-09 7.6135007312964422e-09 8.9394813058305259e-09 
-2.1638426143968054e-08 -6.4552993097312191e-09 -2.6532138164229909e-09 -3.9240964454476364e-10 1.3582235031194705e-09 2.8073469532661136e-09 4.0125124324087347e-09 5.0844278586631487e-09 6.1587935807944456e-09 7.6276143842195314e-09 
-2.5401895750746951e-08 -8.8064432474387190e-09 -4.5848561674941477e-09 -2.1378249335350955e-09 -3.5532513641790197e-10 1.1686243954893692e-09 2.5230310762293952e-09 3.7351408266534627e-09 4.9196943380948896e-09 6.5230487427966148e-09 
-2.9114944776217209e-08 -1.1101800786416022e-08 -6.4715126099657282e-09 -3.7522381856884537e-09 -1.8607377666225412e-09 -3.4314059546335001e-10 1.0663904140304051e-09 2.4345243722673023e-09 3.7697638003796544e-09 5.5183848772284196e-09 
-3.3012131314541771e-08 -1.3483646462163285e-08 -8.4500259085556411e-09 -5.4544189717226355e-09 -3.3504394353057552e-09 -1.7507222584303026e-09 -3.7794373586928166e-10 1.0377393284405731e-09 2.5778958441247051e-09 4.5296674675358135e-09 
-3.7455850717338862e-08 -1.6164708305758339e-08 -1.0674723826670173e-08 -7.3942417012363430e-09 -5.0510267606643635e-09 -3.2379738493924744e-09 -1.7898307627224936e-09 -4.9051446102857253e-10 1.1198002186638940e-09 3.4455671078780682e-09 
-4.4138511695165699e-08 -2.0023676000499131e-08 -1.3805432168111500e-08 -1.0087869035938368e-08 -7.4193809890992054e-09 -5.3063842648655777e-09 -3.5470348906627118e-09 -2.1057000466898965e-09 -7.7952000849150004e-10 1.9350514455352810e-09 
-5.8373010564533152e-08 -2.8073841368399311e-08 -2.0260872913891595e-08 -1.5589822237523605e-08 -1.2235712738404825e-08 -9.5690806885382269e-09 -7.2862430881568933e-09 -5.2116092304276967e-09 -3.3333486459373825e-09 -9.9265669839218355e-10 
