-6.5237853677583090e-10 8.0435666626314143e-10 1.1829116614939227e-09 1.4083448245791109e-09 1.5695932463384579e-09 1.6975813694120257e-09 1.8072146064773987e-09 1.9081349404303273e-09 2.0105506154091060e-09 2.1508095276870067e-09 
-2.6185713468097381e-09 -1.2126054709035419e-10 5.2695344094230166e-10 9.2375207587021508e-10 1.2083794542699460e-09 1.4313788043335770e-09 1.6210549916262877e-09 1.7954178853086761e-09 1.9723438468793013e-09 2.2146429704029361e-09 
-3.8382651183034294e-09 -8.4223446282906524e-10 -8.7551813013770325e-11 3.8166201946884330e-10 7.3578001818433887e-10 1.0129338637115627e-09 1.2432476468676117e-09 1.4528379588112899e-09 1.6651425289912262e-09 1.9558575171101705e-09 
-4.7100421526989860e-09 -1.4006740284941277e-09 -5.7227876810125458e-10 -7.9423081050464296e-11 3.0275236768194806e-10 6.1883946566526538e-10 8.8133632606990937e-10 1.1148222893361557e-09 1.3489657831315941e-09 1.6691246102090637e-09 
-5.3656017213888197e-09 -1.8529080244225396e-09 -9.5976229242423835e-10 -4.4224007519685574e-10 -6.4391274509272674e-11 2.5918854210715159e-10 5.4604662642949812e-10 8.0216460489610393e-10 1.0526471329779980e-09 1.3920003749245585e-09 
-5.8732683668607146e-09 -2.2314214203775193e-09 -1.2954761935303737e-09 -7.4625225147884805e-10 -3.6416750598590607e-10 -5.6469963309396786e-11 2.2982319974980945e-10 5.0639715211260341e-10 7.7556319757555104e-10 1.1288497970471824e-09 
-6.2679386517586842e-09 -2.5522151941537201e-09 -1.5944964108697711e-09 -1.0247468946327183e-09 -6.2501285716463808e-10 -3.2099787668201622e-10 -5.8582529803985033e-11 2.1260213334027008e-10 5.0507969082213703e-10 8.7529465213958787e-10 
-6.5756228836879348e-09 -2.8304234818426962e-09 -1.8647160741762536e-09 -1.2877051839642827e-09 -8.7575649159035881e-10 -5.5752554017068181e-10 -3.0338727479656184e-10 -7.2948060489845239e-11 2.1309944036763787e-10 6.1979335407613680e-10 
-6.9508790872856401e-09 -3.1466008126983045e-09 -2.1656310454157225e-09 -1.5791624103319320e-09 -1.1582154146804054e-09 -8.2506452651677890e-10 -5.4834403944664905e-10 -3.2230845681622206e-10 -1.0991609007857065e-10 3.2077182971830571e-10 
-7.5873203573921780e-09 -3.6377625106973032e-09 -2.6193265388057032e-09 -2.0104458042338757e-09 -1.5732312080344834e-09 -1.2256352101260668e-09 -9.2812992424158928e-10 -6.5837070774663679e-10 -4.1744858570311639e-10 -1.0947112368810794e-10 
