-9.9667580064202875e-08 2.0262333975043542e-07 2.8103018614621383e-07 3.2772875126890703e-07 3.6115043992932811e-07 3.8768563488574160e-07 4.1041679176382747e-07 4.3134155941224589e-07 4.5257637565686396e-07 4.8165761769065518e-07 
-4.6031949819052838e-07 -1.8246999611803035e-08 9.6526844579862217e-08 1.6673284897790329e-07 2.1708469597195479e-07 2.5654659290977795e-07 2.9011775158228264e-07 3.2097970611443113e-07 3.5229541881834055e-07 3.9518212097131977e-07 
-6.6443743091244844e-07 -1.4539325555235716e-07 -1.4629178823709361e-08 6.6668843126730528e-08 1.2800789593283940e-07 1.7601432137455927e-07 2.1591211246664894e-07 2.5222208996740917e-07 2.8900272465125996e-07 3.3936759373205029e-07 
-8.1228529650036127e-07 -2.4146532965699142e-07 -9.8579536052677956e-08 -1.3562394849096395e-08 5.2362987786734779e-08 1.0688245687405698e-07 1.5215665696551859e-07 1.9242856484236367e-07 2.3281502256463186e-07 2.8803823964930332e-07 
-9.2379917391224084e-07 -3.1896808033070048e-07 -1.6518524402873408e-07 -7.6077728879296638e-08 -1.1013479936102225e-08 4.4707393937047020e-08 9.4099984488733203e-08 1.3819695126467483e-07 1.8132492379538509e-07 2.3975619227527202e-07 
-1.0097298815942084e-06 -3.8358439496521136e-07 -2.2266770455873044e-07 -1.2824199388073209e-07 -6.2551169168350610e-08 -9.6440000115895649e-09 3.9584734014752860e-08 8.7136030481165453e-08 1.3341019836618079e-07 1.9414985770231921e-07 
-1.0756938693362145e-06 -4.3796690840228337e-07 -2.7359451502174929e-07 -1.7580997682629224e-07 -1.0720688358194087e-07 -5.5030895880978376e-08 -9.9867430838086603e-09 3.6565778162613094e-08 8.6760853826590973e-08 1.5029462867225462e-07 
-1.1256214114050507e-06 -4.8446883908724812e-07 -3.1914634226369577e-07 -2.2036624035459915e-07 -1.4984477375442493e-07 -9.5369893816683739e-08 -5.1867091852846713e-08 -1.2407233343493381e-08 3.6580432163613704e-08 1.0618990314113078e-07 
-1.1837055446218033e-06 -5.3578319979278987e-07 -3.6871018926648294e-07 -2.6882631039297401e-07 -1.9713329252252824e-07 -1.4039459267741122e-07 -9.3272838672983372e-08 -5.4791483704513965e-08 -1.8592085669314674e-08 5.4796569426722741e-08 
-1.2637359469961133e-06 -6.0556069402414182e-07 -4.3584313277266949e-07 -3.3437602432175238e-07 -2.6151627444212924e-07 -2.0359113387833610e-07 -1.5401470294421806e-07 -1.0907596269330595e-07 -6.9028165274222871e-08 -1.7675515221621250e-08 
