-1.1074530576763462e-09 1.6177049560187959e-09 2.3253689152494967e-09 2.7467238687076571e-09 3.0481952371010369e-09 3.2875267070297675e-09 3.4925449267493244e-09 3.6812706291021221e-09 3.8727927297598891e-09 4.1350835406412972e-09 
-4.4557250889184429e-09 -1.7272216456911971e-10 9.3966777867281431e-10 1.6198828443250228e-09 2.1075190980223724e-09 2.4897521837970731e-09 2.8149915130735611e-09 3.1139989794703403e-09 3.4174041874858239e-09 3.8329160826063869e-09 
-6.3129951808532894e-09 -1.3722531826113852e-09 -1.2707398852574065e-10 6.4731615022719054e-10 1.2310341355007656e-09 1.6877023911683392e-09 2.0673836762435232e-09 2.4130104889928712e-09 2.7631349286864285e-09 3.2425728452301072e-09 
-7.5992483474792908e-09 -2.2543447711662376e-09 -9.1652655690254022e-10 -1.2005815610293375e-10 4.9758905999975452e-10 1.0079713775585151e-09 1.4317226288265550e-09 1.8087621115594782e-09 2.1869287627035214e-09 2.7040306742750883e-09 
-8.5727726961942863e-09 -2.9584910538930363e-09 -1.5311398416287123e-09 -7.0399799782027789e-10 -9.9796605482534148e-11 4.1753157532062848e-10 8.7590696856292607e-10 1.2851668005274991e-09 1.6855027846392751e-09 2.2278922559789030e-09 
-9.3599166052058337e-09 -3.5562161488640878e-09 -2.0647012822771224e-09 -1.1894619947966830e-09 -5.8048905280979775e-10 -9.0066823185903647e-11 3.6606987873045565e-10 8.0672260069741436e-10 1.2357267962168078e-09 1.7987679156961189e-09 
-1.0030990405965110e-08 -4.0858814025069913e-09 -2.5535410797776577e-09 -1.6419232962383226e-09 -1.0022563858201398e-09 -5.1571626428209187e-10 -9.6012778223176018e-11 3.3745557179956539e-10 8.0545852845355989e-10 1.3980682076207148e-09 
-1.0651906869563380e-08 -4.5872621125132260e-09 -3.0234801667916974e-09 -2.0891102645314852e-09 -1.4219755725569102e-09 -9.0645752301692995e-10 -4.9471142085179529e-10 -1.2207974076458492e-10 3.4018876390018487e-10 9.9947027659735168e-10 
-1.1544605177027461e-08 -5.2291373136783636e-09 -3.6006330536026093e-09 -2.6270379301199202e-09 -1.9282157864745710e-09 -1.3750779995689582e-09 -9.1534693726271983e-10 -5.3945522099627683e-10 -1.8813065276553326e-10 5.2549337497929252e-10 
-1.3423940106448320e-08 -6.4437027624104869e-09 -4.6437733291636304e-09 -3.5676699798696614e-09 -2.7949600672701962e-09 -2.1806344991217384e-09 -1.6547975470517595e-09 -1.1776101840969133e-09 -7.4930659932949362e-10 -2.0663333557279293e-10 
